mpid,formula,bulk_modulus
mp-85,In,33.15474842
mp-110,Mg,35.63610617
mp-20,Be,124
mp-8640,Hf,101.2427322
mp-674158,P,0.327165463
mp-979286,Xe,
mp-982872,Hg,
mp-673171,Br,21.04475945
mp-95,Sr,11.54394688
mp-972256,Xe,
mp-73,Ti,105
mp-1056627,Cr,
mp-1,Cs,1.712808041
mp-10018,Ac,
mp-1008681,Sc,
mp-51,Li,13.860513
mp-684673,S,
mp-684663,I,26.05957621
mp-979285,Xe,
mp-998890,Cu,145.8722955
mp-7755,Se,
mp-998881,K,
mp-23155,Ar,0.83506246
mp-134,Al,83.27702047
mp-20071,Eu,
mp-10630,Sb,58.23929262
mp-36,Sc,51.29593443
mp-639755,Rb,
mp-63,Pr,
mp-567337,Li,14
mp-1008669,U,104.9426948
mp-569289,Hg,8.500235513
mp-119,Se,
mp-1056579,Si,
mp-8639,Ru,309
mp-974920,Na,
mp-27,Si,82.80949877
mp-974400,Kr,
mp-8641,W,283
mp-974558,Na,7.845522321
mp-8636,Nb,166.5246384
mp-10765,Ho,
mp-611219,Hg,
mp-8638,Tc,
mp-612118,Kr,-0.972504181
mp-611517,Xe,
mp-998870,Br,
mp-639751,I,
mp-1017981,Hg,
mp-10740,Pa,
mp-1010136,Cu,
mp-6986,Ta,193.9625922
mp-8632,V,178.8899579
mp-975519,Rb,
mp-634659,H2,
mp-632250,H2,0.072811007
mp-21377,Sm,37
mp-11343,Th,
mp-8634,Mn,279.6879454
mp-6985,Ti,107.1116377
mp-998883,Ge,58.44279279
mp-10753,Er,
mp-614502,Gd,
mp-39,Tl,26.52768632
mp-753304,Hg,
mp-124,Ag,87.87140622
mp-8633,Cr,240.9080546
mp-8642,Re,363.4724352
mp-1022725,Sn,40.02820689
mp-23158,He,0.559453917
mp-605790,Ba,
mp-623532,Eu,
mp-1056037,V,
mp-601148,I,
mp-41,Zr,89.09561048
mp-614456,He,
mp-71,Yb,
mp-754417,H2,
mp-10683,Ca,
mp-34,Si,108.7648593
mp-8637,Mo,243.0828959
mp-9,Y,
mp-114,Pu,152.1236917
mp-108,U,132.9539745
mp-1056376,Zr,
mp-1055908,Mn,
mp-1055956,Mg,
mp-1055932,Sc,
mp-1008728,Ni,189.4459929
mp-1055985,B,
mp-91,W,303.9380138
mp-1056027,K,
mp-45,Ca,17.00516907
mp-50,Ta,193.7051504
mp-58,K,3.722272067
mp-126,Pt,243.7230673
mp-122,Ba,8.856822897
mp-1056079,Cu,
mp-568938,Pr,
mp-13,Fe,182.4592408
mp-1056366,Sc,
mp-129,Mo,262.3897529
mp-81,Au,135.9076702
mp-70,Rb,2.786078816
mp-998864,Br,
mp-74,Rh,253.4567195
mp-1056308,Sn,
mp-20483,Pb,37.32908902
mp-1010048,Br,
mp-62,Pa,
mp-76,Sr,12.06032896
mp-23,Ni,198.072549
mp-1056351,Mg,
mp-1055940,Cs,
mp-1056702,Mg,
mp-998866,C,330.913436
mp-2,Pd,160.4714335
mp-101,Ir,346.3227613
mp-37,Th,
mp-1056699,U,
mp-1056418,Sr,
mp-90,Cr,259.2768408
mp-150,Fe,172.9767443
mp-75,Nb,174.4720381
mp-7162,Sn,43.5593183
mp-8643,Os,408
mp-1056857,N2,
mp-1056831,O2,
mp-998860,Al,69.30077157
mp-908025,Fe,
mp-906002,Fe,
mp-1056311,Pr,
mp-1056486,Ni,
mp-12093,Ge,65
mp-1014212,Si,93.78578319
mp-30,Cu,139.3754479
mp-7133,Tl,
mp-8635,Zr,90.12674026
mp-10751,Dy,
mp-1056059,O2,
mp-7163,Tb,
mp-4,Nd,33.15240577
mp-10024,Ce,
mp-135,Li,14.01287697
mp-162,Yb,15.39769707
mp-10157,K,3.792238339
mp-10190,Lu,
mp-102,Co,211.5750637
mp-10207,Np,
mp-107,Pu,
mp-140,Ga,49.36633662
mp-121,Hg,
mp-28,Ce,38.71807098
mp-10660,Tm,
mp-10631,Sb,
mp-10661,Tm,
mp-10679,Ba,
mp-10869,S,
mp-10752,Er,42
mp-7761,Sb,65.46144403
mp-151,Tl,
mp-111,Ne,2
mp-1056804,Cs,
mp-133,Sb,
mp-156,La,23
mp-11421,Gd,
mp-159,Nd,
mp-11446,Tb,
mp-7236,Ho,
mp-998861,Br,
mp-100,Hf,
mp-22692,Pb,37.94287465
mp-568714,Bi,
mp-127,Na,7.512214998
mp-10023,La,
mp-1093989,Na,
mp-146,V,179.4609069
mp-55,Sn,48
mp-568610,Bi,53.4096018
mp-623511,Sn,
mp-1055994,In,
mp-1056004,Mo,
mp-754382,He,
mp-1096950,Fe,
mp-1096977,H2,
mp-1056438,Pd,
mp-702,CeHg,
mp-851,ErPd,
mp-7830,UO,
mp-11554,ZrPt,165.7885134
mp-973111,In,
mp-1057238,YN,
mp-985281,CsIr,
mp-985,TmCu,
mp-10,As,
mvc-15815,CrN,
mp-567116,YbRu,
mp-20023,PrIn,
mp-984695,PmY,
mp-1060435,TiH,
mp-10143,TiB,101.4990194
mp-1009731,ReC,
mp-971648,GaP,
mp-1169,ScCu,81.15639036
mp-1172,MgRh,114.636513
mp-1057818,O2,
mp-971631,GaP,75
mp-2314,LiPb,
mp-911057,USe,
mp-7526,SnP,
mp-983459,HfZr,
mp-1059256,Pr,
mp-2176,ZnTe,45.98204366
mp-684597,InSb,
mp-749,SmN,
mp-975204,Rb,
mp-139,Sr,11.47397636
mp-639736,Rb,
mp-1059200,MgSe,
mp-985290,BaCe,
mp-6958,TlSb,
mp-982779,NbTe,107
mp-1002117,TcN,372
mp-957,HgSe,
mp-982596,TbSc,
mp-975272,Hg,8.279330029
mp-1009876,TcC,
mp-975129,Rb,
mp-8455,CsF,-2
mp-2468,ErHg,
mp-1000,BaTe,-1.505637144
mp-6907,SrSi,
mp-7760,AlSn,47
mp-8097,SiP,53.42368974
mp-807,NpTe,
mp-806,PuO,
mp-80,Sb,
mp-972981,K,
mp-7870,GdO,
mp-672698,GeTe,
mp-940,GdN,
mp-8373,GeP,
mp-973534,FeRe,321.5822737
mp-836,TbZn,
mp-834,ThN,178.4258176
mp-832,HoPd,
mp-1009220,NaH,
mp-829,AlPd,156.4233881
mp-1039154,MgBi,
mp-1002109,VCo,
mp-8222,AgO,
mp-1009837,TcC,
mp-973245,KLu,
mp-973229,ScNb,
mp-814,DySe,
mp-603251,PdO,
mp-7591,GeAs,62
mp-7590,GeP,
mp-7592,AgF,62.13445163
mp-998896,YC,
mp-934,LiTl,31.4382281
mp-931,ThP,
mp-930,ZrP,134.3874691
mp-926,PuP,
mp-981458,YbTa,
mp-8629,Si,
mp-92,Si,107.5687207
mp-919,HoTe,
mp-570895,CuAu,
mp-850100,MnS,
mp-734,LaHg,
mp-10015,SiOs,295.077545
mp-902,BaZn,20.69660631
mp-1039157,MgCd,
mp-899,InRh,151.3651399
mp-715434,NiO,183.5426769
mp-7245,P,
mp-892,ScPt,135.9790257
mp-1096826,As,
mp-89,Cr,
mp-632286,Sb,
mp-2773,BeCo,195.1101436
mp-1058377,RuN,
mp-995205,VMo,
mp-875,AlOs,236
mp-1057545,CeCd,
mp-721,TbCd,
mp-1001844,HoN,
mp-974062,KTm,
mp-1056924,Tm,
mp-7171,TmP,
mp-7142,OsC,383.8925701
mp-7131,PrTe,
mp-979011,TmZr,
mp-710,SmP,
mp-978918,TbZr,
mvc-11235,BiN,
mp-708,LaAs,65.11078295
mp-978679,SmI,
mp-1009495,OsN,
mp-645,TbP,
mp-68,Sm,
mp-978009,HgOs,
mp-639774,Sr,
mp-1009826,TaCo,
mp-976031,NaAc,
mp-639675,EuCu,
mp-995181,SnGe,4.707726224
mp-78,Ge,62.20796496
mp-9935,GeSb,36
mp-9924,Te,
mp-1009748,ScC,
mp-990448,C,99.8171106
mp-33088,ZrO,
mp-977206,NaTm,
mp-867,ErCd,
mp-989782,Cu,
mp-635426,GdAu,
mp-770,DyCd,
mp-23156,He,
mp-23157,Bi,41.35692781
mp-19966,GdTl,63
mp-1009130,MnN,
mp-21462,Eu,12.874752
mp-23197,TlI,
mp-21468,PuIn,
mp-503,ThS,116
mp-998901,ThC,
mp-342,SmTe,
mp-23231,AgBr,39.56332551
mp-23234,TmBi,55
mp-23241,YBi,
mp-23245,ErBi,
mp-23259,LiBr,21.0627522
mp-23268,NaI,15.75516371
mp-23295,RbCl,15
mp-23299,RbCl,
mp-23300,NdBi,
mp-23302,RbI,31
mp-23303,RbBr,
mp-343,PrN,132.9986506
mp-3,Cs,1.680164851
mp-345,HfB,174.7812471
mp-20132,InHg,
mp-684664,GaSb,
mp-30083,TlBi,
mp-20263,CaIn,
mp-20298,SmIn,
mp-20300,EuP,
mp-11500,MnNi,149.3352319
mp-1008653,AgC,
mp-23722,HCl,
mp-20340,EuN,
mp-1009652,RhC,
mp-20379,DyTh,
mp-1002229,ErN,
mp-23903,HBr,
mp-1008922,CuN,205.084753
mp-571,TiNi,160.0834129
mp-30373,RbAu,
mp-991395,CeBi,
mp-30867,ScRu,144.1976843
mp-20582,LaIn,-3.502546341
mp-24287,CrH,
mp-30468,ThBi,
mp-364,AlRh,195.9160576
mp-30496,SrCd,
mp-11552,TiPt,182.3044799
mp-20745,Pb,40.38488783
mp-1009836,ZrN,
mp-1009207,MnSb,
mp-20812,InN,255
mp-22895,CuI,36
mp-22862,NaCl,22.59049014
mp-20848,TmIn,
mp-998908,TiN,
mp-10728,PdO,
mp-1009496,OsN,
mp-1058644,PuTe,
mp-19079,CoO,236.1509327
mp-6933,MnN,
mp-2065,MnS,55.92382439
mp-569228,WN,354
mp-18905,FeO,180.3351626
mp-19006,MnO,
mp-567089,YbRh,
mp-414,LuSe,
mp-542569,AlRu,202.2108077
mp-542584,EuTl,
mp-571386,CuCl,
mp-571405,NdTl,
mp-30728,HoIn,
mp-1002122,HfIr,202
mp-1010161,DyAs,
mp-1009848,TcC,
mp-1001826,VN,
mp-1009538,PdC,178
mp-542779,GdAg,
mp-545619,HgO,
mp-567332,Ce,
mp-1009459,NbC,
mp-567362,BiTe,
mp-567465,TlC,
mp-24722,HRh,
mp-1002183,TcB,
mp-975591,NdHf,
mp-975530,RbAl,
mp-1001834,HfN,
mp-684609,HCl,
mp-627,NpSe,
mp-10048,GaAs,63.03536377
mp-1060098,SmS,
mp-988940,AlAs,
mp-988939,AlAs,
mp-615,YMg,41.07712603
mp-2493,CeN,146.4132856
mp-12067,MnAl,
mp-987,ZnCu,114.40115
mp-986,CeZn,
mp-634105,HBr,10
mp-1061079,PuAs,
mp-1865,UN,218
mp-24719,NiH,199
mp-1009488,NiN,259.1980576
mp-985588,FeCl,
mp-985578,AlFe,
mp-1006883,CoNi,
mp-601,PrP,
mp-11495,LuRu,
mp-10110,SiRh,
mp-10197,ZrO,
mp-1009831,TaN,
mp-1009483,NiN,
mp-572,SmCd,
mp-604325,K,
mp-515,TmTl,
mp-506,MgPd,
mp-387,CeSb,
mp-592,TiRu,212.0255648
mp-1094571,MgSb,
mp-1009596,PdN,
mp-381,SiRu,248.0924574
mp-379,AgSe,
mp-527,BaCd,
mp-1009835,TaC,
mp-377,LuRh,
mp-579,CrC,
mp-570,NdTe,
mp-632329,C,
mp-2822,TmSe,
mp-2823,NdP,
mp-519,USb,
mp-632172,H2,
mp-1059972,MnRh,
mp-987206,Co,
mp-990558,EuTe,
mp-1009224,MnSb,
mp-1009019,FeN,
mp-557513,CoO,
mp-611836,O2,
mp-607540,O2,
mp-600561,LiRh,108.0949683
mp-984762,CsY,
mp-850034,MnS,
mp-984827,BaNd,
mp-912986,UTe,
mp-23152,Bi,29.49589627
mp-1039365,CeMg,
mp-1061133,Ru,
mp-972845,SiMo,198.9514345
mp-569358,Bi,
mp-1061395,Na2O2,
mp-567597,Bi,46.5605191
mp-1002184,TcB,
mp-549,ScSb,64.72998178
mp-1009833,TaN,243.4729976
mp-567903,ZnNi,
mp-1061298,N2,
mp-1001916,HfN,196.5970262
mp-568059,LuBi,
mp-568145,Ar,
mp-1017519,IrC,
mp-1060967,AgBr,
mp-603640,GaAs,67.24769275
mp-1009078,CoN,304.700121
mp-1009822,SnC,
mp-11503,MnZn,115.2828201
mp-1009832,TaC,225.0420146
mp-569639,TlCl,20
mp-567365,Kr,
mp-1002221,ErH,
mp-573697,CsCl,11.78040856
mp-1076906,GdRh,
mp-1060502,AgCl,
mp-574283,GdTe,72.62554682
mp-1486,ZnNi,95
mp-568560,TlBr,18.26463614
mp-1001785,MoP,
mp-13117,CuN,
mp-13132,LaN,
mp-10257,Ni,197.0764491
mp-11364,TiCu,
mp-1008929,FeN,195.194189
mp-1009221,,
mp-1002124,HfC,163.4391304
mp-1001843,HoP,
mp-1002224,ErP,
mp-1009696,RhC,
mp-11276,BeRh,206.5838197
mp-11540,PtO,
mp-1059707,CaNi,
mp-568844,BiSe,
mp-1057320,NiHg,
mp-972742,SmBr,
mp-972692,SnPb,43
mp-972664,SmTh,
mp-1039147,CaZn,
mp-755264,TiO,236.7469369
mp-937760,C,118.8240486
mp-997616,BaC,37.82378498
mp-1039305,MgBi,
mp-972495,USn,
mp-974421,IrRu,
mp-1056933,Sn,
mp-976292,NaCu,
mp-972352,YbMg,27
mp-973948,LiHf,
mp-1039124,MgCd,
mp-1059720,ZrOs,
mp-973891,LaV,
mp-971933,YZr,
mp-973796,PmHo,
mp-971875,UGa,
mp-1057568,TaN,
mp-973740,MgAs,
mp-1009237,NdN,
mp-1058798,LiBe,
mp-990429,GaAs,
mp-1094849,MgGa,
mp-639747,Ba,
mp-1009005,IrN,
mp-866291,AgBr,28
mp-11,As,40.23288513
mp-634965,NbO,
mp-634101,HCl,
mp-632319,CsH,
mp-990090,AlNi,
mp-632291,H2,
mp-632219,ZrH,112.8934552
mp-1001789,IrC,
mp-1059612,LiN,
mp-1009016,LuAs,
mp-1038814,MgCd,
mp-656,LuS,
mp-570276,ZrZn,107.4997383
mp-1002210,EuS,
mp-570354,CuBr,
mp-1001828,WN,279.8679265
mp-1002114,VH,
mp-32641,LiS,
mp-570510,Xe,0.561589677
mp-1009694,ReN,331
mp-542,SrHg,81
mp-570632,ScBi,57.56668693
mp-570752,H2,
mp-522,CuAu,135
mp-991049,LaCd,
mp-556853,MnS,
mp-1058159,NaS,
mp-999473,ZnN,164.2101395
mp-571102,TlI,11.81756926
mp-510374,GdAs,
mp-8023,AlO,134.4087411
mp-510401,GdP,
mp-510403,GdSb,41
mp-510404,GdSe,90.26212424
mp-1580,NbN,305
mp-571222,CsBr,6.476138456
mp-571233,TmTe,
mp-1008558,AuN,139
mp-571261,Pu,
mp-11483,TmIr,
mp-10021,Ga,49
mp-1021666,AlSi,
mp-10051,TeAs,
mp-1794,BeO,
mp-1021511,CdS,
mp-1009878,ZrC,
mp-1021674,NiCl,
mp-2636,GdMg,
mp-2685,HgPd,115
mp-13116,NiN,
mp-2819,InTe,
mp-1008635,WC,
mp-1023128,CuS,104.8274063
mp-991061,NdCd,
mp-21143,CeP,84
mp-2159,DyTe,
mp-2175,TlF,
mp-1040425,C,
mp-973060,MgCr,
mp-1097832,C,
mp-1006887,CdC,
mp-1066,YbN,
mp-2260,FePt,201
mp-1009545,PaN,
mp-2469,CdS,52.92445029
mp-2470,DyS,
mp-1002222,TlN,
mp-11240,DyAu,
mp-10903,AlPt,186
mp-1002164,GeC,
mp-1033,BeNi,181.5065804
mp-571199,TiAl,
mp-1064119,KN,
mp-12778,VOs,283.7846054
mp-578625,MnO,
mp-850274,H2,8
mp-10654,Te,
mp-1057181,CdN,
mp-1009582,NiC,
mp-614603,CsI,7
mp-614444,ZrZn,88.95249937
mp-614455,GdCu,
mp-1018140,MgNi,
mp-758433,AgHg,
mp-754545,NdO,
mp-1061166,ScC,132
mp-11473,TlHg,-71
mp-1057416,ScC,
mp-11564,TmRh,
mp-1009133,MnCo,
mp-985577,AlFe,
mp-1008630,WC,
mp-1038961,CaMg,
mp-1014219,HfZn,
mp-1014230,TiZn,
mp-1094726,MgTi,
mp-1038915,CaZn,
mp-20438,PuTe,
mp-1008489,CdN,
mp-573313,GdSe,
mp-1059094,GaAs,
mp-1011031,PrBi,
mp-149,Si,83.01128367
mp-1058586,SrN,
mp-10709,ReC,
mp-1006886,CeS,14
mp-1002187,TcB,
mp-11478,GaAg,
mp-1002226,ErAs,
mp-999485,ZnN,132.4611379
mp-1001917,HoAs,
mp-1002223,DyP,
mp-11573,TiTc,206.5352669
mp-990493,PuBi,
mp-1094990,HfMg,
mp-1058696,TiFe,
mp-2564,SrMg,19.07086732
mp-1009218,MoC,
mp-1009540,OsC,
mp-600,YbAs,41
mp-11279,TiBe,125.8965768
mp-1009018,InAg,
mp-1066029,RbBi,
mp-644311,CuPt,197.0020114
mp-1008610,AuN,172.4725433
mp-1009663,ReC,
mp-865430,YTe,
mp-1002106,HfPd,
mp-22320,GaRu,200.9686451
mp-866199,AcAg,
mp-866286,AcMg,
mp-867290,TbTe,
mp-1061028,SrS,
mp-867841,GaTc,
mp-1059925,CdSe,
mp-1058027,PuSb,
mp-1057889,Dy,
mp-1001009,MnSe,
mp-1059189,Y,
mp-1519,CaTe,35.98909077
mp-998894,YC,
mp-23167,TlCl,
mp-1161,LaSe,
mp-16731,YP,
mp-1056957,C,
mp-1986,ZnO,126.9824752
mp-1056985,TiPd,
mp-1001827,IrC,
mp-1057125,KS,
mp-1057015,PbS,
mp-1009551,PbS,
mp-1009817,TaC,
mp-1009648,PtC,
mp-8062,SiC,211.3800171
mp-1057216,LiS,
mp-685145,BN,
mp-2818,YbAu,
mp-1057286,CsH,
mp-1008998,LaS,
mp-213,CaPd,57.57530792
mp-1057273,Pb,
mp-1009223,NaAs,42.79935669
mp-16732,YAs,
mp-1894,WC,385.1942482
mp-1007778,TlN,
mp-2399,YHg,65.05460326
mp-1002227,RbSb,6
mp-639445,CeBi,
mp-291,TiOs,248.4709146
mp-19736,EuTe,
mp-1001836,MnGa,
mp-141,Yb,
mp-1008752,CeTe,
mp-1104,LaMg,34.64475697
mp-11452,HfOs,229.2309304
mp-1330,AlN,254.6834065
mp-1948,LaAg,
mp-1102,LuN,179.4694831
mp-2017,LuAs,
mp-998899,YN,142.1716408
mp-1009650,RbSb,20
mp-117,Sn,38.48975875
mp-22851,NaCl,
mp-994,YP,
mp-1009129,MgO,139
mp-1057758,BaN,
mp-21263,PuSb,
mp-1057787,KP,
mp-2696,MgAg,65
mp-20457,InP,
mp-1009746,ScP,42
mp-219,MoP,219.4598366
mp-22879,PuBi,
mp-1415,CaSe,
mp-183,CeCd,
mp-1009017,HoSb,
mp-2756,CeAg,33
mp-1009583,PrAs,
mp-1009131,MnAs,
mp-22873,SmBi,
mp-2566,PuSb,
mp-1057315,Eu,
mp-1708,YTe,60.10865173
mp-451,ZrB,158.2507579
mp-22704,YIn,
mp-12594,TiIr,
mp-1018028,TiS,140.5711135
mp-2642,CdAg,
mp-1001913,HoBi,
mp-997618,BSb,99.45536559
mp-284,AlCo,179
mp-2283,ZrCo,130.6366816
mp-1058331,CsSe,
mp-113,Tc,300
mp-13496,ZrPd,143.0388649
mp-1009639,PrN,
mp-948,ZnTe,55.41895518
mp-635471,CeBi,
mp-1008999,LaSe,
mp-1002197,RuN,
mp-22866,HoBi,
mp-1479,BP,160.5181142
mp-24084,KH,13.75377017
mp-1009820,SnC,120.9663103
mp-744,HoP,
mp-1009134,MnFe,
mp-1008832,HfC,
mp-2615,LaZn,
mp-1008965,CdN,
mp-973835,PdN,
mp-54,Co,212.0755827
mp-1315,MgS,74.43856308
mp-1785,PrSb,
mp-1008924,DySb,
mp-1058581,Ba,
mp-1058315,KP,
mp-10622,PrAs,
mp-2014,DyP,
mp-1009646,ReN,373.6801983
mp-99,Er,44
mp-1056955,AgN,
mp-1058623,O2,
mp-1556,PuTe,
mp-23251,KBr,21.63692827
mp-20305,InAs,49.15915092
mp-1008650,CeSe,
mp-2637,YSe,
mp-2525,PrAg,
mp-2117,TbN,
mp-24721,RbH,17
mp-23193,KCl,15.82582833
mp-1156,GaSb,44.65379386
mp-1971,HoCu,
mp-23870,NaH,22.26143324
mp-2795,ZrC,221.2519635
mp-1058887,TlC,
mp-1009769,RuN,
mp-10760,MgSe,58.82342568
mp-1009814,SmAs,
mp-2857,ScN,199.8819802
mp-991439,ZrCu,
mp-1007770,TlAs,38.51510244
mp-1056860,NaB,
mp-1058944,KSi,
mp-30746,YIr,128.4979809
mp-1738,SmAs,
mp-2828,HfN,266.0075929
mp-2627,DyAs,
mp-1008928,EuSe,
mp-1058689,KN,
mp-1009649,PrN,
mp-1525,CeTe,
mp-1009015,IrN,
mp-1009135,MnP,
mp-1672,CaS,57.06500427
mp-1009813,SiSn,58.70163718
mp-1009732,RhN,
mp-1008786,MgTe,
mp-1058853,PrAg,
mp-1586,NdSb,
mp-991,WN,375
mp-1001837,MoP,
mp-516,LuSb,
mp-155,Gd,
mp-1008223,CaSe,
mp-1059264,KGe,
mp-1009838,ZrN,
mp-1018042,UBi,
mp-1018027,VN,
mp-883,HoN,
mp-712,YCu,70.24211369
mp-88,Dy,
mp-1018145,MnSn,
mp-1001833,InBi,30.74247314
mp-1086,TaC,323.9362332
mp-6988,FeN,266.9981173
mp-1059357,NaSe,
mp-22906,CsBr,
mp-998900,TcN,
mp-1059289,Cr,
mp-1009885,ZrN,
mp-1009839,TbAl,
mp-237,TmTe,
mp-112,Y,41.34643039
mp-1059462,MoN,
mp-13034,MoN,
mp-1008931,ErSb,
mp-2052,ScAs,
mp-295,HoAs,
mp-2474,YAg,
mp-1059259,Cu,
mp-1550,AlP,85
mp-21009,EuSe,
mp-1059552,SmBi,
mp-2746,MoC,334.9131838
mp-2090,FeCo,189.1796979
mp-94,Cd,41.91136852
mp-20943,TePb,40.43605217
mp-11261,YAu,86.38813911
mp-20736,Ce,
mp-21039,PbS,
mp-11541,ZrOs,208.8296008
mp-1059621,KSe,
mp-13035,MoN,
mp-1059765,CoBr,
mp-1057084,NCl,
mp-1009079,CrTe,
mp-2143,USe,
mp-972,MnSe,
mp-1006882,CdC,
mp-1006880,BiB,72.37281381
mp-1059528,Pr,
mp-1058490,EuIn,
mp-144,Ho,
mp-1018160,PmN,
mp-1009767,AgN,
mp-1459,TaN,337.6588581
mp-1265,MgO,151
mp-143,Tm,
mp-104,Sb,35.55242727
mp-1002188,TcB,
mp-1058019,BrN,
mp-1008986,IrN,
mp-1009008,LaTe,
mp-1059907,KB,
mp-1009491,RbTe,
mp-1008926,CrTe,
mp-1002209,ReN,
mp-1009757,Se,
mp-1018164,PtC,
mp-13136,WC,365.3924732
mp-1001925,LaC,
mp-715442,CoO,
mp-1121,GaCo,175.826844
mp-2205,LuPd,
mp-1018142,NbN,226.8335432
mp-1009747,ScSn,
mp-79,Zn,66.66661515
mp-1008921,CdN,
mp-1009222,MnTe,
mp-19275,CoO,
mp-87,Be,121.7629389
mp-2548,PuAs,
mp-1056920,CsI,
mp-1009007,LuSb,
mp-569593,PmMg,
mp-1009735,ReC,411.2882916
mp-1002230,PuBi,
mp-1008634,Au,135
mp-1058119,KS,
mp-1009894,ZrC,
mp-23285,CeBi,
mp-1009752,ScSi,
mp-252,BeTe,55.06178058
mp-1007776,TlP,
mp-1912,ZnAg,
mp-1060143,SrU,
mp-1001605,PrBi,
mp-1018155,MnSn,
mp-2534,GaAs,60.73704813
mp-305,TiFe,193.9429073
mp-46,Ti,112.976929
mp-1059160,BrN,
mp-1009490,O2,2.634822328
mp-422,BeS,
mp-1018157,CrN,204.9732148
mp-1009734,RhN,
mp-1002181,TcN,
mp-1164,ThC,139.0118912
mp-2807,ScP,97.57368203
mp-776,LaCd,
mp-20587,EuS,
mp-2605,CaO,105
mp-1009458,NbC,
mp-1534,YS,
mp-10044,BAs,128
mp-1057750,RbS,
mp-10695,ZnS,68.25306527
mp-830,GaN,176.710075
mp-2490,GaP,76.18684987
mp-23703,LiH,36.06326049
mp-66,C,435.6869406
mp-82,Tl,26.38055246
mp-820,HgSe,41.17368772
mp-21276,PbS,51.95698388
mp-1009766,AgN,
mp-915,YCd,56.89268423
mp-997617,BOs,
mp-933,YAs,75.48744325
mp-13036,MoN,
mp-2599,NdN,
mp-1018165,PtC,
mp-1008661,AuC,
mp-1002182,TcN,
mp-1018029,CuPd,
mp-1018050,CrC,341.7788932
mp-1060680,RbGe,
mp-12981,ScN,
mp-2350,LaS,79.6198953
mp-1060567,Ir,
mp-1700,AlN,194.667214
mp-1009819,SrO,
mp-2596,NpN,
mp-1002220,TmSb,
mp-16730,MoN,325.6575985
mp-1031,GdCd,
mp-1009750,ScN,140.8332909
mp-215,YSb,46
mp-998897,YSb,
mp-1008918,CdN,
mp-1002105,VN,
mp-2602,NdAs,
mp-11546,TiPd,
mp-10020,ScC,
mp-2210,ZrCu,117.1081175
mp-938,GeTe,30.99884636
mp-1058499,RbP,
mp-631,TiC,252.6446718
mp-682,NaF,48
mp-20012,InSb,35.39321186
mp-2269,UTe,
mp-20411,InN,
mp-1057486,CsS,
mp-20351,InP,59.46441797
mp-910,NbC,300.1480449
mp-1060982,CsB,
mp-1018132,AlBi,
mp-1500,BaS,41.39019081
mp-1008912,AgC,131
mp-448,CoN,250.7584864
mp-1061023,RbB,
mp-1541,BeSe,
mp-1009489,RbTe,
mp-1008987,IrN,
mp-646,PrCd,
mp-1057437,RbS,
mp-20773,PuAs,
mp-1009792,RuC,
mp-1058549,CaN,
mp-1009494,NpN,
mp-1057979,IN,
mp-1002219,TlSb,
mp-348,TmPd,
mp-33,Ru,308
mp-2201,PbSe,47.13611899
mp-1061123,TiAl,
mp-2114,YN,159.5458322
mp-1060884,UCd,
mp-1560,LaTe,
mp-1352,ZrN,247
mp-567580,PaC,172.0105322
mp-251,TaN,326.8517025
mp-406,CdTe,35.30863799
mp-23171,PrBi,
mp-1009217,MnSb,
mp-1009213,MnSb,
mp-1639,BN,
mp-1061054,Ge,
mp-1009770,RuN,
mp-103,Hf,107.9725319
mp-1009753,ScGe,
mp-542583,EuTe,33.34198245
mp-991673,EuSe,
mp-21075,HfC,236.170534
mp-2472,SrO,87.42517203
mp-19717,TePb,40.04674754
mp-1623,ErS,
mp-32,Ge,58.97784213
mp-1058151,NCl,
mp-2691,CdSe,44.83677183
mp-644481,ScO,174.444704
mp-13099,YN,
mp-1008733,Ge,49
mp-2229,ZnO,172
mp-13098,YN,
mp-998893,YC,
mp-2167,DyAg,
mp-1018126,GaBi,
mp-1009751,ScC,
mp-1213,NdSb,58
mp-2634,NbN,313
mp-580236,EuCd,
mp-49,Os,401.3286424
mp-925,VN,318.8910588
mp-1009720,RhN,
mp-1008283,Ba,
mp-1009533,PdC,
mp-19830,ErN,171
mp-1009601,PdN,
mp-1061272,NbCo,
mp-23289,KCl,
mp-1009548,PdN,
mp-1009230,NdAs,
mp-610917,O2,2.234975544
mp-1061530,RbSe,
mp-18,Tb,
mp-1058171,NaS,
mp-1060432,MnSb,
mp-2172,AlAs,69.78136721
mp-1056900,IN,
mp-999484,YTi,
mp-67,Sc,52.22816742
mp-1059,NdCd,
mp-136,Fe,294.0723965
mp-570891,KBr,
mp-1190,ZnSe,58.26160402
mp-823,TiCo,163.1720258
mp-2624,AlSb,49.20318081
mp-8,Re,365.0865044
mp-1039019,MgAl,
mp-614481,GdBi,
mp-1009128,MnN,
mp-906168,CeTe,
mp-1039141,MgAl,
mp-999469,ZnN,163.9888481
mp-715461,CoO,
mp-1057000,ReC,246
mp-1001918,HfC,
mp-568705,YbIr,109
mp-1039106,SnBi,
mp-10908,AlRe,220.3999646
mp-1065,LaSb,
mp-22746,CoSi,196
mp-20494,LaAs,
mp-1057868,PuBi,44
mp-2179,TiRe,
mp-990911,PuAs,
mp-906175,CeSe,
mp-1057115,CeN,
mp-1059813,Tb,
mp-990561,EuS,
mp-2765,PuB,
mp-1060247,PuBi,
mp-1038715,CeMg,
mp-1064814,KC,
mp-991544,VRu,
mp-11563,TiRh,214
mp-1009709,ReC,
mp-1022721,AlCu,
mp-1038829,MgCd,
mp-1056996,VN,225
mvc-13931,CoN,
mp-1006884,CoMo,
mp-1076900,CeS,
mp-1001839,VN,
mp-1057086,GaN,
mp-1002217,RuN,
mp-1097924,MgSb,
mp-10871,AlAu,
mp-850037,MnS,
mp-13161,ZnO,157.017387
mp-12674,MnAu,116.1182785
mp-1038934,MgAl,
mp-561809,CoO,
mp-1058198,YIn,
mp-1010071,CrCo,210
mp-24864,CoO,129.3604164
mp-10013,SnS,37.90819141
mp-1610,TbS,
mp-1611,SmO,
mp-11566,ScZn,75.19043063
mp-10030,RuC,337.7273494
mp-2303,DyZn,
mp-11568,SmTl,
mp-1009685,RhC,
mp-11575,YTl,
mp-10054,ZrAs,116.1931786
mp-11576,YbTl,
mp-11577,YbZn,24
mp-2305,MoC,349.8481405
mp-2475,SmAg,
mp-11388,GaIr,216.8269147
mp-1007,DySb,
mp-2778,HoAg,
mp-1820,YbS,63
mp-10108,NpP,
mp-10109,NpS,7960
mp-11555,PuRu,
mp-1625,SnSb,
mp-2154,CeP,
mp-2781,ScPd,114.01813
mp-10148,InSb,44.77086592
mp-10149,InSb,49.87006852
mp-1058588,PrSb,
mp-10172,Na,8.735677436
mp-10173,Li,13.83238078
mp-10177,LaSb,-488
mp-2027,HfCo,152.863738
mp-11718,RbF,23.596016
mp-2491,ErSe,
mp-1830,NpTe,
mp-1174,MgSc,48.41873622
mp-10192,LuP,
mp-2313,MgIn,39.75709464
mp-2497,GdZn,
mp-2495,PrS,
mp-1176,TbTe,
mp-11496,LuZn,
mp-1335,VFe,196.1301119
mp-11259,TiAu,137.2811928
mp-11460,HfTc,191.9431004
mp-11807,LiPt,114.7071745
mp-1635,TbMg,
mp-2316,TmZn,
mp-11258,TbAu,
mp-16364,SnTe,25.88910258
mp-2502,TmCd,
mp-16365,SnSb,
mp-11832,Cs,
mp-2163,HoRh,
mp-1837,TbCu,
mp-279,LiIr,143.8748005
mp-11841,CeAg,
mp-11843,DyAl,
mp-2165,SmZn,
mp-11254,NdAu,
mp-6938,ZnRh,173.4808377
mp-232,DyRh,115
mp-1644,PrSb,59.15561487
mp-2713,ErIr,
mp-1057139,Mn,
mp-1395,VRu,252.4637952
mp-217,ErTl,
mp-2516,YZn,59.8049609
mp-11245,HoAu,
mp-2520,TmSb,
mp-2522,LuHg,
mp-1199,HoMg,
mp-2796,TmAg,
mp-2532,PrTe,
mp-2323,BeCu,142.2296038
mp-2540,VTc,253.9462324
mp-1406,MnTe,
mp-1408,MgHg,46
mp-10688,CeO,
mp-1058527,CeS,
mp-2546,NpC,
mp-2545,YbHg,
mp-1410,DyN,
mp-10646,ThSe,
mp-1857,YbCd,
mp-2547,YbPd,
mp-10634,CuF,
mp-10632,TlS,
mp-2182,SnAs,
mp-1660,ErZn,
mp-569765,InBi,
mp-2183,ThSe,98
mp-12103,N2,0.649501425
mp-1211,ScCd,67.04158083
mp-2050,HoSb,
mp-16728,ScP,
mp-2556,TlSn,
mp-1216,YbO,128.1030647
mp-2334,DyCu,
mp-2186,NpAs,
mp-2558,SmMg,
mp-1053,NdZn,
mp-2559,SeS,
mp-1055,CdSe,58.89142996
mp-2054,TbHg,
mp-1674,PrSe,
mp-280,PuC,
mp-316,MnV,242.7561447
mp-10597,Ag,87.54076795
mp-991438,TiCu,
mp-10617,Sr,
mp-2191,ErSb,
mp-1062,CeMg,67.39777927
mp-10628,TaS,
mp-10627,SrS,
mp-11521,ScNi,110.4856404
mp-1236,NdAg,
mp-257,DyIn,
mp-1056994,YC,
mp-10637,ThSb,
mp-2195,LuMg,
mp-10647,TlSe,
mp-10649,Si,85.4851026
mp-10652,SmTe,60
mp-10653,SrTe,
mp-1240,HoS,
mp-2197,BaHg,
mp-1447,SmSe,
mp-2064,RbF,
mp-1058424,MnFe,
mp-1684,ZnAu,
mp-1876,SnS,
mp-1453,NdSe,
mp-10680,BaSe,38
mp-10684,CaTe,44
mp-1009539,OsC,
mp-2802,HfRu,196.5934816
mp-1688,ErAs,79.44403473
mp-11237,ScAg,82.13750116
mp-1073,CaCd,30.51528555
mp-1883,SnTe,39.54834271
mp-12586,SmCu,
mp-1885,AlIr,229.3084987
mp-1253,BaSe,36
mp-1254,LuTe,
mp-10759,GeSe,58.19171299
mp-10764,HgS,
mp-2597,InTe,
mp-12581,CdTe,
mp-2600,BaTe,
mp-12599,PrTl,
mp-2212,ScCo,120.9964395
mp-1261,EuZn,
mp-1476,ScS,101
mp-1895,TaO,
mp-2621,ErAg,
mp-1481,SnTe,
mp-11221,SmAl,
mp-12675,MnAu,116.3046903
mp-10879,CeAl,
mp-170,HoCd,
mp-1487,AlNi,161.5785726
mp-10902,PrAl,
mp-11274,BePd,
mp-2217,LuCd,
mp-2226,DyPd,
mp-1703,YbZn,
mp-1092,HoHg,
mp-510402,GdS,
mp-12753,GdAl,
mp-2077,DyMg,
mp-1093,ThGe,
mp-2640,TbAs,76.83666607
mp-1000774,PuAs,
mp-12771,Se,
mp-191,YRh,108.7331037
mp-2808,ZrRh,164.4662615
mp-11572,TaTc,254.6413703
mp-2658,AlFe,174.5909608
mp-1505,TmMg,
mp-2222,MnHg,
mp-12793,NdAl,
mp-1916,YbSb,
mp-1280,ErTe,
mp-1101,TmAs,
mp-1918,FeRh,196.690529
mp-1282,VC,306.7586452
mp-2664,TiO,224.2207837
mp-2667,CsAu,10.15856563
mp-1921,ThTe,82
mp-2673,YbPb,
mp-12982,ScAs,
mp-2086,PuS,
mp-1529,LuIr,139
mp-1925,ZrS,131.0464516
mp-2228,ErMg,
mp-1719,PuN,153.9355106
mp-2692,NbO,
mp-2693,SnSe,50.18056698
mp-2381,ErRh,126
mp-12983,ScSb,
mp-2384,LaP,
mp-130,P,
mp-11229,YAl,64.87707148
mp-1123,HgS,50
mp-13031,MgSe,44
mp-13032,MgS,55
mp-13033,MgTe,32.64501025
mp-2388,CdTe,
mp-11249,LuAu,
mp-1539,ZrTe,93.06590971
mp-11484,ZrIr,
mp-11255,PrAu,
mp-1540,HoTl,
mp-1941,GaNi,152.850979
mp-11256,ScAu,102.7871925
mp-1002165,GeC,166.7870977
mp-2390,YbP,
mp-11257,SmAu,
mp-23907,H2,
mp-13175,PtN,
mp-1548,PrMg,
mp-11286,CaHg,35.02446618
mp-1129,ScIr,165.6818191
mp-11291,CeCd,
mp-13141,HgTe,
mp-1132,CdO,126
mp-13150,BN,145.5615096
mp-11335,BeSe,
mp-1955,ErCu,
mp-2243,NbS,179.8211989
mp-13174,PtN,192
mp-1958,SrTe,
mp-11370,ErIn,
mp-11374,DyTl,
mp-132,Ca,17
mp-11375,EuHg,
mp-1138,LiF,69.88150379
mp-11457,HfRh,
mp-11422,GdHg,
mp-1561,TbSe,
mp-2104,UAs,
mp-2724,TbSb,
mp-1327,NdMg,38.09733302
mp-1144,ErP,
mp-2249,HoZn,
mp-11455,HfPt,184.791823
mp-11447,UTe,
mp-11467,NdHg,
mp-11469,PrHg,
mp-15694,PaAs,
mvc-11196,AgN,
mp-11471,ScHg,75.83338144
mp-1748,NdS,
mp-11475,TmHg,
mp-11488,LaTl,
mp-11498,MgTl,35
mp-1975,TmN,
mp-1751,ThSb,
mp-2730,HgTe,36.43318736
mp-1753,ThAs,
mp-1058451,HoP,
mp-2423,US,
mp-2735,PaO,
mp-1766,TmS,
mp-2434,SrTl,
mp-1780,ScRh,137.7139243
mp-1601,TaRu,252.4028755
mp-990542,PuSb,
mp-2266,YbAg,
mp-2444,GaRh,180.3872093
mp-177,USb,
mp-2268,TbAg,
mp-2442,ErAu,
mp-2443,DyHg,
mp-2743,LiPd,72.77562809
mp-2744,LiPd,78.69800526
mp-1779,YbTe,39.68748775
mp-2748,CeAs,61
mp-2459,YbIn,
mp-1783,MnS,56.06114917
mp-1782,ScSe,80.51432055
mp-214,ZrRu,185.3399183
mp-1784,CsF,21.1916592
mp-2281,SmSb,
mp-2757,CdAu,
mp-179,YZn,
mp-2758,SrSe,40.622457
mp-2012,LiHg,31.45311731
mp-1811,HgTe,
mp-2288,PuSe,-21843
mp-1000440,CrN,
mp-2293,MnSe,
mp-2853,GaN,209.3036696
mp-2861,CaTl,
mp-286,YbSe,
mp-20895,NpAs,
mp-27945,BiO,
mp-32880,CuBr,48.28838117
mp-19091,CrO,
mp-11344,PrO,
mp-331,ScAl,78.18779381
mp-19184,VO,
mp-20969,NpSb,
mp-20997,InNi,125.6533917
mp-22672,CeC,
mp-21005,GdIn,
mp-432,NbRu,237.1664399
mp-6927,NpO,
mp-436,SmRh,
mp-437,MgAu,79
mp-21087,UAs,
mp-12110,TaRu,
mp-447,TmAu,
mp-21140,CeSb,
mp-460,PrZn,
mp-1096937,CuI,
mp-19744,InSb,
mp-22865,CsCl,15.22548246
mp-22867,RbBr,13.79248726
mp-1009150,MnN,
mp-22875,TlBr,28.07423163
mp-463,KF,28.8691432
mp-21214,PbSe,15
mp-21215,InPd,110.6675103
mp-464,HoSe,82
mp-22886,UBi,
mp-1009787,RuC,
mp-22898,KI,9.52062513
mp-22899,LiI,20.63477016
mp-22901,KI,
mp-22902,LiBi,
mp-22903,RbI,9.655227125
mp-22905,LiCl,31.93906903
mp-22907,DyBi,
mp-22912,NpBi,52
mp-22913,CuBr,42.86462696
mp-22914,CuCl,48.31540986
mp-22915,AgI,
mp-22916,NaBr,27
mp-22919,AgI,31.70780809
mp-22921,TbBi,
mp-22922,AgCl,42.62755169
mp-22924,NaBi,
mp-22925,AgI,26.77028164
mp-22926,LaBi,
mp-21253,EuMg,
mp-30878,TbTl,
mp-475,SnP,
mp-19819,GdIn,
mp-1009264,NbCo,
mp-19868,ThAs,
mp-998903,TiN,
mp-11476,HoIr,
mp-21391,InAs,
mp-21394,EuO,
mp-19933,PuSb,
mp-1060281,BN,
mp-2563,CeSe,
mp-1059879,CsN,
mp-1096,CeS,87
mp-1742,GdRh,
mp-44,U,146.7598995
mp-715460,CoO,129.4270043
mp-1002206,SiC,240.9306997
mp-1059288,Lu,
mp-24289,HPd,173.8676682
mp-1060652,IrC,
mp-991027,EuTe,
mp-1039074,MgBi,
mvc-11231,SbN,112
mp-2426,LiAg,
mp-11516,NbRu,234.3820854
mp-1057601,LaAg,
mp-1057650,NpN,
mp-8454,KF,
mp-56,Ba,7.979308456
mp-1009009,LiF,69.83157791
mp-1057648,GeTe,
mp-2489,UC,188.2738901
mp-1009493,NpN,189
mp-1009471,NbN,
mp-1009127,MgO,142.6446725
mp-1060962,TlC,
mp-985615,AlFe,
mp-11561,TbRh,
mp-1094779,MgZn,
mp-1060401,CoNi,
mp-990532,TiCo,
mp-1060787,RbP,
mp-145,Lu,
mp-1058701,Ho,
mp-19009,NiO,181.2898999
mp-1087,SrS,46.97513007
mp-1061724,Ba,
mp-1007819,CoW,
mp-1094743,MgZr,
mp-1009152,MnN,
mvc-15374,CuN,
mp-1059242,ClO,
mp-1096941,CuS,
mvc-13934,FeN,
mp-1010953,MgNi,
mp-64,Ce,
mp-1057118,MoN,
mp-1057622,Sc,
mp-1902,MnPd,
mp-1094188,MgSb,
mp-1094232,MgSn,
mp-1002207,ReN,
mp-1094298,SrMg,
mp-1094402,YMg,
mp-1094477,MgZn,
mp-1058849,CeSe,
mp-1009594,Pr,31.44798784
mp-1094668,MgSb,
mp-1094669,MgSn,
mp-1094673,LiMg,
mp-1058589,VCo,
mp-1094705,YSn,
mp-1060578,FeSe,
mp-1057785,MnN,
mp-1094782,MgZn,
mp-1001838,IrC,
mp-1094774,SrMg,
mp-1094800,MgSn,
mp-1094801,MgSn,
mp-1094889,LiMg,
mp-912180,GdCd,
mp-1094850,MgGa,
mp-1778,BeO,
mp-1094862,MgZn,
mp-570494,PrCd,
mp-1094882,MgZr,
mp-1094883,MgGa,
mp-1094894,MgTi,
mp-910209,Gd,
mp-1009640,PrN,
mp-568067,NiPt,
mp-990527,FeCo,
mp-1057894,MnCo,
mp-1094964,HfMg,
mp-1094967,MgSb,
mp-1094974,MgZr,
mp-1009206,MnSn,
mp-1094982,LiMg,
mp-1009783,ScC,
mp-1009077,FeH,176.8916538
mp-1094998,CaMg,
mp-714882,MnO,142.7770495
mp-1001824,IrC,
mp-1057464,Er,
mp-1094874,ZrSn,
mp-1002228,PtC,
mp-1009537,OsC,
mp-991047,ZrCo,
mp-554943,NiO,
mp-1096851,Bi,
mp-684580,AgI,27.65485933
mp-1096915,Cs,
mp-153,Mg,36.65126873
mp-1269,SmS,90.53671549
mp-256,LaN,121.8558474
mp-84,Sn,45.71105077
mp-131,Zr,94.12933872
mp-7581,MoSe2,21.78482419
mp-782,Te2Pd,52.66822448
mp-569376,2-Feb,
mp-27785,TiBr2,4.084325597
mp-7575,LiZnN,115.7540876
mp-3173,CaAlSi,57.09319512
mp-10064,SiO2,266.5824935
mp-7597,NbSe2,22.20336654
mp-692,Tb2C,
mp-1219,BaGa2,35.23266227
mp-981544,Pr,
mp-971,K2O,27
mp-665,SnSe2,14.76940894
mp-11470,Hg2Pt,83.47667637
mp-7754,Si2Ru,
mp-965,TbB2,
mp-998935,KO2,
mp-7497,ThSi2,106
mp-7496,ThZn2,
mp-962078,CaCdSi,
mp-962077,TiAuCl,
mp-962076,SrCdSi,
mp-962075,SrMgSn,
mp-962074,YTlCd,83
mp-979028,Sm2Mg,
mp-962071,MgScTl,
mp-962070,LiScSi,
mp-962069,LiAgTe,
mp-962068,CaMgSn,
mp-962063,LaMgTl,
mp-962059,SrMgSi,
mp-962058,YSeCl,
mvc-11598,NiS2,
mp-962057,SrCaSi,
mp-1662,Te2Au,
mp-961774,BaNaSb,
mp-961732,HfNiPb,
mp-961727,TaGeRh,
mvc-11241,VS2,
mvc-11238,TiS2,
mvc-11234,FeS2,
mvc-11233,CoS2,71.11211526
mp-961723,LiCaRh,
mp-961722,TiBiRh,
mp-961721,HfBiRh,
mp-961719,HfAsRh,
mp-961718,TiAsRh,118
mp-961712,TaTlPt,
mp-961709,ZrPtPb,
mp-961706,TiSiPt,
mp-961703,NaLiPt,
mp-961701,ZrAgB,
mp-961698,LiZnP,
mp-961697,ScGeAu,
mp-961696,MnCoSi,
mp-961694,TiNiGe,
mp-25547,MnO2,
mp-961693,ZrInAu,
mp-961686,HfSiNi,
mp-961679,TaAlPt,
mp-961678,ScCoTe,
mp-961677,TaGaPt,
mp-961673,TiFeTe,
mp-961670,HfSiPt,
mp-961668,AlVPt,
mp-961667,CaNiTe,
mp-961665,MgScGa,
mp-961663,SrTePd,
mp-1018141,BaC2,
mp-961662,ZrNiGe,
mp-961660,TiFeSe,
mp-961659,TiSiPd,
mp-977264,Pm2Mg,39
mp-961657,YNiP,26
mp-961655,YCdGa,
mp-961650,AlVNi,107
mp-961651,ZrFeSe,
mp-961645,LiAlGe,
mp-990084,Na2Cl,
mp-632403,CdCl2,
mp-9828,YbPPt,
mp-643,ThO2,188.3423577
mp-975590,Kr,
mp-22880,2-Feb,10.14400231
mp-9561,VS2,19.66679385
mp-9744,BaAsPd,59
mp-30033,CoBr2,10.67225715
mp-23194,LaI2,
mp-995122,NbS2,19.47021113
mp-9487,USiAu,
mvc-14047,MnS2,
mp-611224,VS2,
mp-985286,Ac2Mg,
mvc-13555,CrS2,
mp-8426,K2Se,16.2495928
mp-944,AlB2,184.7489181
mp-7655,BaSi2,
mp-9437,NbFeSb,165.8188557
mp-13449,YbGa2,
mp-8093,Ba2Cd,14.27920046
mp-8094,Ba2Hg,16
mp-7988,Cs2O,5
mp-8041,Rb2S,15
mp-8022,Al2O,59.31448414
mp-8003,SiCN,207.3692727
mp-800,TmB2,
mp-8371,LuC2,
mp-672385,UNiSn,
mp-672375,ThNiSn,
mp-672356,MnSbPt,
mp-8177,HgF2,
mp-8101,WN2,
mp-742,Ti2Cu,125.7549958
mp-1100422,VTeRu,
mp-7390,SrGe2,
mp-669,ThAl2,
mp-9164,ThSiAu,
mp-9124,LiZnAs,54.73822121
mp-981212,TmMg2,
mp-450,NbB2,287
mp-728,Li2Pd,47.96053739
mp-8937,CrSi2,195
mp-632475,NbS2,
mp-632413,CoCl2,
mp-2466,ErAu2,
mp-1040452,CeSe2,
mp-772,TmSi2,
mp-1011374,CeSe2,
mp-974788,Nd,
mp-980,USi2,
mp-755333,HgO2,
mvc-12866,SbO2,
mp-72,Ti,113.0783851
mp-979115,Ti2Ag,
mp-7188,Al2Os,190.9115756
mp-7173,ScSbPt,109.9046458
mp-7169,TmPPt,
mp-7168,TbPPt,
mvc-11686,SnO2,
mp-648,Na2S,28.06279049
mp-972364,Yb,15
mp-972351,Tl,
mp-1097889,NiBrO,
mp-7088,Ta2C,255.966406
mp-714976,CoO2,65.94774176
mp-7711,Ag2O,
mp-993,DySi2,
mp-614565,CuO2,
mp-992,CaGa2,42.5697022
mp-600604,CuO2,
mp-990,HoAu2,
mp-989737,Ag,
mp-7701,BaSi2,
mp-21425,UNiSn,
mp-23162,ZrCl2,
mp-22116,EuGe2,
mp-23205,MgI2,7.637859617
mp-23210,MgCl2,9.632359027
mp-23209,SrCl2,33.77685059
mvc-11544,CrO2,
mp-23219,CuBr2,6.73935682
mp-23229,FeCl2,11
mp-23240,CoCl2,7.392342521
mp-29941,Sc2C,
mp-34240,NaZnAs,
mp-3432,ScNiSb,104
mp-20125,GdSi2,76
mp-30009,KrF2,
mp-20134,KCN,
mp-31142,YbBiAu,
mp-30031,CaI2,3.784276078
mp-30034,MgBr2,14.85997666
mp-20158,PbO2,282
mp-20185,LuNiSb,
mp-30068,CIN,
mp-27215,CrI2,
mp-34611,ZnAgAs,
mp-3462,TmSnAu,
mp-28753,NdI2,11
mp-11493,LuPb2,
mp-35308,CuCN,27.77617593
mp-20275,CeGeAu,87
mp-28797,YHSe,
mp-3477,MgAgAs,
mp-34932,CaHN,
mp-34976,CeOF,
mp-24082,Ta2H,202.535977
mp-35035,KCN,15.26221777
mp-1062378,Ho,
mp-22541,MnNiSb,
mp-20415,GdPbAu,
mp-35208,NdOF,126
mp-3522,MgCuSb,67.61028836
mp-28910,CrS2,
mp-20453,TiCoSn,77
mp-27396,NiCl2,12.49537682
mp-22027,MnSnAu,80.03160487
mp-35555,LaOF,
mp-35612,PuOF,
mp-30339,ErAg2,
mp-20514,GdSnAu,
mp-30359,TmAg2,
mp-22095,Ga2Pt,113.6622072
mp-1063045,LaHg2,
mp-30377,ErPbAu,
mp-1100391,NaBeSb,
mp-30389,HoPbAu,
mp-30390,HoSnAu,
mp-22885,XeF2,
mp-505297,NbSbRu,168.1073873
mp-24012,HoHSe,
mp-22154,In2Au,51.98027585
mp-30413,TbPbAu,
mp-36033,PrOF,
mp-36111,LiMgP,55.12535762
mp-20632,UGa2,
mp-24095,PrH2,
mp-24096,NdH2,
mp-30449,MgCuBi,57
mp-30452,DyNiBi,80
mp-30453,DyBiPt,
mp-30454,ErBiPt,
mp-30455,HoBiPt,
mp-30457,LuNiBi,
mp-30459,ScNiBi,88.66727016
mp-1690,TaS2,
mp-30460,YNiBi,77.46699877
mp-24147,AcH2,
mp-30466,YbBiPd,
mp-24151,DyH2,82.89354702
mp-24152,HoH2,88
mp-24153,LaH2,
mp-24154,NbH2,178.2774208
mp-24155,ZrH2,132.8139626
mp-36526,AcOF,
mp-24201,H2S,
mp-30495,SmCd2,
mp-27637,NiBr2,16.63126433
mp-27638,NiI2,14
mp-30501,Ti2Cd,91.40699818
mp-30506,CeHg2,
mp-24237,ScH2,96.76806602
mp-20719,EuHg2,
mp-20724,Mg2Pb,35.42703507
mp-24285,NpH2,
mp-24286,ZrH2,129.6639986
mp-29196,AuCN,
mp-20768,ZnFeSb,
mp-22377,ZrCoSb,
mp-27731,HfH2,149.2497647
mp-37381,SmOF,
mp-37906,LiMgN,98.34940058
mp-38011,KHS,
mp-38194,YOF,141.7904492
mp-25615,VO2,
mp-38222,NaCN,
mp-31451,ZrCoBi,116.8163228
mp-31452,ZrNiBi,104.4920892
mp-31453,NbSbRh,152.6105649
mp-31454,TaSbRu,175.4722359
mp-31455,VSbRu,164.4575517
mp-31456,HfSbRu,146.9728834
mp-31457,ZrSbRu,135.5733959
mp-31458,TiSbRu,140.5602677
mp-30560,NbCoSn,
mp-31459,TaCoSb,163.2603843
mp-31460,NbCoSb,155.9395237
mp-684650,TiS2,
mp-27922,GeI2,
mp-22589,TiFeSn,
mp-30581,Hf2Cu,123.3692856
mp-2482,CaC2,
mp-1018105,Zr2Zn,
mp-4025,TmNiSb,
mp-4076,VCoSb,140.9400313
mp-408,Mg2Ge,49.84221385
mp-4142,MnSbPd,
mp-4174,HoNiSb,76
mp-571363,YbSbPd,
mp-569197,GdNiSb,
mp-1542,YB2,163.6841934
mp-542595,Ge2W,171.7965103
mp-30725,YHg2,64.38461207
mp-694,VSe2,15.74677263
mp-567259,CdI2,
mp-567418,HoSbPd,
mp-567422,GdNiBi,
mp-634751,YbH2,
mp-1115,PtSe2,17.95856342
mp-975644,BeF2,
mp-631541,BeGeB,
mp-631537,BeReB,226
mp-631517,BaBeGa,
mp-631509,ZrBeCd,73
mp-631497,BeInBi,
mp-1097884,BeF2,
mp-8605,SrSbPt,60.47375801
mvc-15431,MoO2,46
mp-1061921,Tb,
mp-617,PtO2,48.138284
mvc-14925,FeO2,
mp-1014231,Hf2Zn,
mp-634755,CSO,
mp-975065,Re,364.3746884
mp-1100414,VSiRh,
mp-985579,AlFe2,147
mp-991101,EuGe2,
mp-676290,RbHS,28.14609947
mp-5967,TiCoSb,141.9914052
mp-3698,SrAlSi,52.28777882
mp-313,YC2,112.5020514
mp-5944,MnSbAu,
mp-3716,TbNiSb,58
mp-560,TmAu2,
mp-5177,LuSnAu,
mp-3161,LiAlSi,63
mp-5318,MnCoSb,114.4421499
mp-695850,CdCl2,9.191593431
mp-5920,LiAlGe,60.95615486
mp-622107,CeCd2,
mp-5676,MnSbPt,110.4809665
mp-5866,MnCuSb,
mp-5549,MgSnAu,67
mp-5640,ErSnAu,
mp-580,PuB2,
mp-1008804,SmCd2,
mp-1018152,LuAu2,
mp-282,TiF2,109.2136836
mp-632311,Ta2H,201.6753109
mp-1061685,CrB2,
mp-1018150,NbTe2,18.27893728
mp-1063176,TbCd2,
mp-1076915,Gd,
mp-849054,VS2,
mp-631479,CaHfBe,
mp-631471,YScBe,38
mp-631468,SrScBe,
mp-631464,KBePt,
mp-631458,CaReBi,
mp-631449,LiTaBe,
mp-631324,HfMnTl,
mp-631257,AsSeBr,
mp-2630,SrC2,47.78723851
mp-620271,GdBiPt,
mp-1866,KO2,24.52389259
mp-1008891,Mn2Sb,
mp-25476,CoO2,34.48481432
mp-849060,VS2,10
mp-15687,KZnAs,30.66675052
mp-1011695,Cs2Se,11.68647414
mp-1008823,OsN2,
mp-1062804,TiAu2,
mp-555037,TaS2,
mp-1062371,LaCd2,
mp-567510,BaSn2,32.76231301
mp-644272,HCN,
mp-569360,Hg,
mp-567636,VFeSb,160.3925115
mp-567677,GeI2,
mp-567679,TiGaRh,
mp-1018134,Li,
mp-567724,TaSe2,
mvc-13107,VO2,
mp-567891,NdAg2,
mp-571589,Mo2C,212.6718087
mp-1096803,MgO2,
mp-568075,NbCoSn,101.5144199
mp-568269,TmNiBi,
mp-8606,BaSbPt,57.52235666
mp-193,Zr2Cu,109.021883
mp-2221,Zr2Ag,101
mp-568503,Fe2C,
mp-569685,LiZnP,53
mp-554355,CaF2,
mp-8954,TaSe2,
mp-555293,NbS2,7
mp-569779,ScSbPd,96.80246938
mp-579718,Th2Cu,
mp-569843,MnBr2,
mp-568654,PrAg2,
mp-568662,BaCl2,-113.9112945
mp-570259,MgCl2,10.33155856
mp-568690,CdBr2,
mp-581712,TiNiSb,
mp-569960,ZnBr2,8.046363719
mp-568800,CdCuSb,
mp-570014,YbSbPt,
mp-1097979,NdCd2,
mp-570197,Bi2Pd,55.06810932
mp-582464,NdGd2,
mp-568891,MnSbRh,
mp-583030,MnSnPt,
mp-1018154,Hf2Hg,
mp-10228,NbSe2,24.59935872
mp-1100397,BaAuCl,
mp-568466,LiInSn,
mp-784630,Ni2Mo,232.9168952
mp-753746,Rb2O,5.374945446
mp-9950,BaLiSi,
mp-924129,ZrNiSn,
mp-924128,HfNiSn,
mp-11299,Cd2Hg,37.35120829
mp-973935,OsN2,209.8536885
mp-10616,BaLiAs,34.03023145
mp-1100433,CaZnSi,
mp-752735,PdO2,211.4159982
mp-568470,ZrNiSn,
mp-636297,HfNiSn,
mp-636240,MgCuSn,
mp-28306,MnBr2,7.716209678
mp-634859,CaO2,60.93059145
mp-568926,GdSbPt,
mp-568931,YbNiSb,68.98822892
mp-568983,MnSbRh,174
mp-570179,TbAu2,
mp-570213,LiMgBi,31.25935137
mp-30358,TbAg2,
mp-570418,YbI2,4.336953783
mp-32548,BiO2,
mp-570459,Te,
mp-32686,CoO2,
mvc-11600,TiO2,
mp-505599,VNiSb,
mp-704690,CuO2,
mp-541840,DyC2,
mp-542065,CdAgSb,
mp-570964,ZnI2,
mp-20269,MnGaPt,
mp-570749,YbHg2,
mp-1100418,ScTlCd,
mp-571096,FeCl2,7.721004564
mp-571122,FeI2,8.931529028
mp-1061831,AgB2,
mp-571185,HfCoSb,
mp-570922,MgCl2,3.769216387
mp-10183,MgSbPd,80.65907898
mp-1960,Li2O,78.1302948
mp-1021516,K2Sn,
mp-1021660,NbInRu,
mp-2618,DyAg2,74
mp-2755,SiTe2,
mp-2776,Ga2Au,73.48385043
mp-2894,ScSnAu,90
mp-22297,Cu2Se,89.39712894
mp-25499,CrO2,
mp-11480,MnSnIr,
mp-12072,UAu2,
mp-631754,ReSnGe,
mp-32887,HfTe2,14.57937317
mp-13155,Hf2Ag,111.5031308
mp-631575,TiCrAg,
mp-631572,GaReAs,
mp-631570,BaTaB,63
mp-631568,AlAgB,102
mp-631566,TaAuBr,
mp-631562,SiBAu,
mp-631561,ZrAgMo,
mp-631555,MnVNi,
mp-631552,SrBiB,
mp-631551,MnAlTc,
mp-631550,CaBiB,
mp-631546,TlCoBi,
mp-30469,TlBi2,
mp-631544,BaSiB,
mp-631543,AlInB,
mp-631542,BaZrNi,
mp-631540,NiBTe,
mp-631539,BiBCl,
mp-631538,NiBiB,
mp-631533,PPbW,
mp-631531,NbBW,
mp-631526,SiBPb,
mp-631523,TcNiW,
mp-631521,BaHfMo,
mp-631518,ZrBTe,
mp-631515,CaHfZn,
mp-631511,BiBTe,
mp-631508,LaReB,
mp-631506,SrZrCo,
mp-631505,BeCuBr,57
mp-631503,ZrAlW,100.229745
mp-631495,BaYSc,17
mp-631492,BaScIr,
mp-631484,TaTiAl,86.39896836
mp-631482,BiMoRh,
mp-631478,IrPbBr,
mp-655446,VS2,
mp-631472,InFeAs,
mp-631463,CuTcBi,
mp-631462,BeTcSe,
mp-1019239,PdN2,
mp-631452,NbCrW,
mp-631440,BiTeIr,
mp-631436,VOsCl,
mp-631435,ReRuBr,
mp-631430,LaInW,
mp-631429,ZrCrFe,89.24222887
mp-631428,TlCoW,153
mp-631427,CuIrBr,47
mp-631423,TaPbBr,
mp-631422,CuSiBr,
mp-631421,CrGaTe,
mp-631410,CdNiP,
mp-1063224,HoHg2,
mp-631405,ZrTcCl,
mp-631404,CrIrRu,154
mp-28116,TiCl2,6
mp-631395,CaTaTc,
mp-631394,CaZrPd,
mp-631390,SrZrZn,
mp-631388,CdIrRu,
mp-631387,SnRuW,
mp-631383,MnCrRe,151
mp-631382,YMgCu,
mp-631381,TeRuSe,
mp-631379,ZnCuMo,
mp-631373,TiVW,
mp-631371,TlCuIr,
mp-631366,TcSnSe,-17
mp-631365,TeRuPb,
mp-30383,Hf2Au,133.8507551
mp-631364,TaOsPb,
mp-631356,NbOsPb,
mp-631354,ReOsRu,
mp-631353,MnRePt,
mp-631352,NbSnRu,
mp-631349,ZnTcMo,
mp-631342,MnTcPd,
mp-631338,LiZrSc,
mp-631337,NaTaNi,
mp-631335,MgTaZn,
mp-1063280,LaHg2,
mp-631322,KSnOs,
mp-631319,LiTiRe,
mp-631320,TcIrOs,
mp-631317,NaIrPb,99
mp-631314,KTaPt,
mp-631311,IrOsW,
mp-2524,NdGa2,
mp-631303,InReGe,
mp-631302,ScVFe,50.88590737
mp-631301,HgPRh,
mp-631299,NbCrCo,
mp-631296,KHfNi,
mp-631294,HfMoSe,
mp-631288,LaGeOs,
mp-631280,MnTcOs,
mp-631274,KFeP,
mp-631270,ZnFePb,
mp-631269,LiIrRh,
mp-631267,TaFeSb,
mp-631256,FeNiMo,
mp-631255,InSiIr,
mp-631254,KMnRu,
mp-629397,FeNiN,
mp-625051,NaHO,
mp-623646,TiNiSn,96.87239346
mp-622980,MnTePd,
mp-621592,YPbAu,
mp-714873,MnO2,
mp-784631,CrNi2,228.2938731
mp-1018104,Zr2Cd,
mp-1013526,VS2,16.63880429
mp-754125,NdO2,
mp-604453,CeBiPd,
mp-644385,HCN,
mp-1063164,Li2Te,
mp-753890,Ni2H,196.5248287
mp-753657,TiOF,187.9466639
mp-600124,MnNiSb,109.1924293
mp-849078,Ni2S,
mp-1008865,NdCd2,
mp-1014264,CrN2,
mvc-13108,CoO2,
mp-762,PtS2,21.08424017
mp-569933,HfCuP,
mp-24092,GdH2,
mp-1011376,CeSe2,
mp-1011375,CeSe2,69
mp-1009547,CsRbAs,
mp-604467,UO2,
mp-1411,TaS2,
mp-1063255,LaPd2,
mp-849082,CrS2,
mvc-13105,CrO2,
mp-866189,CeCd2,
mp-714965,CoO2,
mp-25571,MoO2,
mp-715356,NiO2,
mp-9519,AgCN,
mp-505569,CeH2,
mvc-11458,WO2,
mp-961707,LaNiSb,
mp-961716,VSnPt,
mp-961717,VInPt,
mp-961731,NbInNi,
mp-985806,Al2Cu,99.63617578
mp-1023924,MoS2,11.5456324
mp-1097725,LiO2,
mp-1008754,TbHg2,
mp-1008626,VTe2,
mp-1009238,Hf2Tl,
mp-1008860,NbS2,
mp-1009651,CaHg2,
mp-1018113,YAu2,
mp-2592,Si2Mo,206.5945044
mp-1001742,TaSe2,
mp-266,Zr2Pd,123.411727
mp-28240,CSO,
mp-1735,BaC2,40.93294381
mp-642644,V2H,191
mp-1000769,MnB2,
mp-643542,CaGe2,
mp-1062948,VNi2,
mp-867126,Rb,2.754316501
mp-1018129,Pt2W,
mp-961672,SrAlGa,
mp-570991,TiSi2,
mp-961646,TiTeOs,173
mp-961647,CaAgP,
mp-961648,KBaP,
mp-961649,ZrFeTe,
mp-961661,ZrSiPd,
mp-961653,FeSiW,
mp-961658,VFeSe,159
mp-961654,TaMnAs,
mp-961669,NbGaPt,
mp-961666,MnNbAs,
mp-961671,TiGePt,
mp-961664,VSnPd,
mp-961683,LiMgP,
mp-961652,ZrFeSb,143
mp-961684,LiCaAs,
mp-961676,HfGePt,111
mp-961685,NaCaAs,
mp-961681,ZrGePt,
mp-961682,TiSnPd,
mp-961674,VGePt,107
mp-961688,VGaPt,
mp-961687,ZrSnPd,
mp-961699,NaMgP,
mp-961689,ZrCoAs,
mp-961692,TaInNi,
mp-961691,HfNiGe,
mp-961700,TiCoAs,60
mp-961704,NbTlPt,
mp-961702,LaSbPt,
mp-961680,NbAlPt,
mp-961695,LaCoTe,
mp-961711,ZrSiPt,
mp-961710,VSiPt,196
mp-961713,ZrSnPt,130
mp-961705,TiPtPb,
mp-961675,ScNiP,
mp-961708,NbInPt,
mp-961724,ZrBiRh,
mp-961720,ZrAsRh,
mp-961726,NbGeRh,
mp-962060,NaYSi,
mp-961725,CrGeRh,
mp-962064,NaYSn,4
mp-962061,YMgTl,
mp-962062,BaSrSn,19
mp-962072,KYSn,
mp-962067,BaNaSn,
mp-962066,NaLiTe,
mp-962065,SrCaSn,
mp-962073,KBaSn,14
mp-961690,VGaNi,
mp-961715,HfPtPb,
mp-1062554,SmCd2,
mp-684962,VSe2,
mp-315,PbF2,70
mp-1491,VB2,285.5389713
mp-2700,CaSi2,62.56040615
mp-374,CrB2,
mp-1008682,TiS2,60.18390921
mp-1009834,Al2Ru,
mp-1061865,TeN2,
mp-1061772,MgNb2,
mp-1006878,BaO2,
mp-1009592,CrFeTe,
mp-1014229,Ti2Zn,
mp-30409,Mn2Au,
mp-1008927,LiFeAs,
mp-1009653,CaC2,61
mp-1061861,TiPd2,
mp-504731,EuF2,66.06427354
mp-1170,SnS2,14.61132298
mp-1009048,KAgO,41.90069296
mp-1061732,MgZr2,
mp-1008676,TiS2,
mp-1061766,CeNiAs,
mp-1009641,CoTe2,
mp-1008776,SrC2,
mp-1061855,DyHg2,
mp-22965,BiTeI,6.95863901
mp-1009544,CsRbP,
mp-1009014,LiCuO,
mp-1018136,LaBiPt,
mp-1061635,MgNb2,
mp-1061769,CrSe2,
mp-1018119,VCoSn,
mp-1009543,DyBiPd,
mp-1062072,YMn2,
mp-1061979,TbPd2,
mp-1008875,Mn2Sb,
mp-11296,ErCd2,
mp-1062078,ErPd2,
mp-1018103,ZrAu2,
mp-1062030,TiS2,
mp-1009829,Be2Si,
mp-24192,ErH2,87.44289001
mp-2278,HgO2,
mp-1009555,CrO2,
mp-1062055,Br,
mp-1018128,ScAg2,
mp-1062162,MnNiGe,
mp-1009654,CaGe2,
mp-1008753,Ti2Al,71
mp-1008568,ZrTi2,105.3345133
mp-1008702,Ti2In,
mp-1299,SiPt2,203
mp-1008806,ReC2,
mp-19,Te,21.69404679
mp-1009828,BaSiC,
mp-1009219,HfN2,
mp-1008807,RbCuO,37.95726284
mp-1009730,Ca2Sn,
mp-11294,DyCd2,
mp-865732,LuCd2,
mp-973198,Na,
mp-1062169,ErCd2,
mp-1062114,SmHg2,
mp-1008805,ReC2,
mp-999549,WN2,352.9301026
mp-1062228,CaO2,
mp-1062206,NdCd2,
mp-19962,Sn2Pt,93.27129081
mp-1008642,UC2,
mp-1018178,Ba2Zn,
mp-1062345,Li2N,
mp-7925,HoSb2,
mp-22782,TiNiSn,83
mp-1008920,Mn2Ge,186.0099072
mp-1008802,ReC2,
mp-1018151,NbPd2,
mp-1008826,OsN2,390
mp-1018107,ZrTe2,14.12674152
mp-1502,Al2Pt,128.6427523
mp-1959,PuO2,191.5043121
mp-1008901,MgH2,59.62626829
mp-11367,DyHg2,
mp-1062620,Sr2Ir,
mp-1061823,CaC2,
mp-1062597,HoPd2,
mp-550893,HfO2,248.0066411
mp-2156,TiS2,18.35874923
mp-1018130,PaC2,
mp-1009755,Ca2Ge,
mp-1062676,K2Pt,
mp-20738,FeSi2,182.6425227
mp-1009827,BaSi2,
mp-30835,TaPd2,204.6906492
mp-1008734,ThH2,88
mp-1008624,YBiPd,
mp-182,SrGa2,
mp-1062510,NdPd2,
mp-1062817,TcN2,
mp-1008625,W2C,
mp-2568,YSi2,
mp-1018127,TbSb2,
mp-1008809,PtN2,118.9837027
mp-10681,B2Au,
mp-1008867,NaCuO,
mp-1062306,MnSiNi,
mp-1008632,V2C,219
mp-1018133,LiHPd,
mp-1008755,SrB2,
mp-1009657,CaN2,
mp-1008833,NpN2,
mp-441,Rb2Te,
mp-1008727,Ti2Ge,
mp-1009581,CrSe2,
mp-1018125,Ti2Re,
mp-1009132,HoBiPd,
mp-1018122,Tm,
mp-1008601,ZrAg2,
mp-961656,VFeTe,101
mp-1008835,OsC2,358.5628798
mp-11698,Tb,-3.695473155
mp-1008903,MgAgSb,
mp-1008680,TiGePt,142
mp-1009080,HoCd2,
mp-1008688,Ti2Sn,
mp-1009541,CsRbN,
mp-1018149,ScCu2,
mp-1062711,Rb2Pd,
mp-1062824,YbHg2,
mp-567456,CaGe2,
mp-1022,K2S,19.38587166
mp-1008881,MgNiH,
mp-1018112,YSb2,
mp-1009733,Ca2Si,
mp-1009049,IrN2,
mp-1018135,LiCdAs,38
mp-1009695,CaB2,
mp-1062648,TbHg2,
mp-960,B2Mo,299
mp-1062795,CoSI,
mp-1062643,CoO2,
mp-1018158,DySb2,
mp-1008872,MnFeTe,
mp-1062842,MgF2,
mp-1008874,MnCoTe,
mp-1009593,CrCoTe,
mp-1018159,ErSb2,
mp-1009756,Ca2Pb,
mp-1062805,BaSb2,
mp-1018153,HfAu2,
mp-1018179,AlAu2,
mp-2784,Na2Te,
mp-1018120,TmSb2,
mp-477,SmGa2,
mp-2285,Te2Ir,
mp-1009823,BeB2,187.261045
mp-12062,AgB2,
mp-1108,TaB2,302.2991081
mp-1008813,RbAgO,
mp-1062939,CoO2,
mp-1008866,NaAgO,58.54058672
mp-1018118,TmSbPd,
mp-1062893,YPd2,
mp-1018161,CrNiSb,
mp-11514,NbPt2,244.3605824
mp-1063005,Li,
mp-1008673,TmCd2,
mp-1061691,MgNi2,
mp-1018123,TiAu2,
mp-1009818,CN2,
mp-1063003,OsN2,
mp-1062935,LaHg2,
mp-1018139,HoNiBi,
mp-10014,TaS2,
mp-1063016,SmPd2,
mp-1008677,TiO2,250
mp-1062984,ThCo2,
mp-1008858,NdBiPd,
mp-1018124,Ti2Rh,
mp-1009071,IrC2,
mp-7834,TaSe2,
mp-241,CdF2,96.62557179
mp-1018166,AlTc2,
mp-1062989,CeO2,
mp-1062652,FeO2,
mp-12108,VPt2,246.3643346
mp-1008911,LiMnAs,
mp-1008631,VCoTe,
mp-2209,CeGa2,63.59099849
mp-981,SrF2,65.02474193
mp-1009655,CaC2,
mp-2647,Al2Au,105
mp-1994,HfB2,251
mp-30497,TbCd2,
mp-1008689,Ti2Si,
mp-1063133,CaPd2,
mp-1018162,CeBiPt,
mp-1063156,ErCd2,
mp-1062988,ThFe2,
mp-12979,SnO2,
mp-1008762,TaN2,
mp-1008617,YbAg2,
mp-2530,Li2Te,
mp-1008726,Ti2Ga,
mp-1063118,Si2O,
mp-1063020,MgNb2,
mp-554635,CoO2,-64.07210694
mp-1008876,MnCoS,
mp-763,MgB2,148.4985963
mp-1009830,Be2Zn,
mp-985829,HfS2,
mp-1145,TiB2,253.291638
mp-1063239,DyPd2,
mp-10659,Ho,
mp-924130,TiNiSn,122.1896234
mp-1008798,ReN2,328
mp-1063268,CoO2,
mp-966,NbS2,
mp-973571,Lu,
mp-2379,CoSi2,177
mp-585,MnB2,260.3607474
mp-1063245,Sr2Rh,
mp-1009460,Hf,
mp-1063388,MnNiP,
mp-1569,Be2C,201.0886014
mp-1008785,RuO2,281.3853121
mp-1009020,KCuO,46.07673071
mp-1029,BaF2,54.42955274
mp-20194,CeO2,176.6712443
mp-1018106,YbBiPt,
mp-1747,K2Te,
mp-999544,YAg2,
mp-1008820,PdN2,
mp-1709,U2Ti,
mp-10196,Ta2N,272.4171243
mp-1063314,Ca2Rh,
mp-14,Se,
mp-1008600,ZrN2,
mp-568398,CaBiAu,
mp-1018121,TiPd2,
mp-952,MoPt2,271.5315621
mp-1009006,LiCdAs,43
mp-985831,HfSe2,
mp-10145,YbB2,
mp-1018177,EuC2,
mp-1063495,HgBrN,
mp-1008873,MnCoSe,
mp-30806,ZrNiSn,
mp-1472,ZrB2,237.932918
mp-1018138,VI2,
mp-1008925,LiFeP,
mp-86,Sm,
mp-10564,SrN2,
mp-1063517,YbPd2,
mp-2367,LaC2,92.14519876
mp-1063522,CePd2,
mp-1063610,UV2,
mp-11463,LaHg2,
mp-24726,TiH2,141.3186206
mp-561850,EuF2,
mp-567107,EuHg2,
mp-1100425,LiCdSb,
mp-906948,PuO2,
mp-865939,LiMg2,29.62838476
mp-1062370,PuO2,191
mp-1100417,VSbRh,
mp-704672,CuO2,
mp-1008777,SmHg2,
mp-614875,CSO,
mp-1076920,U,
mp-668,PrGa2,
mp-703914,CuO2,
mp-573642,VNiSb,
mp-1063174,GdAu2,
mp-1009504,EuZnGe,
mp-1023937,WS2,
mp-1023936,WSe2,9.162764703
mp-1023935,Te2Mo,
mp-1023934,MoSe2,
mp-1023926,Te2W,
mp-11464,MgHg2,40.62773367
mp-2578,NiTe2,49
mp-634706,NiO2,
mp-567313,Te,21.81550005
mp-1009113,HoHg2,
mp-13452,BePd2,166.355188
mp-2302,AsRh2,231
mp-11870,Hg2Rh,88
mp-1157,TaNi2,213.8741375
mp-13497,Er2Mg,
mp-13498,Tb2Mg,
mp-11621,ZnNiSb,102
mp-16246,CdSbAu,70.54013525
mp-10141,SmB2,
mp-10144,B2W,
mp-10154,MnSbIr,131.9751061
mp-10615,BaLiP,37.76834155
mp-10178,LiMgP,
mp-16304,YPPt,127.2320775
mp-10182,LiZnP,65
mp-10184,MgSbPt,89
mp-10186,PuSi2,
mp-16313,TbSbPt,
mp-16314,TmSbPt,
mp-10193,LuPPt,
mp-10194,LuSbPt,
mp-16326,DyPPt,
mp-10201,Ge2Mo,
mp-1377,ThCu2,
mp-16327,DySbPt,
mp-16329,ErSbPt,
mp-16340,GdPPt,
mp-16343,LiInGe,42.96507701
mp-1025,ThAu2,
mp-11830,LiCeSn,
mp-11833,UCuGe,
mp-16366,Cu2Se,86.12426526
mp-11836,ErSbPd,90
mp-11839,GdSbPt,
mp-2318,Nb2C,219.2837421
mp-16376,HoSbPt,
mp-1186,ZrS2,17.37780254
mp-1100424,LiMgSb,
mp-11869,HfSnPd,122
mp-1391,Ag2F,
mp-1640,Ho2C,
mp-1394,Rb2O,23
mp-1062353,HoSb2,
mp-2170,Li2Pt,68.06793567
mp-10367,HfSbRh,
mp-2324,PrCd2,
mp-510613,MnNiAs,
mp-16522,Al2Pd,112.4467519
mp-12087,Cu2S,97.08813403
mp-1210,ThCd2,
mp-1100399,HfAgB,
mp-559382,CoO2,
mp-2553,HfBe2,128.4852746
mp-1423,HoC2,
mp-1620,Si2W,218.4799174
mp-1215,Ti2O,183.7850283
mp-2051,LaCu2,
mp-1668,YbAu2,
mp-1671,YbSi2,56.99889075
mp-1432,Be2B,149.6664077
mp-16734,SmNiAs,
mp-10614,SrLiP,42.89241879
mp-2057,DyB2,
mp-10623,ThSbRh,
mp-10624,USbRh,
mp-2194,TiSe2,16.12634278
mp-2343,Mg2Sn,40.7644534
mp-10658,Dy,-3.45228989
mp-1874,NbS2,
mp-1245,Sr2N,
mp-10685,CdCuSb,
mp-10687,LiCdP,
mp-10738,SmPPt,
mp-2352,Na2O,46
mp-10755,TiFeSb,113.5524196
mp-10756,VFeSb,
mp-12558,LiMgAs,46.60532557
mp-1256,HoGa2,75.39085338
mp-12564,LiSbAu,55.44712085
mp-12574,Dy2C,
mp-12603,ScSnPt,
mp-12605,ReSi2,
mp-1892,Ba2N,
mp-2616,NpO2,
mp-1083,NpB2,
mp-1266,Na2Se,25.86005524
mp-1699,AlCr2,186.2669255
mp-12693,Mg2Rh,65.49886364
mp-12707,Zr2Np,
mp-2364,PaO2,
mp-2076,ZrSe2,17.51010738
mp-12718,LiPrSn,
mp-12719,LiNdSn,
mp-10909,AlRe2,255.0963887
mp-1062310,LuCd2,
mp-1018148,ScAu2,107
mp-1907,TiTe2,17.63971431
mp-12761,BeAu2,136.7882462
mp-12764,SmC2,
mp-12765,GdC2,
mp-10981,YbSbPd,
mp-1914,YGa2,73.35054528
mp-1100,YbC2,
mp-12794,Al2Cu,90.12424591
mp-30488,CdHg2,28.2120871
mp-1103,LuSi2,
mp-2082,PIr2,
mp-1105,BaO2,67
mp-1514,UB2,210.4911046
mp-2083,Sn2Ir,110
mp-12874,Si2Ru,
mp-12892,CaSi2,52.65019697
mp-11287,CaHg2,37.53116994
mp-2684,TbGa2,
mp-2686,Ca2N,35
mp-269,TmC2,
mp-971787,VBr2,
mp-2697,SrO2,71
mp-11219,LuB2,
mp-1535,TbSi2,
mp-1302,PrO2,
mp-11241,DyAu2,
mp-11242,DyPbAu,
mp-11252,MnAu2,123.7011455
mp-11301,HoCd2,
mp-11311,TmCd2,
mp-11324,TaSe2,
mp-11327,Rb2Se,13.89656232
mp-11361,MgCuSn,63.15198637
mp-11359,Ga2Cu,77.54412266
mp-13164,Ti2Pd,142.0930834
mp-11369,ErHg2,
mp-11390,LiGaSi,
mp-13311,SrAlGe,46.58620581
mp-11472,SrHg2,
mp-11419,ThGa2,
mp-2648,NbS2,12.78814166
mp-11454,Hf2Pd,136.8016938
mp-11461,HoHg2,
mp-13305,SmSnAu,
mp-13306,YbCuGe,
mp-13308,HoGeAu,
mp-1331,YCd2,56
mp-11466,NaHg2,
mp-11468,NdHg2,
mp-1334,Y2C,61.33892365
mp-2252,ScB2,191.3262499
mp-15778,MgNiSb,85.69248816
mp-11520,YNiSb,93.99898739
mp-1752,HoSi2,
mp-1579,ErC2,
mp-1153,Li2S,40.07612527
mp-1754,UHg2,
mp-2422,ErGa2,
mp-2732,PRh2,
mp-2119,TbC2,
mp-2120,HoAg2,
mp-1606,NbAu2,175.0370049
mp-2267,HoB2,
mp-2741,CaF2,76.54559137
mp-1774,ErB2,
mp-1776,UN2,
mp-1995,PrC2,
mp-2458,TbO2,142.4436942
mp-228,Te2Rh,
mp-2145,ErSi2,
mp-715480,CoO2,
mp-1802,NbS2,22.81620087
mp-2286,Li2Se,33.69456277
mp-2291,Si2Ni,150
mp-2841,ScSi2,
mp-1062141,SrF2,
mp-2297,NdC2,
mp-24288,LuH2,
mp-20889,HfSnPt,
mp-24291,ThH2,
mp-30789,U2Mo,176.1728372
mp-30796,NbSnRh,
mp-33154,AgI2,
mp-425,GdB2,
mp-20952,TiNiSb,128.3346475
mp-28013,MnI2,7.820381264
mp-4262,BeAlB,141.0682609
mp-20965,GdCd2,
mp-24420,H2Se,
mp-2486,UC2,155
mp-22682,In2Pt,94.85489451
mp-22689,ZrSnPd,
mp-24724,TbH2,
mp-24650,YH2,
mp-1062758,K2S,
mp-24658,SmH2,
mp-567480,MnSbPt,
mp-24723,TaH2,226
mp-24720,PuH2,
mp-24727,TmH2,
mp-24728,VH2,174.9252198
mp-4510,DyNiSb,
mp-22786,ThNiSn,
mp-30847,TiSnPt,136.521045
mp-30848,USnPt,
mp-22792,MnTePd,83.51031724
mp-21152,Pu2Mg,
mp-21168,EuGa2,
mp-28233,MnCl2,9.03403829
mp-980558,Sm2Mg,
mp-29671,TmI2,
mp-21200,PuGa2,
mp-22877,VCl2,
mp-22881,CdCl2,7.841243854
mp-22883,PbI2,3.594612596
mp-22893,PbI2,
mp-19773,GdGa2,
mp-19783,GdAg2,
mp-24161,TiH2,140.5913139
mp-29719,LiNiN,
mp-21272,ErNiSb,
mp-29733,MgNiBi,66.48753326
mp-25378,CuO2,
mp-309,ThAg2,
mp-19839,LaGa2,
mvc-12939,TiO2,
mp-1018156,Hf2Cd,
mp-19849,NpGa2,
mvc-12841,CoO2,
mp-33723,BiTeBr,
mp-19862,EuSi2,61.36865702
mp-25558,MnO2,
mp-4846,MnSbRh,110.6835398
mp-19886,ThSnPt,
mp-21418,MnSnPt,107.8528021
mp-4964,YSbPt,96.8667703
mp-10861,Hg,
mp-1018131,LuAg2,
mp-1252,ZrBe2,119.4958219
mp-1008902,LuSb2,
mp-1008910,LuCd2,
mp-1076916,GdBiPd,
mp-570087,Gd,
mp-220,ThNi2,
mp-1009076,IrN2,
mp-1077001,GaCu2,
mp-696114,CoCl2,11
mp-13149,BaAlSi,48.63772527
mp-991385,Mn2Au,
mp-1062437,DyHg2,
mp-1018102,ZrPd2,144.5884031
mp-715472,CoO2,
mp-12105,RbO2,20.7669822
mp-567435,UNiSn,
mp-912227,CeGa2,
mp-12055,LaCd2,
mp-25648,WO2,
mp-1080274,CeSe2,
mp-1080279,CeSe2,
mp-1080281,CeSe2,
mp-1080280,CeSe2,
mp-1080294,CeSe2,
mp-11531,VNi2,210.1234657
mp-1080319,CeSe2,
mp-1080337,CeSe2,
mp-2348,Zr2Au,119
mp-1096866,CdO2,
mp-1062236,PrCd2,
mp-1093990,ZrAsIr,
mp-1093991,ZrAsIr,
mp-1094003,ZnO2,
mp-1062153,NbS2,
mp-1062974,PrPd2,
mp-1094088,NbCoSn,
mp-1094089,NiS2,
mp-1094095,NiBrO,
mp-1094129,LiO2,
mp-569022,UAu2,
mp-7007,NbSe2,10.37590465
mp-8372,CaSi2,59.68307344
mp-20064,DyGa2,
mp-2839,CeC2,100.9683018
mvc-13110,VO2,
mp-1062998,TaS2,
mp-10161,KZnSb,23.97848605
mp-1062215,YCd2,
mp-25519,FeO2,
mp-714876,NiO2,
mp-1061876,DyCd2,
mp-1063311,EuPd2,
mp-24208,CrH2,
mp-715478,CoO2,13
mp-36582,NaHS,
mp-1096936,CsO2,
mp-25599,NiO2,
mp-1097933,Sr2Mg,
mp-30999,CuCl2,7.404334598
mp-1441,CsO2,17.67480312
mp-11549,VPd2,190.1359466
mp-569610,CoI2,4.544352881
mvc-12823,MnO2,37.63667998
mp-13272,BaAlGe,43.6347969
mp-30363,BaAu2,45
mp-399,Te2Pt,49
mp-20523,HfNiSn,61
mp-556750,CoO2,
mp-567525,Te2Au,
mp-567624,CrBr2,
mp-797,DyPd3,
mp-1953,TiAl,115.0534342
mp-7861,CrCuSe2,68.82667076
mp-564,TePd,98
mp-1007755,HfAu,
mp-7947,PtO,185.9662737
mp-768,TmAl3,
mp-997167,NiAuO2,
mp-974951,Rb3Hg,
mp-7041,CaHgO2,
mp-790,LuPt3,
mp-1029359,CaHfN2,171
mp-984523,CsCa3,
mp-984705,ErRu3,
mp-754392,BaEuO2,
mp-12335,MnCN2,95.58289143
mp-1004526,WS,
mp-753898,LaTmO2,
mp-973627,K3Sr,
mp-6972,YCuO2,114.7575745
mp-973126,ScBiPd2,
mp-973114,HoLuRu2,
mp-9630,TlCrS2,
mp-753946,LiCoS2,74.43254231
mp-1018019,PbS,
mp-973508,KRb3,
mp-973109,NdYIr2,
mp-7480,RbLuO2,
mp-983365,K3Hg,
mp-7479,RbYbO2,
mp-7478,RbTmO2,
mp-7477,RbErO2,
mp-7476,RbDyO2,
mp-982930,HfTl3,
mp-982881,PmTm3,
mp-973101,LaHoRu2,
mp-982871,Na3Pt,
mp-973100,ScCu3,105
mp-973099,La2PdRu,
mp-982664,K3In,
mp-982637,Na3Mg,
mp-973091,LaHoMg2,
mp-973089,ScTaFe2,
mp-973088,MgInAg2,45
mp-973069,HoLuTl2,
mp-982597,Pa3W,
mp-985282,Ag3Ge,
mp-973067,ScGa2Ru,
mp-985280,Co3Bi,
mp-982510,P3Au,
mp-982448,Pm3Y,
mp-973066,ScGeRh2,
mp-985278,AcF3,
mp-973064,LaH3,
mp-973058,LiLu2Al,
mp-973056,Na2CdHg,
mp-973055,Hg3Au,
mp-973024,La3Hf,39.27549867
mp-973053,ScH3,
mp-973022,ScRu3,
mp-973004,ScRu3,
mp-982378,Na3Cr,
mp-972997,HoErCd2,
mp-972993,LiSmAu2,
mp-984769,CaTl2Cd,
mp-972987,Mn3Tl,
mp-984791,CaTmCd2,
mp-972984,HoErAl2,
mp-982373,Pm3Zn,
mp-984785,AcMg3,33
mp-984784,Ba2ZnCd,
mp-972965,GdF3,137.5327626
mp-972971,LaTlHg2,
mp-972970,ScSiRh2,195
mp-972966,Sc2OsAu,
mp-984768,DyHoIr2,
mp-972961,Sc2NiRh,100
mp-984767,DyHoIn2,
mp-982367,Pm3Zr,
mp-972960,La2IrAu,
mp-972957,ScTiRu2,
mp-972949,LaSmZn2,
mp-984761,CsRb2Sb,
mp-972945,HoErAg2,69
mp-982195,KNd3,
mp-972935,ScZnNi2,
mp-972925,ScZn2Au,103
mp-984728,BC,
mp-972914,Sc2AlCd,
mp-984727,Ce3Br,
mp-982065,PrHo3,
mp-982018,Ho3Sb,
mp-982008,Hg3F,
mp-8409,KYO2,79.67419625
mp-984724,Ba2TlZn,
mp-973601,HgI3,
mp-972907,Sc2AlAg,
mp-972899,Sc2GaIr,
mp-984721,BeGaCo2,201
mp-972898,Sc2GaAu,
mp-984720,Ba2AgSb,
mp-973936,NiI,
mp-973554,K3Sm,6.625919962
mp-973622,K3Sr,
mp-974758,Rb3Tl,
mp-984719,BeAg3,99.91510275
mp-9382,SrZrN2,150
mp-9383,SrHfN2,156
mp-9370,RbLuS2,
mp-9369,RbYbS2,
mp-9368,RbTmS2,
mp-9366,RbHoS2,
mp-9367,RbErS2,
mp-9365,RbTbS2,
mp-984718,BAs,131.4463956
mp-9364,RbSmS2,
mp-9363,RbNdS2,
mp-984717,BeNi3,
mp-9362,RbPrS2,
mp-973498,In3Au,
mp-972879,Sc2RuAu,
mp-972866,Sc2PdAu,125
mp-972478,TmLuHg2,
mp-973464,LaEr3,
mp-972420,YErAg2,
mp-8781,SnS,
mp-672388,ThPb,
mp-984713,Dy3Ga,
mp-984712,Cr3Se,
mp-872,BaSn,
mp-973339,Lu3Th,
mp-973334,NaMg,
mp-984711,Cr3Cu,
mp-973320,MgIn3,
mp-973308,MgIn3,
mp-6914,CaGa,35.47142956
mp-973271,K3Y,
mp-772245,CrPtO2,190.7523555
mp-973250,KLa3,
mp-8188,KScO2,97.59641337
mp-8175,KTlO2,
mp-8176,RbTlO2,115
mp-8145,RbScO2,95
mp-973185,ScAgO2,
mp-984707,ErTa3,
mp-973175,ScBi3,
mp-971911,ZnN,126.3817788
mp-984704,CaAgHg2,
mp-764312,VOF2,36
mp-9312,PrNiC2,
mp-984702,CeDyZn2,
mp-984700,CeY3,
mp-971763,ZnSb3,
mp-971761,ZnSi3,
mp-756094,LiFeS2,
mp-971758,ZnNi3,
mp-971757,ZnHg3,
mp-971754,V2ReW,
mp-971753,ZnGe3,
mp-971752,ZnCr3,108.1969879
mp-754344,LiZnO2,104.2076331
mp-971750,Tl3Ir,
mp-984682,Ce2MgAl,
mp-971744,ZnCo3,
mp-984660,Dy2InHg,
mp-971739,ZnCuPt2,212
mp-9263,KErTe2,
mp-971738,ZnCuNi2,
mp-971737,V2OsRu,
mp-984627,Dy2ZnHg,
mp-9241,HoCoC2,
mp-7555,LiMgSnPd,
mp-971720,ZnGa3,
mp-7554,LiMgSnAu,
mp-984598,AuS,
mp-971705,Tm2MgTl,
mp-20055,NpSb,
mp-971703,V3Ag,
mp-971702,YbNdCd2,
mp-971701,ZnAs3,
mp-984551,AcTlHg2,
mp-984549,PmDyRh2,
mp-984544,Dy2ZnIr,
mp-984534,Dy2OsPd,
mp-984518,Ga3Cu,
mp-1096875,CrAgO2,
mp-7821,VSb,
mp-984355,CeErMg2,
mp-984352,Al2CoOs,200.2550562
mp-981383,ScSn3,
mp-9158,LiCuO2,80.90753913
mp-9146,CdHgO2,76.99367739
mp-984335,PmErIn2,
mp-9090,CsYbS2,
mp-9089,CsTmS2,
mp-9086,CsDyS2,
mp-9085,CsTbS2,
mp-9084,CsGdS2,
mp-9082,CsSmS2,
mp-9081,CsNdS2,
mp-20712,EuGe,
mp-9080,CsPrS2,
mp-9076,NaTmS2,48
mp-981385,Sc3P,
mp-984104,Dy2IrAu,
mp-984049,CeYZn2,
mp-9036,KSmTe2,
mp-981210,Tl3V,102
mp-984050,BiH3,74
mp-984048,CeYIn2,
mp-1018040,MgSe,
mp-974432,Re3Sn,
mp-663,NdGe,
mp-996994,FeAuO2,
mp-980385,Tb3Er,
mp-3574,MnAlCu2,
mp-980188,RbYb3,
mp-8758,SmRhC2,
mp-976017,Li3Co,26
mp-982663,K3Ho,
mp-980021,Yb3Os,48
mp-869,TaAl3,132.7914984
mp-979988,YbSm3,
mp-979982,YbPu3,
mp-979953,Yb3Ta,
mp-979952,Yb3Ti,
mp-979951,Yb3U,
mp-24964,SrFeO2,100.5935814
mp-979941,Yb3V,
mp-979938,Yb3Tc,
mp-983908,Er2ZnAu,
mp-979924,Dy3Y,
mp-983850,Ca2AgAu,
mp-983604,Er3As,
mp-983602,CdAg2Au,
mp-983598,Ca2AgBi,
mp-983594,Al3Ga,
mp-983590,Be3Fe,
mp-753287,CaCdO2,
mp-983587,Ac2NiGe,
mp-983586,Ac2SiHg,
mp-983585,Al3Zn,
mp-983584,Al3Tl,
mp-983583,Er2ZnCu,
mp-983581,Er2PdRh,
mp-983566,Ca2AgGe,
mp-983559,CePmZn2,
mp-983556,Er2MgTl,
mp-983555,Er2PdAu,
mp-639727,Cs,
mp-983551,CePmTl2,
mp-983539,BeAu3,
mp-999501,Na,
mp-983497,Pa3Zn,
mp-983460,Li2PmGa,
mp-983444,LiPmZn2,
mp-983430,HfZnPt2,
mp-983429,PmDyRu2,
mp-983428,PmDyIn2,
mp-983427,PmDyHg2,
mp-983426,PmDyCu2,
mp-983425,Li2PmGe,
mp-983412,Ga3Au,
mp-983410,Ho2CuPd,
mp-983409,Ho2MnOs,
mp-979282,TbU3,
mp-979268,Tl3Br,
mp-979262,Tl3F,
mp-979261,TiPd,
mp-979254,SnGe3,
mp-979116,Th3Br,
mp-7176,RbLaSe2,
mp-7753,MgPd3,139.7428971
mp-578618,NaMoO2,
mp-979038,Th3O,
mp-979014,SrAc3,
mp-983388,K3Hg,
mp-979010,TmPu3,
mp-7113,CrAuS2,
mp-978993,Th3S,
mp-634989,TlSbTe2,
mp-634855,InAgS2,
mp-978967,SrDy3,
mp-978965,Th3Ni,
mp-978960,Sm3Tm,
mp-978939,Sm3Th,
mp-639659,InCuPt2,172.1160391
mp-983362,Hf2FeTc,
mp-1065307,TlSbSe2,
mp-983359,GaSi3,85.54887455
mp-571407,UPb,
mp-978906,Sm3Dy,
mp-10026,ScTe,63
mp-983358,HfAlFe2,
mp-978857,SrHgO2,
mp-978849,Sm3Mg,
mp-7473,LiCu2Si,104.0732389
mp-1094993,Ce3Mg,
mp-983312,TmLuRu2,
mp-978832,Sm3Pd,
mp-978829,Sm3Hf,
mp-978828,Sm3Zn,
mp-978825,Sm3Cr,
mp-978798,Sm3I,30
mp-975509,RbBa3,
mp-975057,Rb3Dy,
mp-978795,Sm3Hg,
mp-978790,Sm3Ag,
mp-983237,Ga3Bi,
mp-983236,Pm2ZnOs,
mp-978548,SmEr3,
mp-978546,Sc3Sb,
mp-978535,SmDy3,
mp-978533,SiHg3,
mvc-15384,SbN,
mp-978531,Sc3Pb,
mp-1096698,ZnGeIr2,
mp-978293,Mg3Pb,
mp-978283,Mg3In,22
mp-978279,Mg3Cu,46.28670494
mp-978280,Mg3Ga,
mp-978272,Mg3Br,
mp-983230,Ga3B,
mp-983229,Pm2ZnRh,
mp-978268,MgZn,50.62518933
mp-1014138,ZrB,
mp-978263,MgU,
mp-978258,MgTa,
mp-978277,Mg3Cr,
mp-983154,Pm2ZnPt,
mp-983126,HoTmZn2,
mp-998913,KO3,
mp-975055,Rb3Ac,
mp-975053,Rb3Ba,5
mp-983123,HfMgAu2,
mp-975043,Rb3Ca,8
mp-777047,LiTmO2,108
mp-580226,CuSe,23.19375277
mp-977403,Na3Tl,
mp-974981,Rb3Mg,
mp-677074,PbO,
mp-997160,MnAgO2,
mp-974959,Rb3Li,
mp-9971,YGe,
mp-997051,PdAuO2,
mp-997025,PbAuO2,
mp-9970,ScGe,89.25757956
mp-7708,TlCdS2,
mp-996982,AgBiO2,
mp-983063,PmSmHg2,57
mp-996967,TlCuO2,
mp-996981,TlAuO2,
mp-996952,LaAuO2,
mp-9969,ScSi,101.3268067
mp-983062,K3Cd,
mp-11601,NaErO2,
mp-974862,Rb3Na,
mp-9830,NbP,146
mp-977366,NpSb3,
mp-977365,YbEuIn2,
mp-19210,CoPtO2,178.5855281
mp-977314,NaLu3,
mp-982982,HfH3,
mp-990424,C,
mp-1097352,Nb2FeMo,
mp-977194,Na3Be,
mp-977145,Ho3P,
mp-982974,LiBeAu2,
mp-982929,Pm2AgRh,
mp-982880,Pm3Y,
mp-982873,Na3Tl,
mp-975142,RhI,
mp-634867,TiF3,
mp-982870,HfAlIr2,
mp-634805,ScF3,
mp-982869,PmYAl2,
mp-634410,NaN3,
mp-706,HgF,
mp-982780,K3Cd,
mp-7795,RbSnS2,
mp-982773,Na3Tl,
mp-976347,Kr,
mp-982772,Pm2PtAu,
mp-635393,Ca2PI,
mp-976055,Li3In,4
mp-982739,TmHfCo2,
mp-975647,Pr3Ag,
mp-975642,Pr3Cu,
mp-975641,Pr3Cd,
mp-982730,Ho2ZnIr,
mp-7794,KSnS2,
mp-982725,Nb2RuW,
mp-982724,HoTmTl2,
mp-982667,LiAl2Os,
mp-975570,PuNiC2,
mp-982666,LiAl2Tc,
mp-982665,K3In,
mp-982615,Pm2InAg,
mp-982613,Pm2InHg,59
mp-1096943,CuBrO2,
mp-975461,Hg3Sb,
mp-982595,Na3Re,
mp-7748,NaAlO2,133.412192
mp-975411,RbBr3,
mp-982559,HoAlAu2,
mp-975404,RbCa3,
mp-982443,NaCaPb2,
mp-982388,HoTmMg2,
mp-676113,InAgS2,
mp-982393,Pm2ZnAg,54
mvc-15664,AgN,
mp-982387,Pm2ZnHg,
mp-974966,Rb3Lu,
mvc-15478,CoN,
mp-975298,RbNa3,
mp-632539,TlInS2,
mp-982381,NaCu3,
mp-2450,CaSn,38.03292248
mp-1039188,MgBi,
mp-975253,RbPr3,
mp-975222,RbSr3,
mp-982246,PbAu3,
mp-9889,GaS,14.81609164
mp-953,NbZn3,118.9844971
mp-849057,FeS,
mp-985828,AgBiS2,
mp-982069,YTmIr2,
mvc-14624,MoN,
mp-1039167,CaMg,
mp-975056,Rb3Al,
mp-610,MnAs,
mp-971928,Zn3Ge,
mp-769167,EuYO2,
mp-975037,Rb3Ba,
mp-37514,SrCuO2,110.2196393
mp-675700,Cr2SbTe,
mp-982017,PrYTl2,
mp-949,CoPt,215.9001202
mp-975015,Rb3Ga,
mp-8540,NdRhC2,
mp-974997,Rb3Ge,
mp-974972,Rb3Hf,
mp-985564,InTc3,
mp-982015,LaDyMg2,
mp-985557,Ce3Dy,
mp-985551,CeY3,
mp-974938,Rb3Li,
mp-982010,Pr2CdAg,
mp-982009,Pr2CdSn,
mp-9472,LiAg2Ge,65.24699778
mp-982007,YTmCu2,
mp-1017988,SrCaO2,
mp-974925,NdY3,
mp-29803,SiH,16.74942018
mp-768949,KEuO2,
mp-974883,Rb3Na,
mp-974882,Rb3Mo,
mvc-13927,SnN,
mp-753211,FeCuS2,
mp-974869,Rb3Nb,
mp-982,TmPd3,
mvc-13841,CuN,
mp-981933,NaPd2Pb,
mvc-13808,MnN,
mp-985301,AcDy3,
mp-974856,Rb3Re,
mp-974846,Rb3Os,
mvc-13729,BiN,
mp-974745,Rb3Tm,
mp-973668,LuSi3,
mp-973652,LuRu3,186
mp-974950,Rb3Li,
mp-973646,Lu2ZnHg,
mp-973636,Lu2ZnGa,
mp-973635,Lu2ZnIn,
mp-973631,Lu2AlRu,
mp-973625,Lu2AlTc,
mp-8053,YCo,69.90724271
mp-11537,NbAlRu2,230.519134
mp-69,Sm,
mp-11536,NpRh3,
mp-1608,ZrHg3,81.52623068
mp-571030,TlPd3,132.9228724
mp-7974,RbSmO2,
mp-7976,RbGdO2,
mp-7973,RbNdO2,
mp-7972,RbLaO2,
mp-7015,CsCeS2,
mp-1094978,HfMg,
mp-1067568,Cr3Fe,
mp-675402,CuAgO2,104.853898
mp-7896,Cs2O2,
mp-7895,Rb2O2,
mp-8002,LiGaO2,
mp-8001,LiAlO2,142.0082031
mp-973071,Hg3As,
mp-985059,AcLa3,
mp-984796,BaTh3,
mp-984779,CeDy3,
mp-984776,BeIn3,
mp-984772,Ce3Zn,
mp-675098,SiH2O,
mp-972916,MgCu,68.70908817
mp-972912,La3Er,
mp-972908,La3Dy,
mp-6978,RbHoO2,
mp-570428,Sc3In,61.84879301
mp-984715,Ba3Er,
mp-972300,Sr3Lu,
mp-972285,Sr3Li,11.41070886
mp-788,CoTe,110.3626782
mp-971767,ZnHg3,
mp-971718,ZnBi3,49.9392209
mp-971712,ZnCdS2,
mp-973623,GeBi3,
mp-973606,Nd2IrAu,
mp-973603,Lu2ZnPd,
mp-973572,La2TlHg,
mp-973564,La2TlZn,
mp-973561,LiCe2Ru,68
mp-973557,FeAu3,
mp-973556,LuTh3,
mp-973544,Lu2BeOs,
mp-5693,NaCrS2,59.91196261
mp-672661,GaFe3,140
mp-973538,Lu2AlZn,
mp-973533,FeAg3,
mp-973528,K3Si,
mp-1097490,HfCo2Sb,
mp-8338,TaF3,
mp-973466,In3As,
mp-672374,UNi2Sn,
mp-973456,Lu2TcAu,
mp-973450,Hg3C,
mp-996984,AgClO2,
mp-973446,K3W,
mp-973444,K3V,
mp-973443,Hf2ReTc,
mp-973442,Lu2AgPt,
mp-973434,Hf2IrRu,
mp-973433,LuScRu2,
mp-973432,LuScRh2,107
mp-672340,LiIn2Ru,101.9679184
mp-973430,LuScZn2,
mp-973414,Lu2RuAu,
mp-23154,Br,4.228235039
mp-828,SiNi3,
mp-1096115,LiPd2Au,
mp-973402,SbPd3,
mp-973364,Mg,35.49905692
mp-973353,SbPt3,
mp-973343,Li2MgHg,
mp-973342,SbRh3,
mp-973333,HoLuZn2,
mp-973325,Li2MgGe,
mp-973314,Ho2PdRh,
mp-693,Pr3Tl,
mp-973292,MnBe3,
mp-973286,LiLu2Pd,
mp-973285,HoLuAu2,
mp-973283,HoLuAg2,
mp-973276,HoLuCd2,
mp-973270,Ho2RuAu,
mp-672259,AlFe2Mo,225.3101052
mp-973265,K3Zr,
mp-973256,LaMgTl2,
mp-973254,LaNdHg2,
mp-672232,AlNi3,179.9891301
mp-973232,NdTm3,
mp-5154,HoNiC2,
mp-5175,NaInO2,
mp-973203,Sb3Mo,
mp-817,TmTl3,
mp-973191,LiTl3,
mp-815,GaNi3,179.9429038
mp-973181,Mn3Zn,
mp-8134,UO3,
mp-973170,ScCdAu2,
mp-973153,ScAlPt2,150
mp-973149,Mn3Al,
mp-973143,ScZn3,
mp-973142,ScZn2Pd,
mp-973141,ScCdCu2,
mp-973133,ScCuPd2,
mp-981662,YbU3,
mp-672191,CeInAg2,
mp-932,ScGa3,72.66926483
mp-981548,YErTl2,
mp-981547,PrH3,
mp-511,PrGe,
mp-981546,PrHo3,
mp-981545,Ho3Zr,
mp-981541,TmLuRh2,
mp-981539,Hf2IrPd,
mp-981530,YbPrPd2,
mp-981512,YbLuPt2,
mp-7396,Li3Tl,37
mp-981435,LaNp3,
mp-981397,YbPrMg2,
mp-981393,Lu2HgAu,
mp-922,CoPt3,220.6369595
mp-981392,HoHfOs2,
mp-1064034,LaMg3,
mp-981390,HgBi3,
mp-981387,Hg3Bi,
mp-981384,ScOs3,
mp-981381,Tm2TlHg,
mp-981380,Tl3Zn,
mp-981378,Sr3Yb,
mp-981377,V2ReTc,
mp-981368,Zn2PdPt,
mp-981365,V2ReRu,
mp-981366,Zn3N,105.0988681
mp-981336,Zn3C,101.7237541
mp-981314,YbLuPd2,
mp-981312,ZrCu2Hg,
mp-981311,SrTlHg2,
mp-981262,YbF,
mp-3847,DyCoC2,
mp-3061,TbNiC2,
mp-981251,TmTa3,
mp-3056,NaTlO2,
mp-981234,Yb2InSn,
mp-981233,UCr3,
mp-5106,TbCoC2,168
mp-981215,Zn3Co,
mp-981213,TbSmIr2,
mp-985605,Cs3Ni,
mp-981209,Ti3Ni,
mp-981208,YTmHg2,
mp-900,RhSe,136
mp-973736,GeAs3,70.60409631
mp-979273,TePd3,136
mp-38,Pr,
mp-980948,SrCaIn2,
mp-5841,RbCuC2,
mp-980947,SrCaHg2,30
mp-980946,Sr3Cr,
mp-980945,Ti3Nb,123.1981646
mp-980943,YTmRh2,
mp-980942,YTmMg2,
mp-5273,KPrTe2,
mp-980941,Ti3N,
mp-980940,Ti3N,110.5220257
mp-980905,ZnSn3,49.17325512
mp-378,ErSi,
mp-980749,VFeRu2,
mp-5808,RbNdTe2,
mp-980669,TmLuCo2,
mp-7243,LiSnPd2,
mp-999200,Si,81.97524852
mp-980665,Zn2CuIr,
mp-980662,YTmAl2,
mp-980661,YTlAg2,
mp-5770,AgNO2,
mp-980649,TiNbRu2,
mp-980648,TmThRu2,
mp-980647,TmThOs2,
mp-980646,TmSi3,
mp-980645,YErRh2,
mp-1038828,CaZn,
mp-632282,NaHF2,
mp-980426,TmAlAg2,
mp-1097040,LiCoF2,
mp-980392,TmScHg2,
mp-980387,DyYIr2,
mp-1001284,CsYbS2,
mp-1097030,Li2O2,
mp-7959,KErO2,
mp-7958,KLaO2,
mp-578614,NaCrO2,119.5815493
mp-7942,NaTiS2,51.96100646
mp-980384,YbDyPd2,
mp-980206,TmScRu2,129
mp-8860,Na3As,
mp-1093903,AlVRe2,
mp-980204,TiP3,
mp-980201,TmHfIr2,
mp-1008492,BrCl,
mp-980199,YbDyHg2,
mp-980198,TmLuZn2,
mp-980197,YbErPt2,
mp-2593,AlNi3,179.5078068
mp-980196,YbTm3,
mp-20920,TbIn3,
mp-19338,LiMoO2,
mp-621694,CdCN2,
mp-1063902,MnBi,
mp-881,NpSn3,
mp-1017540,ZrCd,
mp-1017534,ZnCdSe2,
mp-1017531,VPt,
mp-1038878,CeMg3,
mp-980190,LiYb3,
mp-1039164,MgCd,
mp-974774,Rb3Tc,
mp-980189,NaYb3,
mp-980191,BaSrYb2,
mp-980150,Th2ZnTc,
mp-974832,Rb3Pb,
mp-980082,YHo3,
mp-980071,TmLuTl2,
mp-980069,YbPrRh2,
mp-980068,YbSmPd2,
mp-980067,YHoCu2,
mp-980064,YbErHg2,
mp-980063,YbDy3,33
mp-980062,YbErZn2,
mp-980059,TbPmRh2,
mp-976828,MgPb3,
mp-976824,MgPb3,
mp-980055,YErMg2,
mp-980054,YbPbAu2,
mp-980053,YbPrAu2,
mp-980052,Yb3In,
mp-980049,Yb3Re,
mp-975019,Rb3Cd,
mp-980044,YbPrCd2,45
mp-980034,Yb3Mg,19
mp-980014,TmTh3,51
mp-976804,NiAgTe2,
mp-980006,Yb3Os,
mp-980005,AcYbRh2,
mp-980001,YbPr3,
mp-979989,Yb2AgPd,
mp-979987,YbThPt2,
mp-979986,BaCaYb2,
mp-972722,SmAs3,
mp-979984,YbP3,
mp-979981,AcYbGa2,
mp-979968,Yb2CdHg,
mp-979967,Yb2GaHg,
mp-780820,CrO,
mp-979965,YbSmPt2,
mp-979963,Yb3Ti,
mp-979962,AcYbCd2,
mp-976768,NaMg3,
mp-979961,Yb2AgHg,
mp-979956,Yb3Mg,
mp-979955,Yb3Mn,
mp-979954,Yb3Tc,
mp-972658,SmBi3,
mp-979950,AcYbMg2,
mp-979946,DyYCu2,
mp-979945,Yb3V,
mp-979942,Yb3V,
mp-976765,Na3Au,
mp-976742,MgPa3,
mp-979940,Yb3Zr,
mp-979939,Yb3W,
mp-979937,Yb3Ru,
mp-972607,SmHo3,
mp-979936,RbYb3,
mp-979935,RbYb3,
mp-979934,YErHg2,
mp-979931,YNbRu2,
mp-979917,DyYRh2,
mp-979910,VCuRh2,
mp-979751,TaTiFe2,187
mp-979715,YHoAl2,
mp-979713,YHgPd2,
mp-979712,DyYZn2,60
mp-979437,YPaTc2,
mp-979435,YMg2Sc,45.97613521
mp-979434,DyYTl2,
mp-979433,YLuCu2,
mp-979432,YLuCd2,
mp-979430,YLuTl2,
mp-979431,YLuZn2,
mp-979429,YHoCd2,
mp-979427,YHoZn2,
mp-972069,Ti3Ga,
mp-979426,YHoRu2,
mp-979425,YHoAg2,
mp-979424,YErIn2,
mp-979422,YGaAu2,
mp-979423,YGa3,
mp-979421,YErZn2,
mp-979420,YErIr2,
mp-979419,Dy3Y,
mp-979417,DyYCd2,
mp-979413,W3C,
mp-979412,Th3B,
mp-979291,TaZnOs2,
mp-979289,TaW3,
mp-979288,Ta2NbRh,
mp-979287,TbLuHg2,
mp-979283,V3Cu,
mp-979270,Tb2AgIr,
mp-979269,Tl3Cd,
mp-979267,Ta2FeMo,
mp-780415,NaEuO2,
mp-979259,V2ReMo,
mp-979258,Tm2CdHg,
mp-979253,Sm3Tm,
mp-979176,Tm2AgHg,
mp-979114,Th3U,
mp-7187,TiAlNi2,161.8524685
mp-972521,SmGe,
mp-718,SnPd3,145.7479028
mp-755219,ScTlO2,109
mp-979074,TmO3,
mp-979073,TmMg2Sc,42
mp-976423,Nd3Pd,
mp-972517,SmY3,
mp-979057,Sm2ZnAg,54
mp-972077,TcGe3,
mp-976421,Nd3Mg,
mp-976419,Hf3Bi,
mp-974455,Re3Ru,
mp-979045,Tm2CuPd,
mp-979044,Tm2CuAu,
mp-7149,Na2LiN,
mp-979043,Tm2CoCu,
mp-976418,Nd3Ho,
mp-979042,Tm2BeOs,
mp-7140,SiC,212.3817462
mp-976417,Nd3Hg,
mp-979039,Th3Au,
mp-979012,Tm2AlZn,
mp-976410,Nd3Cr,
mp-755183,DyTlO2,
mp-972486,Sm3Ti,
mp-972479,Sm3Sc,
mp-979009,Th3Be,
mp-978994,TmPa3,
mp-976407,Li3Ac,
mp-972471,Sm3Ho,
mp-978995,TmMnRh2,
mp-972472,SnAs3,
mp-978988,TbTmHg2,
mp-972461,Sm3Zr,
mp-978984,TmMgPt2,
mp-978975,TbYTl2,
mp-997183,MnAuO2,
mp-978974,SnRh3,
mp-978973,Sm2ZnHg,
mp-978969,TlAu3,
mp-978964,Th3Mg,
mp-978962,Tl3Fe,
mp-7098,Np,
mp-978953,SrAcTl2,
mp-976365,Nd3Au,
mp-978950,Sm2ZnIn,52
mp-978949,Sm3Ho,
mp-978929,SrAcZn2,
mp-976357,Lu3Sn,
mp-976355,Lu3Si,
mp-649,FePt3,267
mp-972411,Tb3Yb,
mp-978917,Sn3B,58
mp-978912,TbYIr2,
mp-978911,TbYHg2,
mp-978910,TbYRh2,
mp-978908,TbTmRh2,
mp-978907,TbTlAg2,
mp-978891,Sm2InAg,
mp-997089,NaAuO2,
mp-978886,SnB,
mp-998972,TiAu,
mp-974332,S3Br,
mp-978885,SnTe3,
mp-978882,SnBi3,
mp-997084,RbAgO2,
mp-978881,SnAs3,
mp-978856,SrH3,
mp-978855,Sn3B,
mp-991709,GdIn3,
mp-974330,SBr3,
mp-417,MnRh,182.5022479
mvc-11548,CrO3,
mp-753619,BaSrO2,
mp-978833,SmYIn2,
mp-978824,Sm2RuAu,
mp-978823,SmY3,
mp-978815,Sm2TlZn,
mp-978808,Sm2ZnGa,
mp-978807,Sm2TlHg,
mp-978805,SmLuHg2,
mp-978802,Sm3Pd,
mp-978797,Sm3Hf,
mp-978796,SmDyIn2,
mp-997039,AgPdO2,
mp-976272,LiCa3,
mvc-11162,NiN,
mp-974068,Nd3Th,
mp-978625,Sm2MgTl,
mp-978624,Sm2MgIr,73
mp-978564,SmYTl2,
mp-978563,SmHoIn2,
mp-978560,SmZnAg2,
mp-978558,SmErRh2,
mp-978557,SmDyHg2,60
mp-647,NbS,180.2540076
mp-978555,Sm2CdIr,
mp-978554,SmRe3,
mp-978552,SiRh3,237.2925192
mp-978549,SmLuZn2,
mp-978547,SmLuIn2,57
mp-978545,Sm2AgHg,
mp-978544,SmLuTl2,
mp-978543,SmErTl2,
mp-978542,SmErIn2,
mp-978539,SmTmRu2,
mp-978538,SmSnPd2,
mp-978537,SmHoZn2,
mp-978536,SmHoHg2,
mp-978532,CuSiRh2,
mp-978529,SmTmHg2,
mp-753506,LiBiS2,
mp-973992,Ho3Pb,
mp-978528,SmMg2Sc,
mp-978527,SmDyTl2,
mp-31168,Li2AlAg,48.54353243
mp-978523,Sc2ZnCu,
mp-978522,SmYIr2,
mp-978521,SmZn2Cd,
mp-978520,SmDyRu2,
mp-978519,Sm2AlCd,
mp-978517,SmCdPd2,
mp-978516,SmAg2Hg,
mp-978515,SmYAl2,
mp-978514,SmTm3,
mp-978513,SmErMg2,35
mp-978512,SmTmMg2,
mp-978509,Si3Ru,
mp-978511,SmPa3,
mp-999503,MoN,
mp-978507,SmTh3,
mp-973974,K3Mo,
mp-978505,SmLuRu2,
mp-978501,Si3Se,
mp-978502,SmAs3,
mp-978500,Si2TcOs,
mp-976139,Li3Mg,18.99754039
mp-972170,TbY3,
mp-978498,Sc3Al,
mp-978497,Si3H,
mp-978495,SiB,125.6052091
mp-978494,SiSn3,
mp-976135,PrEr3,
mp-978304,Mg3Ta,
mp-978303,Mg3Re,
mp-978291,Mg3Pa,
mp-996995,MnAgO2,106.3705383
mp-978294,Mg3Sn,
mp-996993,CuBrO2,
mp-996992,LiAgO2,
mp-978289,Mg3Np,
mp-978287,Mg3Mo,
mp-978285,Mg3Mn,46
mp-1007760,Ge,58.95421864
mp-978286,Mg3Mn,
mp-978282,Mg3Hg,
mp-996988,LiAgO2,
mp-978281,Mg3Ga,
mp-978276,Mg3Co,
mp-978273,Mg3Cd,39.51545712
mp-976106,Hf3Tl,
mp-999300,PdN,
mp-978271,Mg3Al,
mp-978267,Mg2ZnRh,
mp-978266,Mg2ZnPt,
mp-978265,Mg2ZnPd,
mp-978261,MnBe2Co,129
mp-978256,Mg2TlPb,114
mp-972088,Zr3Zn,93.76982756
mp-978100,Pr2InAg,
mp-996978,CuAuO2,
mp-976075,Li3Ca,
mp-978095,Pr2CdPb,
mp-978094,NdHo3,
mp-978096,Pu3Au,
mp-996975,CuAgO2,105.9940182
mp-996973,CuHgO2,
mp-996971,CuPdO2,
mp-976053,Ge3Te,
mp-996966,KAgO2,
mp-978089,Pr2IrAu,
mp-978085,Pr2TlAg,51
mp-978083,Pr2ZnAg,
mp-976029,Ho3Zr,
mp-977997,ZnMo3,
mp-977593,Tm2CuTc,
mp-977590,NdInPd2,
mp-977589,Tm2TlCd,
mp-977586,MgSc2In,
mp-977585,Zr3Tl,
mp-977583,LiNpIr2,
mp-977582,ZrZnRh2,174
mp-977581,EuHgAu2,
mp-977580,MgSc2Al,64.742247
mp-977579,MgSbPd2,
mp-977578,Zr2TcPd,
mp-977576,NdZnAu2,
mp-977575,MgSbRu2,
mp-977574,HoSbPd2,
mp-977573,HfH3,
mp-977572,Hf2MnRh,
mp-996955,HAuO2,
mp-977571,MgRh2Pb,
mp-977570,LiPr2Os,
mp-996954,CuPtO2,
mp-996953,CuHO2,
mp-977568,ZrSnPd2,192
mp-977567,Hf2CuRe,
mp-977566,MgScPd2,
mp-977565,NdBiAu2,76
mp-753298,PrYO2,
mp-973881,PmDy3,
mp-977564,MgScHg2,
mp-977563,LiNbIr2,
mp-977562,NdCdAu2,
mp-977561,LiTaIr2,
mp-977558,MgPaRu2,
mp-977557,NdCdPd2,
mp-977556,MgScCd2,
mp-977555,MgNbRh2,
mp-977554,MgScAg2,
mp-977553,Yb2PtAu,
mp-977551,ErLuMg2,
mp-977552,Be3Tc,
mp-977550,ZrScOs2,
mp-977549,Zr2OsRu,
mp-977547,MgZnRh2,
mp-977546,Pm2ZnGa,
mp-977545,ZrTc2W,
mp-977544,Hf2ReNi,
mp-753260,LaAgO2,
mp-977543,ZrInRh2,
mp-977542,LiTbTl2,
mp-977541,Hf2TcOs,
mp-977540,CaBiPd2,
mp-753226,SmAgO2,
mp-977539,LiNd2Ru,
mp-977538,ErZnRh2,
mp-977537,ZrCdRh2,
mp-977535,ErAlAg2,
mp-977534,ZrNbTc2,
mp-977475,ZrInPd2,
mp-977463,MgMnRh2,133.2487808
mp-977462,ZrCdAu2,
mp-977454,HgPd2Au,
mp-977453,Ca2CdIn,
mp-977445,Nd2ZnIr,
mp-977444,PaAgAu2,
mp-977443,ZrGeRu2,
mp-977442,Yb2ZnGa,34
mp-977441,MgPaRh2,2533
mp-977439,Ce2ZnPb,
mp-977440,LiTiPt2,
mp-977438,MgInRh2,
mp-977437,HoZrOs2,
mp-977436,ZrAlRu2,
mp-977435,ZrAlRh2,201
mp-977434,Nb3Ru,
mp-971906,TmBi3,
mp-977433,ErMgZn2,
mp-977430,MgNbRu2,
mp-973792,Pa3Tl,
mp-977427,Zn2PtRh,
mp-977425,Ta2CrRu,
mp-685146,CdTe,34.53699146
mp-977424,Yb2ZnPb,40
mp-977423,Yb2ZnRh,
mp-977422,NpCdAu2,
mp-977421,TbGaRh2,
mp-977418,LiMgAu2,
mp-977416,Er2AgIr,
mp-977415,HoCdAu2,
mp-977413,HoCdHg2,
mp-977411,NpSnAu2,
mp-977410,NbGaFe2,
mp-977409,NbTc2Ge,
mp-975812,PrSm3,
mp-997182,C,115.0319053
mp-977407,Hf2ReRh,
mp-977406,Ho2AlOs,
mp-977405,LiLu2Rh,
mp-977404,Nd2AgIr,
mp-640024,HfInNi2,144
mp-977402,NpInRh2,
mp-977401,NbGaRu2,
mp-973767,PmBi3,
mp-975795,PrTm3,
mp-974970,Rb3Mn,
mp-977400,ErInRh2,
mp-771,MnAl,132.9664895
mp-977399,LiMgPd2,
mp-977398,TbCdAg2,
mp-1066718,Mn3Ge,
mp-977397,TbCdPd2,
mp-977396,TbMgRh2,
mp-973748,LiIn3,
mp-971835,Tl3H,
mp-973741,LiHo3,
mp-971833,Tm3V,
mp-971832,ZnIn3,
mp-971831,Tm3Th,
mp-975784,PrY3,
mp-977394,TbAlAg2,
mp-977392,Ho2MgIn,
mp-977393,LiLu2Ru,
mp-995195,HC,
mp-977391,LiNd2Os,
mp-974371,Rh3Br,
mp-977390,Ta3Ru,
mp-977387,TbAgHg2,
mp-977386,LiLu2Tc,
mp-850036,MnS,
mp-977385,NpH3,
mp-977384,ZnSiRh2,
mp-977383,ZnPd2Au,
mp-977382,Ta2VRu,232.1745824
mp-977378,ErCdAg2,
mp-977380,LiMg2Pd,
mp-977379,Ho2NiIr,
mp-977376,TbCdAu2,
mp-971775,ZnPb3,
mp-977374,LiLuPd2,
mp-977372,Pm2SnHg,
mp-7240,NaRuO2,
mp-977369,HoMgHg2,
mp-690794,Sr2HN,
mp-977367,CdInRh2,140
mp-977364,HoPaOs2,
mp-977363,Ta2TcMo,
mp-977362,ZnGaRh2,
mp-977361,ZnFeRh2,
mp-977360,AcF3,
mp-977359,CaSnAu2,
mp-977358,Ho2AgIr,
mp-977357,Ta2ReRu,
mp-977356,ZnGaIr2,
mp-752947,NaTiS2,53.62633421
mp-977354,HoTaOs2,
mp-977353,Ta2ReMo,
mp-977352,ThMgZn2,
mp-977325,Np3Be,
mp-977310,OsAu3,
mp-977299,Li3Pu,
mp-977286,Li3Sm,
mp-977283,MgRe3,
mp-977275,LuBi3,
mp-977239,Li3Th,
mp-977224,PrAs3,
mp-977212,NpMn3,
mp-977205,NaTl2Pd,-141
mp-1063607,CrPdO2,
mp-977204,NaTl2Sb,
mp-977200,Na3C,
mp-755311,NaLuO2,
mp-977189,Na3Bi,
mp-977187,La2MgTl,
mp-977182,NaNb3,
mp-637292,NaCrS2,
mp-977181,NaMo3,
mp-977162,NaTl2Pb,
mp-977155,NpFe3,
mp-989695,Cu,141.8910183
mp-977143,LaDyRu2,
mp-977140,NaTa3,
mp-977138,NaTc3,
mp-977128,NaRu3,
mp-977115,NaSrHg2,
mp-977113,MgPdAu2,
mp-977110,NaSnPd2,
mp-752767,LiAgF2,
mp-977062,Na3Ca,
mp-975868,Li3Al,26.37037781
mp-1064265,MnSe,
mp-977,LuIn3,
mp-4972,LuInCu2,
mp-23159,SrBi3,42
mp-21430,YbPb3,
mp-21432,LaPb3,
mp-19977,SmIn3,
mp-4990,MnSnRh2,171.4830523
mp-23177,HgBr,11.52284701
mp-29868,LiAuC2,
mp-2987,Li2MgTl,28.93239296
mp-20369,CeIn3,48.81387558
mp-2988,Li2GaRh,
mp-985295,Ag3P,
mp-23201,BaBi3,
mp-21467,TiCo2Sn,168.1828151
mp-21469,VCo2Sn,175.0065502
mp-23202,InI,11.94257554
mp-980057,SrAlGeH,
mp-21475,SmInCu2,
mp-867200,Pm,39
mp-20033,SnIr,154.6077207
mp-21481,Pr3Pb,38
mp-21482,NpIn3,
mp-21483,Nd3In,
mp-23222,Li3Bi,28.24359223
mp-567787,LiInAg2,
mp-31178,DyAl3,
mp-28554,Ca2AsI,
mp-20072,LaCuO2,
mp-1612,AgO,
mp-978524,Si3Ag,
mp-35695,Li2HN,
mp-23301,BiF3,
mp-23304,Rb3Bi,
mp-23306,CuI,
mp-25470,AlCl3,
mp-300,YbPt3,161
mp-20122,DyGe,
mp-28638,Gd2CCl,
mp-20131,YIn3,
mp-28650,CsBr2F,
mp-20136,BaPb,
mp-20139,Mn3Ge,
mp-20145,TiGaCo2,184.9154002
mp-752924,NaYbO2,
mp-20149,GdMg2Ag,
mp-20160,Mn2GaCo,
mp-20162,InAgS2,
mp-974641,K3Tl,39
mp-975794,Li3Be,20
mp-30041,RbBiS2,
mp-30044,Fe2CoGe,
mp-31166,DyTlS2,
mp-31169,ScAlAg2,97
mp-31171,Zn2AgAu,101.8342982
mp-504594,ZrBr,18.80177401
mp-31173,CeCd2Ag,
mp-31175,CeMg2Ag,
mp-20176,DyPb3,
mp-31185,MnAlFe2,196
mp-31186,AlFe2Ni,148.2176007
mp-31187,TiAlFe2,184.5604671
mp-30069,CuNi2Sb,148.689236
mp-20228,MnGaNi2,151.9772116
mp-30079,LiMg2Ge,
mp-978290,Mg3Os,85.49955059
mp-1018032,SrCdO2,
mp-20206,ThIn3,
mp-1038837,CeMg3,
mp-20211,Mn3Si,206.2538165
mp-20214,UGa3,
mp-1065190,AgO,
mp-20215,LaS,
mp-20225,CePb3,49.50965516
mp-3464,FeSiRu2,236.809286
mp-1012435,PbS,
mp-20236,DyIn3,
mp-1096992,Hg,
mp-644280,GaCuPt2,186.7741287
mp-20262,Pu3Pb,
mp-1063989,TlCrSe2,
mp-20265,LiIn2Pt,78.03996103
mp-974933,Rb3Mo,
mp-30341,TiAgHg2,
mp-20272,GdPt3,
mp-20279,NbInSe2,44
mp-288,PtS,132.6210211
mp-20291,YPb3,
mp-1014160,ZrN,
mp-999496,Na3N,
mp-20309,EuPb3,-10
mp-21844,UTl3,
mp-21845,FePd3,174.3585658
mp-21865,FeCu2Sn,
mp-20336,USn3,
mp-1067154,KNO2,
mp-2189,CrSe,
mp-20344,Fe3Ge,177.491336
mp-567832,TiTe,87
mp-1096971,GaAgO2,
mp-21883,VGaFe2,228.3033376
mp-3498,HfGaNi2,164.5823844
mp-20358,UInAu2,
mp-20360,PuIn3,
mp-20363,LiGa2Pt,98.27915112
mp-20365,NpGe3,
mp-3499,MnSbPd2,120.5993432
mp-3504,NbNi2Sn,178.4103852
mp-20387,EuSn3,
mp-1094949,CeMg3,
mp-20389,Na2CdPb,
mp-20394,EuPb,
mp-48,C,121.9624027
mp-20440,MnNi2Sn,145.7421076
mp-20420,KGdTe2,
mp-35216,BiTe3,
mp-20425,NpSi3,
mp-1094968,Y3Mg,
mp-22003,NaN3,25.75850754
mp-567200,Li2InIr,
mp-22009,PbSe,
mp-3532,CrAgSe2,63.91694669
mp-3535,RbCeS2,
mp-3539,NbGaNi2,192
mp-20469,YbIn3,
mp-991296,MnNi2Ge,
mp-27679,LaBr,7.845751684
mp-505158,CsHoS2,
mp-20481,MnSnPd2,133
mp-20486,Pu3Ga,
mp-20487,La3Ga,
mp-27418,KAuO2,
mp-20491,LaInCu2,
mp-978034,Rb3Sm,
mp-764292,VO2F,12.39839063
mp-20503,GdTl3,
mp-27440,ZrCl,18.53029214
mp-30338,Y3Al,49.33241558
mp-3567,NaVSe2,46.58486349
mp-1798,CeMg3,38.03434506
mp-20512,FeSn,
mp-30340,ErInAg2,
mp-20516,InPt3,204.5878254
mp-30343,InAg3,
mp-30342,HoInAg2,
mp-30344,Li2InAg,
mp-30347,ScInAg2,83.0993264
mp-30349,Li2AgPb,
mp-20521,ScInPt2,139.7869902
mp-30350,Li2AgSn,
mp-30351,MgAg3,73.63986625
mp-30353,AgPt3,205.0330864
mp-20526,PbS,6.63348565
mp-30360,TmAg3,
mp-2705,VPt3,240.7439426
mp-30362,Zr3Ag,
mp-20539,ScIn3,56.34901181
mp-3576,HfGaCo2,174.2814167
mp-30374,DyInAu2,
mp-1064854,TiCo2Si,
mp-20551,GaCo2Ni,180.3759421
mp-30376,ErInAu2,
mp-31328,MnInPd2,127.3573715
mp-8936,SnSe,
mp-30381,Li2GaAu,43
mp-20555,NaPb3,
mp-974738,KSr3,16
mp-35841,Li2CuGe,61.07815378
mp-20560,CeS,30
mp-30388,HoInAu2,
mp-31337,InPd3,140.1430734
mp-30392,Li2InAu,
mp-991520,MnNi2Sn,
mp-20566,MgIn3,40.06911028
mp-30393,LuInAu2,
mp-30395,ScInAu2,99.89823246
mp-20567,LiGa2Ru,
mp-30403,Li2PbAu,
mp-30404,Li2SbAu,53
mp-30405,Li2SnAu,57.83048358
mp-30406,Li2TlAu,
mp-31349,Sr3In,
mp-20581,Ca3In,24.99675838
mp-20586,VCo2Si,213.1144062
mp-542632,GdNi,
mp-27507,ScCl,14.1837621
mp-20601,NdPb3,
mp-20603,CeTl3,
mp-974751,Rb3Zn,
mp-676270,Cr2AsSe,
mp-30419,USnAu2,
mp-999394,Nb3Ni,
mp-20628,NaIn,
mp-1094997,Ce3Mg,
mp-24093,CuH,108
mp-36209,TmCuSe2,
mp-3623,MnAlCo2,191.7960377
mp-18921,NaCoO2,
mp-19419,LiFeO2,121.4071866
mp-1039055,Mg3Cd,
mp-22221,MnCu2Sn,
mp-30465,YBiPd2,94
mp-30482,Ca3Tl,
mp-3648,Zn2CuAu,
mp-29131,VSe,
mp-29132,RuCl2O,
mp-29133,OsCl2O,
mp-24199,LiHF2,
mp-20695,Zr3In,96.69946305
mp-21273,FeTe,20.41824849
mp-973354,SbPt3,
mp-30500,TiCd,81
mp-31380,SmPd,
mp-27639,IBr,2.302500511
mp-2562,MnS,60.4035485
mp-30504,CeMg2Cu,
mp-22276,Mn2InCo,
mp-1038788,CeMg,
mp-22289,Mn2CoGe,184
mp-981200,Zn3Cd,
mp-1016283,SrMg3,
mp-20730,HfCo2Sn,163.7868245
mp-20735,Ce3Sn,
mp-20741,ReO3,240
mp-20744,ZrInNi2,139.4696505
mp-1039083,CeMg,
mp-22382,TbInAg2,
mp-20801,LiIn2Pd,64.83152129
mp-20821,NpGa3,
mp-31434,Np3Al,
mp-10656,TmTe,
mp-20828,Pt3Pb,171.8758597
mp-29266,CsS,
mp-20840,MnCo2Sn,169.1111803
mp-22461,Fe3Sn,118.8585508
mp-22460,LiIn,40
mp-31441,Li2GaIr,
mp-22463,TiInNi2,152.4378901
mp-22464,NaO3,
mp-31442,Li2InRh,
mp-20849,Pd3Pb,131.5057465
mp-31443,Li2InIr,
mp-22473,NaInSe2,
mp-20864,VNi2Sn,
mp-30555,TaGaCo2,202.1666117
mp-1039581,CeMg,
mp-27869,Ba2PCl,
mp-1067714,Nb3Fe,
mp-979137,SrGaSiH,
mp-30564,ThCo,
mp-22562,YS,
mp-22566,TlInS2,46.64366308
mp-27923,TbCl,
mp-27924,TbBr,
mp-27929,LaCl,
mp-22580,ZrGaNi2,152
mp-30580,SrGaCu2,53.00145842
mp-3909,ZrAlCo2,160.9279828
mp-3915,BaHgO2,
mp-29404,La2CCl,
mp-30583,ZrCuHg2,
mp-30582,HfCuHg2,
mp-30586,HoInCu2,84
mp-30591,Li2CuSn,51.711401
mp-30592,CuNi2Sn,
mp-30593,ZnCu2Ni,142.7278498
mp-30595,CuSnRh2,177
mp-3942,TmSnPd2,
mp-3944,ZrAlNi2,148.5619483
mp-396,YbGa,
mp-31498,BaPt,49.53731918
mp-30606,DyInPd2,
mp-31526,CoHO2,
mp-4026,KCrS2,
mp-18957,NaMnO2,
mp-1029375,BaCN2,48
mp-982205,Rb3Cd,
mp-4037,TmNiC2,
mp-30635,Fe3Pd,165.0134716
mp-4053,YbSnPd2,
mp-165,Si,88.97075682
mp-30648,LiMg2Ga,41.56055789
mp-30657,TiGaNi2,165.9294287
mp-4123,ErTlS2,
mp-30658,VGaNi2,185.6913144
mp-752398,BaCuO2,97.37738565
mp-30661,ScGaPd2,130.6569516
mp-4182,CrAgS2,75.49195236
mp-578615,NaMnO2,
mp-561203,F2,4.517990561
mp-567076,Li2BiAu,
mp-567097,LiCu2Ge,89
mp-971960,Zn3Os,152.7973859
mp-567144,Sb,
mp-1097744,C3N,
mp-567164,BRh,275.1430428
mp-569250,VIr,273
mp-30727,MgCdAg2,69.32204373
mp-976280,LiBr,17.70220954
mp-977230,Li3Tc,35.96389293
mp-538,CaAg,
mp-1095970,FeCuPd2,
mp-567210,TbInAu2,
mp-5383,NdNiC2,
mp-2731,TiGa3,99.70290209
mp-5385,TbSnPd2,
mp-30731,HoSnPd2,
mp-5396,MnCo2Sb,150.0168934
mp-570950,NaLi2N,
mp-818857,LiVO2,
mp-30738,LiIr3,
mp-30741,PaIr3,251
mp-567290,LaN,86.33357131
mp-30744,IrW,334.1922346
mp-571454,LiAgC2,
mp-567347,Li2AgSn,
mp-567348,TmInPd2,
mp-569304,C,
mp-578619,NaNiO2,96
mp-567379,Bi,
mp-567389,Li2ZnGe,42.93665258
mp-30758,Li2MgPb,30.80781752
mp-30759,LiMg2Tl,32.95441795
mp-567409,Sb,
mp-30760,Li3Pb,
mp-1096942,CsBiSe2,
mp-30763,LiPd2Pb,90.75807897
mp-1038975,MgCd,
mp-569333,Li2AgBi,
mp-635,ScRh3,184.3189033
mp-976972,HoTmCu2,
mp-11742,CsNdTe2,
mp-634930,YbH3,
mp-972874,SeBr3,12
mp-676400,TlNO2,
mp-8927,TaCuN2,203.0239588
mp-976949,Lu3In,
mp-865847,Lu2CuPt,
mp-976943,NaRe3,
mp-976939,Ho2OsPt,
mp-752549,LiAgF2,
mp-30493,ZnCdPt2,154.7992837
mp-976931,LuAlAg2,
mp-975932,PrLuIn2,
mp-975650,Pr2ZnHg,
mp-975639,Pr3Er,
mp-628773,SnSe,12.16162924
mp-752474,NbOF2,
mp-775236,LiMnO2,101.8913305
mp-11387,HfGa3,102.3116335
mp-10648,YbSe,
mp-975638,Pr3Hf,
mp-975616,LaEuZn2,
mp-975611,Ge3B,
mp-975609,Li2TlPb,
mp-975608,Li2TlPt,55
mp-975606,InN3,
mp-974315,RuI,
mp-631536,KBIr2,
mp-631532,BaBe2Te,
mp-631516,Be2HgTe,
mp-631510,HfBe2Bi,
mp-775113,NaMnO2,94
mp-631496,Be2ReCl,
mp-975578,Li2SnHg,
mp-975554,Pu3Sc,
mp-975537,NdInRh2,
mp-975528,NdDyTl2,
mp-975524,InGe3,
mp-975522,NdLuTl2,
mp-975518,NdLuIn2,
mp-975515,NdLuMg2,
mp-975512,InSb3,
mp-975511,InSb3,50
mp-975468,RbAc3,
mp-975467,Mn3Hg,
mp-975442,NdErIn2,
mp-975439,Mn3S,
mp-867735,PrSmO2,
mp-863710,KAcTe2,37
mp-867722,PrNdO2,
mp-8880,AlP,82.88970372
mp-863707,KNa2Bi,
mp-975390,RbCa3,
mp-973535,K3Sc,
mp-975388,NdDy3,
mp-1039120,CaMg,
mp-623,HgPt,146.9869306
mp-975383,RbCa3,3
mp-975368,LiCa2Mg,
mp-760482,F2,2.305929164
mp-906843,CePd3,
mp-975312,RbF3,
mp-975275,RbNa2Sb,15
mp-975256,Ho3Hg,
mp-975219,RbSr3,
mp-865985,CdPd3,137.0232468
mp-25647,LiWO2,
mp-864928,BrCl,
mp-981232,Ti3Nb,
mp-573448,CrSe,
mp-975198,RbTl3,
mp-975199,RbSr3,
mp-862901,PmF3,
mp-975184,NdMgTl2,
mp-975176,Rb2HgAu,
mp-862716,LiAg3,
mp-862797,RbAcTe2,
mp-632326,HCl,
mp-632229,HBr,
mp-20519,CdInS2,
mp-861937,Ba2AsAu,
mp-975073,NdAu3,
mp-861605,AcH3,
mvc-14553,FeN,
mp-677241,LuCuSe2,
mp-31170,Cd2AgAu,
mp-1096820,AlAgS2,
mp-632672,LiHF2,
mp-975051,Rb3Ag,
mp-975049,NdSmHg2,
mp-779972,ZnCoO2,169.6542543
mp-975045,Rb3Cr,
mp-973174,NaAg3,47
mp-8566,Ag,86.31553597
mp-2644,CoSb,136.6993564
mp-974973,HfZrZn2,111
mvc-16214,CaFeO2,
mp-974949,Rb3Ir,
mp-985299,Ag3N,
mp-974948,Rb3In,
mp-974943,HfZrTc2,
mp-985471,Ce2ZnHg,
mp-985450,CaAcIn2,
mp-975452,Hg3Rh,
mp-599,TiTe,
mp-985443,Ag3Hg,
mp-985438,Ce2CdHg,
mp-974865,NdY3,
mp-861601,PuPd3,
mp-974820,Rb3Tc,
mp-1094971,MgGa3,
mp-632296,HF,8.195744381
mp-985300,AcEr3,
mp-1018353,CeRh,
mp-676310,Ni2SbTe,104.1613145
mp-696572,TiP,
mp-974743,Rb3V,
mp-675902,YCuSe2,63.4892624
mp-1064953,YAl,
mp-974843,Rb3Os,
mp-985297,Ag3Rh,
mp-985296,Ag3Pd,
mp-974834,EuNi3,
mp-21175,TaGaNi2,187.4070631
mp-757021,KGdO2,
mp-7487,BaO,
mp-977057,NpAs3,
mp-974827,KPr3,
mp-985285,CoHg3,
mp-985283,Ag3Ge,
mp-996996,CrAuO2,
mp-3726,Li2GaPt,84.70138797
mp-372,VPt3,241.3791421
mp-997163,MnAuO2,
mp-371,La3Tl,
mp-905565,MnAlCu2,
mp-623012,CuTe,
mp-559,YPd3,126
mp-769933,NiHgO2,106.6227479
mp-756784,LiSbS2,
mp-5181,LuSnPd2,
mp-675349,DyCuSe2,
mp-323,LaF3,
mp-5159,LiGa2Pd,80.35515066
mp-380,ZnSe,55.67130718
mp-765869,CoAgO2,127.8763158
mp-5149,NbAlCo2,192.0444116
mp-5124,MnNi2Sb,138.1525973
mp-3158,Li2SbPt,81.33136984
mp-388,ErPb3,
mp-675180,ErCuSe2,
mp-978499,SiAs3,
mp-2251,Li3N,51.73306124
mp-5921,TaAlNi2,191.5374975
mp-3201,Li2GaPd,66.81462244
mp-5850,ErSnPd2,
mp-7132,DySe,
mp-3791,ScCo2Sn,136.2410593
mp-979274,UAg3,
mp-568177,CaAlSiH,
mp-2935,Li2GeAu,
mp-526,CaTl3,
mp-2927,LiAg2Sn,
mp-772856,CuHgO2,44.25415618
mp-5778,AlVFe2,217.5795492
mp-376,PrSn3,
mp-973278,KSr3,
mp-980060,TbAg3,
mp-375,UO3,150.2675708
mp-21484,PuGe3,
mp-5221,HfAlCo2,172.3503025
mp-5748,HfAlNi2,164.5044836
mp-3740,TiNi2Sn,155.7949447
mp-5077,NaLi2Sb,29.41397618
mp-571163,MnSbRh2,162.5561034
mp-1065506,FeSe,
mp-756034,NaSmO2,
mp-631619,KCaNi2,
mp-631578,BeSbAs2,
mp-631574,Ba2BeGa,
mp-631564,MgBe2B,
mp-1065854,GdMg3,
mp-849065,VS,
mp-917028,Ti3Ag,
mp-981391,Hg3Ir,
mp-555601,TiF3,
mp-912418,TiGaFe2,
mp-755714,SrEuO2,
mp-1018047,LaSn,
mp-975028,Rb3Cd,
mp-754126,CuAuO2,143.1149095
mp-755581,NaCeO2,
mp-755552,LiYS2,
mp-755544,YTlO2,
mp-203,NiTe,100.5549283
mp-613052,Eu2PBr,
mp-755426,NdSmO2,
mp-974866,Rb3Na,
mp-755389,CaEuO2,
mp-755378,NaPdO2,89.71353831
mp-571079,TlCl,
mp-974940,Rb3Mg,
mp-631489,Be2CdP,
mp-755010,KYbO2,
mp-754992,LuTlO2,
mp-631450,BeGe2Te,
mp-631412,NbRu2Cl,
mp-754933,SmTlO2,
mp-624070,GdInPd2,
mp-772231,RbCrO2,107.7111123
mp-754883,KHoO2,
mp-972373,Tl,35
mp-614489,GdInCu2,
mp-614895,Pu3In,
mp-754850,NaTiS2,51.91615452
mp-601820,Fe3Co,186.9816202
mp-754823,ErTlO2,
mp-601223,BN,714.5035035
mp-776563,CrO3,
mp-754777,NaLaO2,
mvc-11943,CrO3,
mp-754825,NaTmO2,
mp-991416,Ce3Ga,
mp-754671,YScO2,114.6025425
mp-1017544,ZrRu3,
mp-1003402,CaMnO2,
mp-1017543,ZrPd3,
mp-1017542,ZrOs3,
mp-1017546,ZrN,
mp-1017539,ZnO,
mp-1017533,YN,
mp-1017532,VN,
mp-1017530,VH,
mp-1017529,VCo3,
mp-569775,ZrAl3,100.2872787
mp-754555,HoTlO2,
mp-754542,LiVS2,63.91512056
mp-754538,HgPtO2,41.69055618
mp-754541,TmTlO2,
mp-754567,NaCdO2,71.48581014
mp-754502,SmYO2,
mp-974822,Rb3P,
mp-972884,Sc2AlCu,
mp-972882,Sc2CdAg,
mp-976903,NaNd3,
mp-11513,NbNi3,209.4614867
mp-972877,Sc2AlIr,
mp-974799,Rb3Sr,
mp-974789,Rb3Sn,
mp-754472,HoCuO2,
mp-972869,Sc2GaPt,
mp-974782,NdTlAg2,
mp-976884,PrBiPd2,
mp-972861,Sc2TlTc,
mp-974779,NdTh3,
mp-972848,SiC3,
mp-974770,NdZn2Cd,
mp-976872,NaNi3,
mp-976870,NaNi3,
mp-972837,SiBi3,
mp-972828,Cu3Si,139.3746054
mp-976863,NaTm3,
mp-976856,NaMg3,
mp-974754,NdPa3,
mp-976847,Ni3Sb,
mp-972810,SiTc2W,
mp-567454,NdGa3,
mp-30773,MgNi2Sb,110.4924465
mp-30774,MgNi2Sn,114
mp-30777,MgPt3,182.2381208
mp-545,TiS,
mp-973976,LuBr,
mp-545512,CaO,87
mp-569352,NdTl3,
mp-30785,Mn3Pt,89.52702447
mp-561320,PbS,
mp-545552,SnO,
mp-571512,TePt,
mp-1066262,Ti2MnSi,
mp-567589,DyAl3,
mp-559374,TiS3,
mp-546500,NaCNO,26.80005591
mp-569402,VP,
mp-546787,KNO2,
mp-567736,TaPbSe2,
mp-1065697,O2,
mp-561367,F2,5.301289792
mp-567809,AgI,4.591545266
mp-567833,EuSn,
mp-569440,TmInAg2,
mp-569446,NiPb,86.28983274
mp-571584,LiMgSbPt,
mp-976408,Li3Ag,17
mp-567981,CrGaCo2,198.4717933
mp-568042,Np3Tl,
mp-976971,NaPd3,
mp-568087,Bi,
mp-568139,NdInAu2,
mp-552674,ZrTaNO,
mp-980070,YbEr3,
mp-8881,AlAs,67.35960099
mp-1001780,LuCuS2,
mp-568342,TbCl,
mp-865425,ZnPd3,152.416971
mp-1018062,FeSnRh2,
mp-554055,HoS,
mp-571555,InCl,9.298670726
mp-554134,SnS,2.655676592
mp-2097,SnO,32.27493137
mp-569668,VSe,49
mp-569677,Sr2IN,
mp-561373,CoO,
mp-569679,ZnSe,10.69270204
mp-568516,K3Bi,
mp-558604,CrS,
mp-574025,HfInAu2,126.648733
mp-873,VPd3,177.6387949
mp-561586,CsLaS2,
mp-568537,YbInAu2,
mp-976774,NiGe3,
mp-561619,CsLuS2,
mp-569752,UPt,
mp-554462,TiS,138.0254832
mp-578606,NaCuO2,
mp-569768,NdInAg2,
mp-568565,CrAs,88.41751507
mp-569792,CuBi,
mp-557835,TlF,
mp-554609,VS,164.0770826
mp-568596,SmInAu2,
mp-559676,SnS,28.10774663
mp-561751,CsErS2,
mp-555345,CrCuS2,
mp-569823,YInAg2,
mp-570747,N2,
mp-540793,VCl2O,28.96718137
mp-558071,RbS,
mp-580329,Pu3Sn,
mp-580357,Cu3Pd,146.37735
mp-20130,Pu3Al,
mp-604908,CoSe,16.27319846
mp-581024,CsK2Sb,
mp-568711,VPd3,179.8530297
mp-568719,SmInAg2,
mp-1018091,CaGaSnH,
mp-1093653,HfTiRh2,
mp-581707,ZrInAu2,
mp-540884,YCl,
mp-568789,TiSe,111.7352007
mp-1066445,AlVCo2,
mp-581833,RbN3,17.19515961
mp-581934,Pu3Ge,
mp-990517,Mn2CoSn,
mp-570018,Ce3Pb,
mp-568830,TmInAu2,
mp-558762,KSnS2,
mp-974748,Rb3Tm,
mp-21431,HoIn3,
mp-558852,FeF3,104
mp-570081,CuI,8.930721286
mp-20053,CrTe,
mp-568908,TiAs,
mp-976830,Ni3Pb,
mp-974744,NdZn2Ag,
mp-972777,Si2OsRu,
mp-754326,NaAgO2,56
mp-972767,Si3F,
mp-976818,Ni3Au,176
mp-974732,Rb3Y,
mp-976809,Ni3S,
mp-972752,Si3As,
mp-754253,EuTlO2,
mp-999133,TaPd,203.8704141
mp-972751,Si3Ge,90.08680585
mp-974708,NdTmTl2,
mp-972741,Si3P,89.31461513
mp-976799,Ni3Bi,
mp-976793,LiEr2Ga,
mp-976784,NiAu3,
mp-976783,Ge3F,
mp-972660,SmHoRh2,
mp-976772,NiAg3,
mp-604914,VSe,23.98270709
mp-974642,LiAg2Pb,
mp-972657,SmBiAu2,
mp-974638,NdErZn2,
mp-972653,SmHoTl2,
mp-972650,SmDyRh2,
mp-974634,LiAg2Pd,
mp-754158,KNdO2,
mp-972649,SmHoRu2,
mp-976744,LiEr2Tl,
mp-972641,SmHoIr2,128.3641639
mp-976743,LiEr2In,
mp-974631,K3Tm,
mp-972640,SmDyZn2,
mp-974627,K3Tl,
mp-972639,SmDyIr2,
mp-972635,SmErHg2,
mp-974617,Hg3Pd,
mp-972633,SmErRu2,
mp-976725,Hf3Au,
mp-974616,Pt3Rh,
mp-972630,SmErZn2,
mp-974611,RePb3,
mp-972626,SmGaAu2,
mp-972623,SmHgAu2,
mp-972601,SmLuMg2,
mp-976600,LiHf2Tc,
mp-976599,LiHg3,-27
mp-976598,LiHf2Ir,
mp-974583,NdSmIr2,
mp-976596,LiLu2Ga,
mp-972572,Sm2PdRh,
mp-976595,LiLu2In,
mp-1080376,Ca3Pb,
mp-976592,K3Ag,
mp-976590,HoTlRh2,
mp-974565,ReP3,
mp-972542,SmTlAu2,
mp-976589,NaIn3,
mp-972541,SmTmTl2,
mp-974545,ReSn3,
mp-976588,HoTh3,
mp-972540,SmYZn2,
mp-974527,NdSmZn2,
mp-604321,Rb,
mp-604318,K,
mp-972539,Sm3Er,
mp-974523,NdErTl2,
mp-972536,Sm2TlAg,
mp-974517,NdErMg2,
mp-972530,Sm2AgRh,
mp-972528,SmYAg2,
mp-972526,SmSnAu2,
mp-973986,Ho,44
mp-976426,LiLuHg2,
mp-972522,SmTmZn2,
mp-974474,ReBr,121
mp-974469,ReTe,
mp-974467,Ru3Cl,
mp-972520,SmSnRh2,
mp-754040,CeSmO2,
mp-976424,LiLa3,25.3252677
mp-974463,LaAg2Sn,
mp-972514,SmTa3,
mp-974458,Re3F,
mp-972511,Sm2AgSn,
mp-976420,Nd3Ho,
mp-972510,SmTmRh2,
mp-974457,Ru3I,227
mp-1094664,MgAl,
mp-974452,Re3C,
mp-972504,Sm2AlZn,
mp-972502,Sm3Dy,
mp-976412,Li3Zn,
mp-974445,Re3Ge,
mp-976411,Li,
mp-972493,Sm2MgRu,
mp-974430,Re3Ir,
mp-24669,CrH,
mp-976406,MgMnPt2,
mp-976405,NaEr3,
mp-974420,Re3Mo,
mp-976404,NaF3,
mp-974417,Re3Sb,
mp-972456,Sm3V,
mp-974416,Re3W,
mp-1097768,KYbSe2,
mp-974415,Re3Pb,
mp-972455,TmLuIn2,
mp-1094027,TmTe,
mp-603347,TiNi,103
mp-972424,TbYbPt2,
mp-974395,Pt3Rh,
mp-976358,Nd3Al,
mp-974387,Nd2AgHg,55
mp-972422,U3Ge,
mp-974386,Rh3F,
mp-972415,YErAl2,
mp-972412,TmLuIr2,
mp-7543,LiVS2,65.69468062
mp-974376,PtRh3,
mp-976344,Nd2ZnGa,
mp-976343,HoErPd2,
mp-972410,TmLuPd2,
mp-976341,Nd2ZnAg,
mp-976339,LiTm2In,
mp-974370,PtRh3,
mp-976334,Li3Tc,36
mp-7914,NaScO2,104.0632947
mp-976333,Li2AcTl,
mp-972400,TmBiPd2,
mp-974358,Ir3Ru,
mp-972396,Ti2MnRe,
mp-976330,LiZr2Ir,
mp-976326,NaInAg2,
mp-972529,SmP3,
mp-976322,Li3Pt,
mp-976321,Li3Pr,
mp-974336,HoO,
mp-976319,NaHo3,
mp-974335,RuRh3,
mp-972370,Yb2InHg,
mp-976311,HoErRu2,
mp-972353,U3Pa,
mp-972337,Ti2IrW,
mp-976286,HoErRh2,
mp-974310,In3Ge,
mp-976289,NaCd2Au,
mp-972328,Ti2IrRh,
mp-972327,Zr2CoOs,
mvc-15387,WN,328
mp-753774,KTmO2,
mp-974309,In3Ga,
mp-976281,Li3Pd,
mp-972326,TcPt3,
mp-974270,Na3Al,
mp-972323,TaNbTc2,
mp-974253,HoErZn2,58
mp-972324,Tc3As,
mp-753722,LiCuS2,42.41844214
mp-974221,HoErTl2,
mp-976265,Hf2OsPd,178
mp-976264,Li3Nd,
mp-974065,LuScPd2,
mp-972275,Ti2ReRu,
mp-2499,BaSi,
mp-974063,HoScRu2,
mp-972274,Tm2ZnHg,
mp-974066,Nd3Sm,
mp-976261,NaCa2In,7
mp-972272,TmAlAu2,
mp-976260,LiTm2Au,
mp-976259,LiTmRh2,101
mp-999441,Nb3Cr,
mp-974059,LiDyIn2,
mp-997030,CaAgO2,
mp-972244,Tm2ZnGa,
mp-974058,LiCu3,-20
mp-974060,LiDy3,
mp-972241,Ti2ReTc,
mp-976256,Li3Mg,20
mp-972238,Ti2VIr,
mp-972237,Tc3H,240.3919148
mp-972236,V2MoW,
mp-976252,Nd2IrRu,
mp-976254,Li3Mg,19
mp-976236,NaCaTl2,
mp-1039142,Ca3Mg,
mp-972217,Ti2CuTc,
mp-972209,Ta2TcW,
mp-976220,NaCdHg2,
mp-972205,V2MoOs,
mp-973996,Lu2GaCu,
mp-972204,V2MoRu,
mp-976182,PrErTl2,
mp-973994,NpPa3,
mp-867347,Al3Tc,144.6200172
mp-1039073,Mg3Bi,
mvc-11024,AlCuO2,
mp-976159,PrErIn2,
mp-973979,LiFePd2,
mp-1018045,Rb,
mp-976155,HoLuRh2,
mp-976151,PrErMg2,
mp-972185,Tl3Hg,
mp-972183,ZrGaPd2,
mp-972180,YbMgIn2,46
mp-976148,K2RbSb,
mp-976142,PrDyTl2,
mp-976143,PrDyZn2,
mp-972174,YbLuTl2,
mp-973969,HoTa3,
mp-976147,PrEr3,
mp-973964,Lu2GaAg,
mp-976138,PrDy3,
mp-976129,PrErZn2,
mp-972156,TbY3,
mp-976122,Ge3Sb,
mp-973957,La2ZnAg,
mp-976125,PrGaAu2,
mp-973956,Lu2CdAg,
mp-972119,SrCaTl2,
mp-973951,Lu2CuRh,
mp-976114,Li2CdHg,
mp-973940,LiCd3,
mp-976113,LaAu3,
mp-1775,SnAu,71.91902796
mp-1018085,CoSnRh2,
mp-972103,U3C,
mp-976111,Ge3Sb,
mp-976082,Mn2GaW,
mp-1096005,Ti2MnZn,
mp-976076,NaAc2Sn,
mp-973933,NiN,
mp-972087,ZrH3,
mp-976072,NaAc2Pb,
mp-978847,SrGaGeH,
mp-972082,Tl3Si,
mp-972072,YbYPd2,
mp-976061,PrGe3,
mp-1018059,GaSb,
mp-976060,Li3C,67
mp-972071,V3Mo,
mp-973910,PaAlCu2,
mp-999454,NaVS2,
mp-973908,PaFe3,
mp-972062,YbTmHg2,
mp-972061,YbTlHg2,
mp-976032,PrHoZn2,
mp-973896,Ni3I,
mp-973895,Ni3H,
mp-976030,PrHoMg2,
mp-973894,LaNdZn2,
mp-976025,Li3Ga,21
mp-973893,Lu2TlHg,
mp-976023,Li3Ga,26.14920032
mp-972046,Yb2HgBi,
mp-973890,HoHfRu2,168
mp-972044,YbTh3,
mp-976010,Li3Cr,
mp-973887,LaPrHg2,
mp-976008,NdTmMg2,
mp-973886,Lu2CoRh,
mp-972036,WN,
mp-972022,Tm2ZnRh,
mp-757100,LiCoS2,71.13566153
mp-975997,NaLi2Pb,
mp-973884,Ni3Hg,
mp-975994,NaLa3,
mp-973882,Lu2PdRh,
mp-975972,PrLuMg2,
mp-971985,TbAlCu2,53
mp-975933,NdHoIn2,
mp-971982,Tm2ZnCu,
mp-975929,Li3Ca,
mp-971979,Tm2ZnAg,
mp-973875,Ga3Ge,53
mp-973874,LiLa2Al,
mp-975920,PrSmTl2,
mp-1067282,Ti3Ag,123
mp-975914,PrMgTl2,
mp-971958,Tm3P,
mp-973865,PaAl3,
mp-973853,Pa3Tc,
mp-971957,Tm3Pb,
mp-975912,Mo3H,
mp-971951,Zr3Pt,
mp-973847,La2ZnGa,
mp-975905,Mo3I,
mp-971948,Zn3Co,
mp-973843,Pa2SbTe,
mp-973841,LiHo2Al,
mp-1135,NbPd3,200.0772153
mp-971941,Zn3Ni,
mp-975897,Hf2RuRh,
mp-975896,PrNdTl2,51
mp-973834,PdAu3,
mp-975893,PrMgAu2,
mp-973831,LiHoPd2,
mp-971926,YErRu2,
mp-975892,PrMgAg2,
mp-1015061,NaLi2Sn,
mp-1014873,NaLi2As,
mp-1014462,Li2YAl,
mp-1093951,NbGaTc2,
mp-971924,DyYAg2,
mp-975887,PrNd3,
mp-973826,LiHoSn2,
mp-971922,DyYAl2,
mp-975886,PrSmZn2,
mp-973824,LiHg3,33
mp-971921,TbSmHg2,
mp-975883,PrNdHg2,
mp-1014281,C3N,
mp-1014111,Ni,17.5827384
mp-975882,Li3Cu,
mp-975880,PrSmMg2,
mp-975848,PrNdMg2,
mp-973788,Ho2CuTc,
mp-971891,Zn2PdAu,137
mp-973786,H3Pb,15
mp-973785,PbN,72.04779012
mp-975822,PrNdZn2,
mp-21098,UPb,65.40633897
mp-11798,Fe3Pt,177
mp-971868,TmMgAg2,
mp-973783,H2,
mp-973779,Nd2CdHg,
mp-975814,Mo3H,
mp-973778,Hg3F,
mp-13156,HfAg,117.2962213
mp-971863,ZnP,
mp-973777,Hg3F,
mp-974368,Rh3Pb,
mp-971859,Zn3B,95.21158654
mp-975802,PrSb3,
mp-973771,Lu2MgHg,
mp-975801,PrTlAg2,
mp-971857,Zn3C,93.39787101
mp-971853,Zn3B,91.16153187
mp-975797,PrSm3,
mp-973759,Lu2MgCd,
mp-973757,PmBiRh2,
mp-971836,Zn2NiIr,207
mp-1096824,AlAgO2,
mp-975793,PrTmTl2,
mp-975789,PrTmMg2,
mp-975788,Pr2AgHg,
mp-19391,NaVO2,114.1725238
mp-975787,PrW3,
mp-975786,Li2TmTl,
mp-973734,Lu2InHg,
mp-975780,Li2TlSn,
mp-971827,Zn2CuPt,
mp-971826,Tl3H,
mp-973732,LiHo3,
mp-975769,PrYZn2,
mp-971820,ZnH,
mp-971819,YLuIn2,
mp-971804,ZnNi3,
mp-971803,ZnHg3,
mp-974816,Rb3Sm,
mp-975664,NdGe3,
mp-971799,DyYHg2,65
mp-973674,HgN,
mp-1973,NbGa3,122.3042329
mp-975656,Pr2NiIr,
mp-975657,PrH,
mp-973662,Lu2ZnCu,
mp-1064801,BN,
mp-662,NiSe,119.0298163
mp-983446,Rb3Pm,
mp-973653,Lu2ZnAg,
mp-20372,Ce,
mp-775022,LiFeOF,
mp-863760,CsAcTe2,
mp-863759,CsK2Bi,
mp-863750,AgAu3,
mp-974990,Rb3Hg,
mp-863257,LiGa3,
mp-863258,Sr2AsAu,
mp-863251,Sr2SbAu,
mp-863027,LiIn3,
mp-861460,AcInTe2,
mp-1064256,GdPd3,
mp-760381,CuS,77.26684309
mp-866132,Na2TlSb,22.2648925
mp-3702,FeCuPt2,197.5537547
mp-866141,TiFe2Si,229
mp-866062,HfSiRu2,224.2687085
mp-1018090,CaGaSiH,
mp-1017985,TiAg,
mp-1094184,HfMg3,
mp-15226,CrWN2,262.2764176
mp-865194,TmF3,
mp-865101,NaLi2Bi,
mp-1016231,CsMg3,
mp-865020,HfMgIr2,184.9505712
mp-1016226,RbMg3,
mp-865081,NaAcTe2,
mp-1094788,MgZn,
mp-1094992,MgGa,
mp-864908,MgTiIr2,198.608365
mp-31339,ScInPd2,118
mp-864755,LiAcTe2,
mp-1018031,KInO2,
mp-636698,YHf2Pb,
mp-636599,FeSnRu2,200.6141261
mp-636359,VFe2Sn,
mp-636331,V3Pt,156
mp-34023,Ba2NbO,21.76789841
mp-1097929,HfMg,
mp-636232,CeInAu2,
mp-636212,GaFe2Co,145
mp-978928,SnCl,
mp-635413,Cs3Bi,
mp-1039117,CaMg3,
mp-635327,NaY2In,
mp-862631,Ba2SbAu,31.43302465
mp-861884,AcGaTe2,
mp-1016218,BaMg3,
mp-632623,MnIn2W,
mp-568917,LaInAg2,
mp-976762,NiAg3,
mp-568949,TlBr,
mp-541047,ZrAlPd2,147.4928687
mp-974364,RuAu3,
mp-570164,YbTl3,
mp-5862,CrCuS2,94.22276582
mp-569020,InSb,
mp-1096975,FeCuS2,
mp-569120,NdPt3,
mp-570286,BiSe,3.473804532
mp-570291,DyGa3,
mp-569125,Mg3In,42.05145055
mp-1096857,CaCuS2,
mp-570301,AgBr,
mp-569170,CaTe,
mp-570384,Ba,
mp-1064450,KCeS2,
mp-32450,VBr2O,21.67753251
mp-6913,YN,
mp-570409,PrAl3,67
mp-37710,TlSbSe2,
mp-568382,MnBi,
mp-594,NiS,136.0983547
mp-570491,TaNi3,222
mp-570528,Li2GaIr,
mp-570538,NaN3,30
mp-19225,FeAgO2,131.3139571
mp-570578,ZrIn3,72.33678151
mp-945,NiPt,213.2272725
mp-974795,Rb3Ti,
mp-5419,LiGa2Ir,
mp-570611,PrInAu2,
mp-978852,SrGaSnH,
mp-505781,MnGePd2,135.7194125
mp-570637,U3Si,
mp-570683,PrInAg2,
mp-570687,AgCl,
mp-570691,Ti3Sn,114
mp-570698,V3Au,180.2771043
mp-542468,NdNiO2,145.884978
mp-570708,CrAgSe2,
mp-675568,Co2SbTe,119.598297
mp-972202,TcAs3,
mp-570998,NaLi2N,
mp-523,CrS,
mp-510198,IrPb,
mp-571059,YCd3,55.43862994
mp-571075,Np3Sn,
mp-570826,VSnRh2,175.8679731
mp-695817,ScF3,
mp-570858,AgCl,
mp-570860,DySn3,
mp-570863,CrCoPt2,
mp-510400,GdIr3,
mp-1094854,Mg3Ga,
mp-570899,YbNi2Sn,
mp-999135,TaCuN2,
mp-4280,GaCuO2,151.2609694
mp-571188,Pr3Sn,
mp-570935,LiI,14.86036939
mp-570934,NdPt,
mp-862775,LiInRh2,
mp-862776,TmPaOs2,
mp-10125,SbIr,160.2853209
mp-1021327,KLiICl,
mp-1021431,CsNaICl,12
mp-18793,LiCrO2,
mp-1021489,IrO3,
mp-5491,MnAlAu2,120
mp-862823,PaInCu2,
mp-865745,GdCdHg2,
mp-1021668,In3Sb,
mp-554201,MoF3,91.9526121
mp-1021670,TiAgSe2,
mp-867130,SmHoMg2,35
mp-862859,PuCdAu2,
mp-862864,Pa3Ge,107
mp-1097211,TiV2Os,
mp-1018143,Sc2MnSn,
mp-865037,CeMgAg2,
mp-1066331,KPrS2,
mp-2751,YbSn3,
mp-2806,YbSn,
mp-2825,ErPd3,
mp-867151,ScPaOs2,
mp-2831,FePd,162.4221046
mp-865080,NaCeAu2,
mp-862895,Er2ZnRu,
mp-865089,NaCeTl2,
mp-862907,CaCeMg2,
mp-603815,CoF3,
mp-19971,ZnCo2Ge,177.2291539
mp-1023918,AlSb,
mp-20711,Fe3Ge,176.8249046
mp-862922,PmInNi2,
mp-30080,Li2GePd,64.29470358
mp-862931,ErSnRh2,
mp-981749,TcAg3,
mp-862932,ThInAg2,
mp-867201,CaInHg2,
mp-867211,LiCa2In,
mp-865885,CeAgHg2,
mp-10525,NaLi2N,59
mp-1064013,VGaCo2,
mp-867238,SmPb3,
mp-865898,TiZnCo2,190
mp-10873,ScAlAu2,113.8661906
mp-867239,Ce2AgPb,
mp-3664,NdTlS2,
mp-2375,NpPd3,
mp-10894,MnAlRh2,184.4484768
mp-999064,Ti2GaCo,
mp-865175,LiEuTl2,
mp-862991,Pm2AgRu,
mp-999438,Nb3Fe,
mp-863249,GdGaRh2,
mp-11226,Tb3Al,
mp-4124,CaCN2,69.24743361
mp-11305,Li2CdPb,
mp-11404,PrGa,
mp-865925,LiZrIr2,158.2771983
mp-974810,Rb3Ru,38
mp-867295,LiCeTl2,
mp-1096649,TaVRu2,
mp-867305,Pu,
mp-865968,CeAlAg2,
mp-865969,LuReTc2,
mp-865971,Li2CeTl,
mp-24927,CrHO2,139
mp-1039121,MgCd,
mp-865241,TmNbOs2,
mp-865977,LuCdAg2,
mp-861726,PuBiPd2,
mp-861728,PuSbPd2,
mp-504711,CoCuO2,208
mp-867325,Pu2HgSb,
mp-861744,Pu2HgBi,
mp-1017545,ZrRh,
mp-33018,Rb3Sb,
mp-632176,TaTcPb2,
mp-631946,SnOs2Ru,
mp-631895,FePbW2,
mp-631880,Na2SrFe,
mp-631703,BaRe2Sn,
mp-631696,Ca2CoW,
mp-631694,InCoSi2,
mp-631686,TaAsPb2,
mp-631661,Y2FeB,81
mp-631674,LaRe2Ag,
mp-631637,Mg2PbW,-37
mp-631635,TaCoSn2,
mp-631633,LaCoTc2,
mp-631592,Re2RuBr,
mp-631586,B2IrCl,
mp-631582,AlTc2Pb,
mp-14116,CuRhO2,163.9606159
mp-631581,Ag2BBr,
mp-631580,BPd2Br,
mp-631577,BiAs2Os,
mp-631576,MoPt2Br,
mp-631573,Re2AuSe,
mp-631571,Bi2OsAu,107
mp-631569,BaHf2As,
mp-631567,AgAsRu2,185
mp-631565,GaAs2W,
mp-631563,TlCoAs2,
mp-631560,SrMnRe2,
mp-631559,TlCoMo2,
mp-631558,Hf2BiB,
mp-6980,ScCuS2,83.73840557
mp-631557,Sn2BSe,
mp-631556,BaGe2B,
mp-975906,LiAl3,62.94339004
mp-631554,Na2TiAu,
mp-631553,Ga2BSb,
mp-631549,HfGeB2,
mp-631548,Tl2SiNi,
mp-631547,In2ReB,
mp-631545,LiBBr2,
mp-631535,BeW2Cl,
mp-631534,NaSrRe2,
mp-631530,Hg2BCl,
mp-631529,BSe2Cl,
mp-631528,ZnBSe2,
mp-631527,In2GeB,
mp-974739,Rb3Tl,
mp-631525,KHg2B,
mp-631524,BTe2As,
mp-631522,LaOs2Rh,
mp-1017510,MgTe,
mp-631520,TlBTe2,
mp-631519,TlBCl2,
mp-631513,KBa2Re,
mp-19378,CrAgO2,
mp-631514,AlB2Pb,
mp-631512,BaCaRu2,
mp-631507,BeBiOs2,
mp-973614,K3Sn,9.472161676
mp-631504,BaSiTc2,
mp-631502,CrNi2Hg,
mp-631500,BaHfMg2,
mp-631498,BaMgOs2,
mp-976414,Li3Zn,18
mp-631494,SrCrPd2,
mp-631491,BaNbTc2,
mp-631488,NiRuBr2,
mp-631487,LaBeOs2,
mp-631481,NaSrNb2,
mp-631480,IrOs2Br,168
mp-631475,TlZn2Tc,
mp-631474,BiSb2Os,
mp-631473,KTi2Bi,
mp-631467,BeInSi2,
mp-631466,KSc2Co,
mp-631465,YRhW2,
mp-631455,HfSi2Br,
mp-631451,Ta2CdBi,105
mp-631442,V2CuBr,
mp-631441,NbBi2Mo,
mp-631431,InHgW2,
mp-631425,FeTc2Cl,
mp-631424,ReW2Br,
mp-631420,CaRe2Si,
mp-631418,CuRe2Cl,
mp-631417,ReRuCl2,
mp-631413,Re2PCl,
mp-631411,CaTa2Tl,
mp-631409,TlTcIr2,
mp-24946,CaFeO2,109.7162431
mp-631408,KSi2Hg,27
mp-631406,ScTl2W,99.97809675
mp-1100166,YMg3,
mp-631403,CdPOs2,
mp-631399,OsPtCl2,
mp-631398,TeOsCl2,
mp-631396,KFeTc2,
mp-1066856,AgO,
mp-631392,SrHfRe2,
mp-631389,SiWCl2,
mp-631386,Mg2NbFe,
mp-631384,Sr2VW,
mp-631377,Re2PtRh,
mp-631376,SrMn2Si,
mp-631375,ReSn2Se,
mp-631374,TiTl2W,
mp-631368,SiSbOs2,
mp-631362,SiTe2Os,
mp-578601,NaNbO2,
mp-631361,SrZr2Nb,
mp-631358,SrTa2Mn,
mp-631355,SrCrRh2,84
mp-1016263,Mg3V,
mp-1066400,NaN3,
mp-631346,SrNiIr2,
mp-1016260,Mg3Fe,
mp-631345,KZr2Nb,
mp-1007637,KNaH2,
mp-631344,NaOsSe2,
mp-999540,MnSe,51.46851711
mp-631343,LaRe2W,
mp-1016257,Mg3W,
mp-631339,Na2LiTa,
mp-1016254,CeMg3,
mp-631340,SrLaZr2,
mp-631336,LaMgNb2,
mp-1016250,Mg3B,
mp-973461,Hg3C,
mp-1016243,Mg3Zn,
mp-631334,LiTc2Pd,
mp-631333,LiPdW2,
mp-631331,Si2HgTe,
mp-631330,LiTaW2,
mp-631323,HgOsPb2,
mp-1016242,Mg3Ti,
mp-1016241,Mg3Mn,
mp-631325,ScHgW2,
mp-631329,KMoRu2,
mp-631318,KSiTc2,
mp-631316,Li2GaSb,
mp-4826,CaCuO2,120.5759279
mp-1016239,HfMg3,
mp-631313,SrHf2Mo,
mp-1016238,Mg3Sn,
mp-1016237,Mg3Cd,
mp-631312,InP2Pb,
mp-1016236,Mg3Sb,
mp-1016235,CaMg3,
mp-631310,CoReGe2,
mp-1016234,Mg3Bi,
mp-631309,LiHg2Os,
mp-631308,SnIrSe2,
mp-1016233,Mg3Al,
mp-631305,Ga2WSe,
mp-631304,KNb2Se,
mp-1016229,Mg3Ni,
mp-1016240,Mg3C,
mp-1016228,Mg3Co,
mp-1016225,Mg3Cr,
mp-7885,AlAgS2,76.316979
mp-1016224,Mg3Cu,
mp-631293,HgP2Se,
mp-631277,SrCrW2,
mp-1016223,Mg3Mo,
mp-1016222,LiMg3,
mp-999259,RuC,
mp-1016221,Mg3Ga,
mp-1016220,Mg3Nb,
mp-974850,Rb3Nd,
mp-1016219,NaMg3,
mp-19981,Gd,
mp-1016217,Mg3Zr,
mp-1063988,S,
mp-629015,BN,100.5624513
mp-770068,NaVO2,118.3329853
mp-1016216,Mg3Si,
mp-971779,ZnRh3,207.8336062
mp-715262,FeO,119.5575952
mp-2614,HfAl3,106.7372904
mp-623453,MnGa2Co,
mp-1065309,ZrAl3,
mp-623134,ZrInCu2,117
mp-714885,VO,
mp-9615,LiTiS2,68
mp-1064606,FeCo2Ge,
mp-622990,GaFe2Ni,
mp-622636,TmInCu2,
mp-20277,RbEuO2,
mp-622041,ThInAu2,
mp-10969,CdCN2,86.42207627
mp-756436,FeO,139.791187
mp-510436,InPd3,140.6237992
mp-1018100,AlSb,49
mp-621348,TiInAu2,122.2596998
mp-765756,MnNiO2,
mp-567826,Sr,
mp-672234,N2,0.841014152
mp-672233,N2,
mp-1008506,BaGaSiH,46.84523932
mp-25592,LiNiO2,110.2988288
mp-971769,Tm,
mp-34465,Li2HN,
mp-976263,Li3Nb,
mp-1096994,HfN,
mp-1096980,FeAgO2,
mp-976287,Li3Pb,
mp-776678,FeO,124.9578975
mp-754988,KVO2,108.8490031
mp-754912,LiCuO2,
mp-754824,SrO,
mp-607223,Np3In,
mp-8882,GaP,76.43547851
mp-646821,UInNi2,
mp-754514,N2,
mp-1018243,Ti2InCo,
mp-754333,TiO,228.473988
mp-754282,SrO,
mp-754197,NdO,
mp-14549,CuO,177.7427653
mp-604313,Li,
mp-601285,MnGaNi2,157.7729879
mp-600125,HfInCu2,122.7278264
mp-774147,FeHO2,58.10057992
mp-997161,CoAuO2,
mp-1008501,Be,
mp-1007824,GaN,50.49458554
mp-1006330,Ce3Cu,
mp-1006278,AcEuAu2,
mp-1006256,CeYTl2,
mp-1006246,CeSm3,
mp-1006245,ErNp3,
mp-1006151,Na3Pu,
mp-1006150,Eu3Re,
mp-1006112,Na3Co,
mp-1006115,Ho3Pu,
mp-1006068,Gd2AgRh,
mp-1006057,LaPrIn2,
mp-1006056,PaNi2Ge,
mp-982370,Na,
mp-1005850,Yb3U,
mp-1005727,TmNp3,
mp-1005719,Sm3Np,
mp-1005693,Sm2InHg,54
mp-1014311,C3N,
mp-1014316,C3N,
mp-1014307,ZrC,
mp-1014251,HfZnN2,184.5179935
mp-1014246,ZrB,
mp-1014244,ZrZnN2,177
mp-1014214,C3N,
mp-1014005,Mn2SiRh,
mp-1018053,InCu,
mp-1017541,ZrIr,
mp-976422,Hf3C,
mp-1016227,LaMg3,
mp-1095726,Nb2CuRe,
mp-975904,Li3Cd,
mp-849069,NiS,
mp-1065811,SnO,
mp-12559,MnAsPd2,130.4605059
mp-1001790,LiO3,
mp-20971,SnPt3,200.7662133
mp-1014013,P,2.409473113
mp-867344,Er2NiOs,
mp-863729,Ho2OsPd,
mp-1251,VRh,233.0469869
mp-971934,Zn3In,
mp-1274,CoS,159.6923539
mp-866021,EuInAu2,
mp-865316,Gd2MgTl,
mp-13254,CeMgZn2,
mp-864612,Nd2MgIn,
mp-864613,NpAu3,
mp-13396,LiIn2Rh,
mp-867422,AcPbAu2,
mp-861929,Pu2BiAu,
mp-867475,TaSnRu2,
mp-866038,YbGdHg2,
mp-866040,CaCeHg2,
mp-866047,NaEuTl2,
mp-866061,CaSmZn2,
mp-866067,Nd2CdIn,
mp-867768,ScZnPt2,142
mp-510589,MnCuO2,112.0474188
mp-866085,Tm2IrRh,
mp-865368,Tm2NiOs,
mp-866089,GdSnRh2,
mvc-16021,CaTiS2,
mp-865409,UTc2Sn,
mp-861976,PaGaFe2,
mp-14437,RbYO2,
mp-861983,Ti2MnFe,179.9582863
mp-861985,Er2IrRh,
mp-560676,CrAgS2,28.85682837
mp-865436,Gd2IrRh,
mp-862256,Cu2PdAu,141.1402822
mp-19342,WO3,
mp-864748,Gd2MgIn,33
mp-15679,CoAs,163
mp-862290,LiFeRh2,142.9447485
mp-1936,TaAs,175.7870054
mp-1064729,Cr3Fe,
mp-862334,Sc2IrRh,152
mp-865483,Li2GdIn,
mp-864788,NbInRu2,208.0070527
mp-910968,Fe3Si,
mp-16524,ScAlPd2,130.5585934
mp-1038879,Ca3Zn,
mp-867900,DyCdRh2,
mp-867901,ScTaTc2,192.9904885
mp-866193,Li2LaIn,
mp-16763,KYTe2,
mp-867915,ScGaCo2,148.746821
mp-867916,ScGaIr2,191
mp-866217,Gd2ZnRu,
mp-862553,Sc2BeRu,111.3156304
mp-25596,LiNiO2,
mp-865552,CeCdAg2,
mp-865553,CaEuIn2,
mp-865554,Mn2VGe,224.3861503
mp-862623,ScSnRh2,154.4304515
mp-865585,VGeRu2,238.6087755
mp-865594,Y2CuIr,100.8912318
mp-866536,NaEu2Sn,
mp-865629,Li2CeAl,
mp-866608,Gd2TlCd,
mp-862738,PuCdRh2,
mp-862739,PuHgAu2,
mp-571322,Nb3Ge,111
mp-571310,ZrInPt2,160.5156929
mp-664889,NaGdS2,
mp-9166,MgCN2,96
mp-1038876,Ce3Mg,
mp-7017,NaNbN2,130.5485969
mp-999198,BMo,309.3788641
mp-973676,HgS,
mp-22205,InN,
mp-1064933,S,
mp-1029267,CaZrN2,162.3253967
mp-1065340,W,
mp-10027,TiSe,
mp-3748,AlCuO2,171.749506
mp-561800,KCrO2,111.2688856
mp-1001615,LiZrSe2,
mp-30685,ZrGa3,97.10074583
mp-1039123,CaZn,
mp-974613,NdP3,
mp-999545,Mn3Fe,783.7871114
mp-998928,TlCdS2,
mp-1067538,NiAgSe2,
mp-1018097,BaCaO2,
mp-978508,Si3Os,165.7515232
mp-569640,TiSb,
mp-1064405,ZnBi,
mvc-13303,VN,307.7566939
mp-973839,PdAu3,
mp-644504,NdMg2Ag,
mp-1064307,Te,
mp-861479,PrYMg2,
mp-861481,Pr2AgRu,83
mp-861483,Pr2IrPd,
mp-861497,Pr2AgIr,
mp-861499,Pr2CuIr,82
mp-861501,AgHgPd2,118.0515904
mp-861498,Pr2HgPb,
mp-861505,Pr2MgTl,
mp-861507,ScAlIr2,194.3207293
mp-861508,Pr2ZnIr,
mp-861510,Pr2SnHg,
mp-861594,Pr2TlCd,
mp-861598,Ho2ZnOs,
mp-861599,PuSnAu2,
mp-861604,Ca2TlPb,
mp-861600,Ho2ZnIn,
mp-861616,LiSc2Ir,99.11703225
mp-861588,Pr2CuRu,
mp-861663,LiRh2Pb,
mp-861617,LaHgAu2,
mp-861619,TiZnPt2,180.1712932
mp-861625,LiZnAg2,63.32387104
mp-861627,Ti2AlMo,150.0787106
mp-861624,LiLaHg2,
mp-861629,LiMnPd2,112
mp-861628,Er2TlCd,
mp-861725,LiTl2Rh,
mp-861636,Er2ZnOs,
mp-861637,Ti2AlTc,158.2576849
mp-861672,Ti2FeIr,190.566929
mp-861645,Ca2MgTl,25.79867996
mp-861646,ThCdRh2,
mp-861651,Li2PdPb,50.35024503
mp-861644,ThCdPt2,
mp-861652,LiLuPt2,
mp-861653,ThH3,
mp-861654,HoInPd2,
mp-861660,LiNdHg2,
mp-861506,Pr2ZnRu,
mp-861657,Li2PrAl,
mp-861640,Ti2AlRe,171.8372944
mp-861661,LiPr2Ru,
mp-861656,Ti2CrIr,189.8257799
mp-861664,LiTmAu2,
mp-861641,Ti2CoRe,196.2274078
mp-861667,LiSbRh2,
mp-861662,CaZrRh2,120.0647856
mp-861665,LiTmIn2,
mp-861666,LiRu2W,227.0118384
mp-861892,DyInRh2,
mp-861901,LiGaCu2,84
mp-861733,LiTePd2,95.77047964
mp-861658,LiMnPt2,113.676238
mp-861643,CaLaMg2,
mp-861736,LiSbPd2,101.6595082
mp-861724,Ac2AgIr,
mp-861734,AcZnAu2,
mp-861735,AcMgTl2,
mp-861875,LiHf2Re,135.8849208
mp-861874,LiHoHg2,
mp-861876,LiAc2Si,
mp-861878,Cd2AgRh,
mp-861869,CaLuRh2,
mp-861877,CdSnRh2,
mp-861881,LiGeAu2,
mp-861882,LiGeIr2,172
mp-861885,LiDyAu2,
mp-861872,Ac2HgGe,
mp-861880,AcCdRh2,
mp-861893,Li2LaPb,
mp-861886,LiDyHg2,
mp-861896,LiHg2Pd,69.72363564
mp-861900,LiGaAu2,
mp-861894,Li2LaSn,
mp-861639,Ti2CoIr,193.2947953
mp-861883,Ac2CuIr,
mp-861905,LiBiPd2,79.38052693
mp-861903,LiBiRh2,
mp-861913,LiDy2Al,
mp-861931,LiPt3,179.4612552
mp-861915,LiDy2Ir,
mp-861912,TaTiTc2,229.037026
mp-861909,CdGaRh2,
mp-861930,LiPdAu2,100.3239574
mp-861888,CeBiAu2,
mp-861936,LiPd3,122.4391374
mp-861932,LiZnAu2,91.39269946
mp-861934,HoAlAg2,
mp-861908,TaTiRu2,231.1248121
mp-861933,LiTmHg2,
mp-861939,Ac3Sn,
mp-861935,CaSnRh2,
mp-861940,Ca2CdSn,
mp-861918,Sc2TlCd,63.96780175
mp-861946,Er2MgAl,58
mp-861948,LiPm2Al,
mp-861941,Ho2PdRu,
mp-861947,LiPm2Ga,
mp-861950,Ca2SbAu,
mp-861951,LiTaRh2,
mp-861954,LiTaRu2,
mp-861955,LiPm2Ge,
mp-861916,La2IrPd,
mp-861958,Ti2MnBe,153.2645362
mp-861953,AlFeRh2,193.0272376
mp-861956,LiPm2Ir,
mp-861964,LiLu2Ir,
mp-861960,CaInAu2,
mp-861963,LiLu2Os,
mp-861969,LiTmTl2,
mp-861928,EuMgHg2,
mp-861974,PaCdPt2,
mp-861975,PaO3,
mp-861966,AcHgAu2,
mp-861965,Ho2RuRh,
mp-861961,TiZnRh2,192.7618041
mp-861973,PaCdAu2,
mp-861978,Hf2ReIr,215.7045228
mp-861981,HoMgZn2,
mp-861984,Er2IrPd,
mp-861988,PrAgHg2,
mp-861980,PaGaTc2,
mp-861982,PaGa3,
mp-861952,PuBi3,
mp-861993,Ho2TlAg,
mp-862257,Sc2ZnAu,90.35593832
mp-862258,Sc2ZnPt,106.7909789
mp-861902,EuTl2Cd,
mp-861994,Ho2TlCd,58
mp-862263,DyAlAg2,
mp-862261,Sc2ZnRu,108.5619049
mp-862287,BeAlRh2,199
mp-861991,PaMn2Al,
mp-862262,LaCdHg2,
mp-862264,Sc2ZnTc,104.945008
mp-861992,PaNi2Sb,
mp-862296,LiAlPt2,161.4854323
mp-862291,BeGaRh2,
mp-862297,LiAlRh2,148.443752
mp-862316,LiBePt2,164.8914014
mp-862300,Sc2GaOs,124.737774
mp-862288,AlFe2W,
mp-862311,Sc2GaRu,112.7401484
mp-862318,LiAl2Ni,101.9982998
mp-862312,LiBePd2,123.3626231
mp-862321,LiAsPd2,103.8135257
mp-862335,LiAsRh2,
mp-862336,Sc2IrPd,135.7848934
mp-862319,Ac2CdSn,
mp-862337,Sc2InAg,74.83857286
mp-862339,Sc2GaAg,80.08938138
mp-862338,Sc2CuRu,118.0559272
mp-862324,Sc2GaTc,109.9059485
mp-862340,Sc2GaCu,85.45231862
mp-862361,Sc2NiOs,140.6768514
mp-862360,Sc2NiIr,146.5446339
mp-862293,La2AgIr,
mp-861987,PaIn3,
mp-862362,Sc2TcPt,140.6922764
mp-862363,Sc2PdPt,126.1283846
mp-862364,Sc2OsPt,155.2813283
mp-862368,Sc2NiPt,125.3087116
mp-861971,PaGaCu2,
mp-862369,Sc2IrRu,156.9749742
mp-862371,Sc2RuPt,147.2714255
mp-862370,Sc2PdRu,128.7256863
mp-862374,CdInPd2,113.0124849
mp-862377,LiBe2Ir,
mp-862372,Sc2RuRh,140.4015663
mp-862375,Sc2TcHg,110.9658314
mp-862423,Sc2TcPd,122.27758
mp-862376,Sc2CuTc,112
mp-862431,Sc2AgOs,124.321134
mp-862424,Sc2TcNi,117.7571568
mp-862446,TaAlRu2,239.1968571
mp-862445,TaAlOs2,271.9001017
mp-862366,Sc2TlAg,71.80435832
mp-862473,Sc2AgRu,112.4990787
mp-862486,Sc2AlOs,125.3281283
mp-862365,Sc2OsPd,138.4079107
mp-862331,La2CuRu,
mp-862485,GaCuRh2,
mp-862492,LiErTl2,
mp-862379,Sc2TcAg,109.1236506
mp-862543,Sc2AlTc,108.061105
mp-862555,LiY2Al,49.55130778
mp-862548,Sc2AlZn,76.13649272
mp-862622,BeRu2W,270
mp-862545,LiTm2Tc,
mp-862556,ScSiPd2,138.6230881
mp-862554,LiEr2Ir,
mp-862558,LiEr2Os,
mp-862493,LiEr2Al,
mp-862536,La2CuIr,
mp-862549,LiAcTl2,
mp-862563,Sc2BeTc,108
mp-862600,Be2PtRh,216.0000836
mp-862599,LiErAu2,
mp-862588,LiDy2Tc,67
mp-862378,Sc2TcAu,119.2927745
mp-862610,LiHfIr2,171.9687004
mp-862614,LiTm2Ru,
mp-862367,Sc2NiRu,124.3361944
mp-862618,LiErHg2,
mp-862609,ScReTc2,233.3932948
mp-862612,ScPaTc2,
mp-862613,LiAc2Ga,
mp-862619,LiErIn2,
mp-862632,LiCa2Al,28.68427664
mp-862635,ScSbRh2,155.3242405
mp-862615,Er2NiRu,
mp-862546,Sc2AlRu,111
mp-862561,ScSbRu2,178.1519218
mp-861995,PaNi2Sn,
mp-862559,LaCd3,
mp-862629,ScRh2Pb,139.7981592
mp-862654,LaGaAu2,
mp-862660,LiEr2Rh,
mp-862432,Sc2AgIr,122
mp-862661,LiEr2Ru,
mp-862602,ScAlCo2,147.5109204
mp-862663,LaPbAu2,
mp-862662,LaMgZn2,
mp-862666,DyGaRh2,
mp-862667,LiAc2Ge,
mp-862681,ErMg3,
mp-862669,BeFe2Si,223.1553564
mp-862672,LiY2Rh,
mp-862676,LiHoIn2,
mp-862677,LiHoTl2,
mp-862680,DyMgAg2,
mp-862673,LiY2Ru,
mp-862658,LiCu3,90.48338768
mp-862725,ScTc2W,222.9243783
mp-862657,LiCuPd2,116.3170829
mp-862684,LiHf2Os,147
mp-861977,PaGaNi2,
mp-862694,Al2IrRh,208.003818
mp-862695,Al2CoRu,188.1581946
mp-862692,DyHoMg2,
mp-862705,AlZnIr2,220.9971698
mp-862685,LiAc2Ir,
mp-862683,Ac2GaCu,
mp-862703,Sc2AgAu,93
mp-862702,Sc2AgHg,78.36481443
mp-862699,ScTaOs2,234.727776
mp-862704,ScZn2Pt,125.1531115
mp-862706,BeCo2Ge,204.5480645
mp-862690,Ac,
mp-862710,Sc2CdTc,101.2952999
mp-862715,Al2PdRu,177.6202732
mp-862714,Be3Ir,
mp-862713,BeGeRu2,
mp-862717,LiAlAu2,94
mp-862711,Sc2CdIn,67.37373089
mp-862722,LiHoAu2,
mp-862719,LiY2Os,
mp-862730,LiGaRh2,
mp-862731,Pm3Ge,
mp-862691,Al2FeCo,181.1448945
mp-862723,ScTc2Mo,210
mp-862721,Sr2CdPb,
mp-862733,Pm2ZnSi,
mp-862727,Pm2ZnPb,
mp-862686,LiAc2Ru,
mp-862728,Pm2ZnRu,80
mp-862720,Sr2CdIn,
mp-862734,Pm2ZnSn,
mp-862737,LiHgPd2,97.08025273
mp-862736,SmAg3,
mp-862735,SmAg2Sn,
mp-862700,AlVOs2,272.5805307
mp-862745,Sr2LiPt,
mp-862740,Sr2TlCd,
mp-862746,Sr2LiTl,
mp-862749,SmAlAg2,
mp-862742,Pm2ZnGe,
mp-862743,LaCdAu2,
mp-862747,Sr2PtAu,46.7706311
mp-862744,Pm2ZnIr,
mp-862755,PrCd3,
mp-862712,Sc2CoIr,142.730159
mp-862758,PrMgHg2,
mp-862752,SmBiPd2,
mp-862757,PrDyMg2,
mp-862759,PrMgZn2,
mp-862760,PrCdAg2,
mp-862761,PrBiAu2,
mp-862767,TbMgCd2,
mp-862698,Ac2SiAu,
mp-862764,LiCa2Rh,
mp-862774,LiInPt2,129.8466837
mp-862778,AlSiRu2,236
mp-862777,TmPaRu2,
mp-862789,Er2ZnIr,
mp-862781,AlCrRu2,230.6797026
mp-862790,FeSiTc2,
mp-862786,Ac2CuGe,
mp-862788,Er2ZnIn,
mp-862805,PrSnAu2,76
mp-862795,CaLaAg2,
mp-862820,PaSi3,
mp-862791,GaCuPt2,
mp-862816,PaGe3,
mp-862815,LiScAu2,81.86717587
mp-862817,PaHgAu2,
mp-862813,PaPbAu2,
mp-862822,PaSnPd2,
mp-862814,PaSiTc2,
mp-862836,PmAlAu2,
mp-862830,PaTlAu2,
mp-862824,PaInPt2,
mp-862837,PmAlAg2,
mp-862835,PaZnPt2,2549
mp-862838,PmAlCu2,
mp-862842,LiPm2Pt,
mp-862841,LiPm2Os,73
mp-862833,PaZnAu2,
mp-862863,Pa3Te,
mp-862846,CaLaHg2,
mp-862831,PaTiTc2,
mp-862843,PaZnRu2,171
mp-862821,PaSnAu2,
mp-862848,Pa3Al,
mp-862849,Ac2NiIr,
mp-862862,Pa3Sb,
mp-862829,PaTe2Au,
mp-862860,AcInAu2,
mp-862872,PmAgAu2,
mp-862873,AcAgHg2,
mp-862861,Pa3Si,
mp-862874,PmAgHg2,
mp-862875,ThGaAu2,
mp-862877,PmAg2Sn,
mp-862878,PmAg3,
mp-862891,PmCdAu2,
mp-862879,PmBiAu2,
mp-862876,PmAg2Pb,
mp-862881,CaPmCd2,
mp-862882,CaPmAu2,
mp-862883,CaPmHg2,49
mp-862765,LiGd2Ir,
mp-862884,CaPmPd2,
mp-862887,LiSc2Os,
mp-862819,PaInAu2,
mp-862886,CaPmPt2,
mp-862889,PmCdAg2,
mp-862885,CaPmRh2,
mp-862880,PmBiPd2,
mp-862892,PmCdHg2,60
mp-862890,AcAg2Sn,
mp-862888,CaPmZn2,
mp-862894,AcSbAu2,
mp-862897,PmCdPt2,
mp-862896,PmCdRh2,
mp-862898,PmCdPd2,
mp-862902,PmDyMg2,
mp-862899,PmCd3,
mp-862910,PmH3,
mp-862903,PmGaAg2,
mp-862905,PmGaAu2,
mp-862900,PmCu2Sn,
mp-862909,PmGeAu2,
mp-862911,Ti2CoTc,194.0590011
mp-862912,PmHgAu2,
mp-862914,Er2ZnTc,
mp-862906,PmGaCu2,
mp-862918,PmHoMg2,
mp-862913,PmHgRh2,
mp-862917,PmInAu2,
mp-862921,PmInRh2,
mp-862927,LiPmHg2,
mp-862926,LiPmAu2,
mp-862923,PmInAg2,
mp-862929,Li2PmAl,
mp-862920,PmIn3,
mp-862919,PmInHg2,
mp-862930,Li2PmIn,
mp-862928,LiPmTl2,
mp-862934,Li2PmTl,
mp-862935,Li2PmSn,
mp-862936,PmMgAg2,
mp-862925,PmInPt2,
mp-862933,PmMgAu2,
mp-862937,PmMgZn2,
mp-862964,PmSmMg2,
mp-862938,PmMgHg2,
mp-862942,NaPmAu2,
mp-862941,PmMgRh2,
mp-862943,NaPmHg2,42
mp-862940,Er2CuPt,
mp-862945,NaPmTe2,
mp-862946,Li2PmSi,
mp-862954,PmPd3,
mp-862948,Li2PmPb,
mp-862947,Ba2BiAu,
mp-862944,Er2CuRu,
mp-862949,NaPmTl2,
mp-862924,PmInPd2,
mp-862953,PmSbAu2,
mp-862960,PmSn3,
mp-862955,PmSbRh2,
mp-862952,PmNi2Sn,
mp-862956,PmSnAu2,
mp-862957,PmSbPd2,
mp-862958,PmRh2Pb,
mp-862963,PmSnPd2,
mp-862961,PmSnRh2,
mp-862994,Pm2CdGe,
mp-862951,PmPbAu2,
mp-862965,PmTlAu2,
mp-862939,PmMgCd2,
mp-862916,PmInCu2,
mp-862970,PmTl3,
mp-862966,PmTlAg2,62
mp-862962,CaLaZn2,
mp-862968,PmTlTe2,
mp-862967,PmTlRh2,
mp-862969,PmYMg2,
mp-862973,PmZn2Ag,
mp-862972,AcAgAu2,
mp-862975,PmZn2Cd,
mp-862974,PmZnAu2,
mp-862976,PmZn2Au,
mp-862977,Pm2AgIr,
mp-862979,Pm2AgGe,
mp-862978,Er2AgRu,
mp-862981,Er2CdIn,57
mp-862950,PmPd2Pb,
mp-862989,Pm2AgPt,
mp-862992,Er2NiIr,
mp-862990,Pm2AgSn,
mp-862959,PmRh3,
mp-862996,Pm2CdIn,
mp-863651,Ho2CdIn,
mp-863656,PmH,
mp-863654,Pm2CdSi,
mp-863655,Pm2CdSn,
mp-863664,Pm2CuGe,56
mp-863666,Er2RuRh,
mp-863659,LiScHg2,55.60712157
mp-863660,Pm2CoIr,
mp-863672,ErMgCd2,
mp-863673,LiPm2Rh,
mp-863668,Pm2CuOs,
mp-863667,Er2TlAg,
mp-863669,Pm2CuPt,
mp-863674,ErMgHg2,
mp-863675,LiPm2Ru,
mp-863652,Ho2CdOs,
mp-863681,ErThTc2,
mp-863679,ErTaRu2,
mp-863685,Pm2GePd,
mp-863697,LiPm2Si,
mp-863686,Pm2HgGe,
mp-863696,Pm2MgSi,
mp-863690,Ti2MnCo,180.9412313
mp-863698,Pm2MgAl,
mp-863684,Pm2GeAu,
mp-863665,Pm2CuIr,
mp-863702,Er2MgIn,
mp-863703,Pm2MgSn,
mp-863704,Pm2MgTl,
mp-863705,Pm2MgGa,
mp-863716,Pm2IrPd,
mp-863720,HgPd3,134.5857592
mp-863715,Pm2IrAu,
mp-863711,ErGaRh2,
mp-863713,Pm2NiIr,
mp-863709,Ir3Rh,324
mp-863250,TaMn2Ge,
mp-863676,Pm2CuSn,
mp-864602,Nd2MgTl,
mp-863721,Pm2IrPt,
mp-863671,Pm2CuRu,
mp-863670,Pm2CuRh,
mp-863717,Pm2NiRu,
mp-863724,InPd2Au,136.6139015
mp-863727,LiTiRh2,153.9561487
mp-863722,Pm2IrRh,
mp-863725,Pm2PdPt,
mp-863726,Pm2PdRh,
mp-863733,Pm2RuAu,
mp-863732,Pm2PtRh,
mp-863734,ErPaTc2,
mp-863736,Ho2OsAu,
mp-863738,ErCdPd2,
mp-863743,Pm2SiAg,
mp-863739,ErCdRh2,125
mp-863741,Pm2PdRu,
mp-863740,Pm2IrRu,
mp-863744,Ca2PdAu,52.85831719
mp-864598,LiMg2Ag,45.71491918
mp-864597,LiMgTl2,34.17990891
mp-863737,Ho3In,50
mp-864601,LiMg2Rh,66.70699045
mp-864599,TbSnAu2,
mp-864600,TbSnRh2,
mp-863735,ErRh2Pb,
mp-863714,Pm2NiRh,
mp-864607,ZrCdPd2,136.4287422
mp-864615,TbCdRh2,
mp-864610,Nd2MgAl,
mp-864611,Nd2IrRh,
mp-864614,LiMg2Pt,71.65218379
mp-864623,ZnCuAu2,125
mp-864622,Nd2IrPd,101
mp-864620,CaSmCd2,
mp-864608,NpGaRh2,
mp-864618,BaHg2Pb,
mp-864630,LiMg2Hg,41.33630095
mp-864624,HoZnRh2,132
mp-864625,Ho2IrRh,
mp-864628,Pm2SnPd,
mp-864629,Pm2TlCd,
mp-864631,LiNbRh2,174.7343323
mp-864626,HoThTc2,120
mp-863742,Pm2RuRh,
mp-864633,Nd2SnHg,
mp-864639,Ta2NbOs,244
mp-864640,Ta2NbIr,237.1704367
mp-864642,HoSnRh2,
mp-864644,AcCdHg2,
mp-864634,EuCd3,
mp-864653,HoMgAu2,
mp-864651,Ta2NbRu,225.1479004
mp-864646,ErAgHg2,
mp-864650,Ta2OsW,272.3176986
mp-864654,Zn2NiRh,156.3878903
mp-864661,ZnCuPd2,145.9973265
mp-864667,NdTlAu2,
mp-864660,HoSbRh2,
mp-864659,Nd2NiIr,
mp-864668,NdSnAu2,78
mp-864671,HfAlRh2,187
mp-864672,NbSiTc2,241
mp-864670,Ta2VOs,247
mp-864673,HoCdPt2,
mp-864655,PaCo3,
mp-864669,NbGeRu2,225.5014873
mp-864674,Ho2AlZn,
mp-864684,Hf2MoIr,191.6444978
mp-864732,Yb2CdGe,
mp-864696,Ho2CoOs,
mp-864742,Na3Sn,31
mp-864741,Yb2TlPb,31
mp-864743,Yb2TlCd,
mp-864744,HoMgRh2,
mp-864753,LiYb2Ga,
mp-864747,HoMgTl2,
mp-864756,Yb2MgIn,
mp-864758,Na3In,
mp-864759,LiYb2Ir,
mp-864716,PaGaAu2,
mp-864760,HoCdPd2,
mp-864762,LiMg2Zn,40.33093156
mp-864761,Ta2MnOs,
mp-864717,PaCu2Sn,
mp-864763,LiYb2Rh,
mp-864764,Ta2FeOs,249
mp-864768,LiSnIr2,
mp-864769,LiYb2Tl,
mp-864734,HfInPd2,145
mp-864770,Ta2MoOs,
mp-864771,LiYb2Pd,
mp-864780,PaAlAu2,
mp-864783,Yb2SbAu,
mp-864775,HoAgHg2,69
mp-864782,Ta2MoRu,
mp-864715,HfInCo2,159.5595229
mp-864794,ZnAg3,89.82389913
mp-864784,LiSnRh2,
mp-864786,Yb2PdPt,
mp-864781,LiYb2Hg,
mp-864787,NpCdPt2,63
mp-864772,LiSc2Au,73
mp-864789,Yb2SnHg,
mp-864798,HfZnIr2,212.8501409
mp-864799,HoLuMg2,38
mp-864804,LiTbHg2,52
mp-864896,Zr2CoTc,164.2019593
mp-864800,Yb2PdAu,
mp-864795,Ac2SnHg,
mp-864805,Nd2CuIr,
mp-864824,LiTbAu2,
mp-864808,TbInPd2,
mp-864796,EuCdHg2,
mp-864806,NaAcHg2,
mp-864807,HfZnNi2,151
mp-864831,NbZnRh2,
mp-864839,Zn2PdRh,158.9038189
mp-864835,Hf2CoIr,189.4277826
mp-864837,Nd2CuRu,
mp-864840,NbZnRu2,217.8021429
mp-864844,Zn2RhAu,143.956891
mp-864791,PaAgTe2,
mp-864834,NpSnRh2,
mp-864876,TbInRh2,
mp-864857,NbZnCo2,184.990451
mp-864882,Yb2PdRh,
mp-864878,ZrAlAu2,134.5736522
mp-864884,DyCdHg2,
mp-864883,MgSnPd2,112.4765464
mp-864892,NdAgAu2,
mp-864895,Be2NiRh,194
mp-864886,Dy2NiIr,
mp-864803,NaAcAu2,
mp-864893,NdAgHg2,64
mp-864890,Hf2FeIr,187.835987
mp-864897,Zr2CuOs,164.7382311
mp-864902,MgTlRh2,130.6420341
mp-864898,Na2TlBi,22.62420432
mp-864940,Mg2PtRh,119.0753566
mp-864939,Hf2CuIr,167.299272
mp-864904,HoCdAg2,
mp-864903,MgTaRu2,197
mp-864907,MgZrPd2,118.6886273
mp-864917,Dy2NiRu,
mp-864920,MgZrAu2,116.8382827
mp-864906,MgSnIr2,177.8121625
mp-864923,MgZnPd2,
mp-864945,MnBe2Rh,
mp-864924,NdMgHg2,
mp-864921,MgZrIr2,177.8693615
mp-864926,HfPaTc2,
mp-864930,LiTiIr2,192.7088288
mp-864927,Hf2ReOs,217.989474
mp-864932,Mg2AgPt,90.66951147
mp-864925,NdMgZn2,
mp-864933,Mg2AgRh,89.06259446
mp-864909,HfAlRu2,194.7104987
mp-864877,Hf2CoRe,188.0018007
mp-864951,MnAlOs2,257.9828884
mp-864943,MnBe2Ir,
mp-864944,MnBe2Pt,168.0729375
mp-864916,Hf2TcRh,190.4411797
mp-864910,MgZrRh2,149.0738929
mp-864922,MgZnAu2,
mp-864919,MgTiRh2,163.0139224
mp-864974,Hf2CuOs,175.5187414
mp-864946,MnCuPd2,150.4800213
mp-864950,MnAlIr2,230.6330786
mp-864949,MnGaRh2,
mp-864947,ZrSnRh2,171.6374989
mp-864988,Mn2AlCr,194.4388213
mp-864990,Mn2AlW,235.8524151
mp-864989,Mn2AlRe,259.4610567
mp-864961,Be2PdPt,192.3668325
mp-864991,Ca2AgPb,
mp-864959,Dy2CuOs,
mp-864960,Dy2CuRh,
mp-865003,Be2IrPd,216.2880612
mp-865000,HfScIr2,181.3430026
mp-864955,Mn2CrCo,153.8081487
mp-865002,CaYRh2,
mp-864963,Dy2CuIr,
mp-864980,MnAlRu2,218.0729825
mp-864999,Dy2IrRh,
mp-865007,Dy2MgIn,
mp-864966,MnSiRu2,245
mp-865004,Dy2ZnOs,
mp-864976,Mg2AgIr,100.3901757
mp-864973,Dy2CdIn,
mp-865023,HfTc2Sb,
mp-865011,Mn2NbAl,190.4323786
mp-865019,HfGaRh2,189.3129068
mp-864977,Dy2AgOs,
mp-864981,Dy2AgIr,
mp-864985,MnZnIr2,224.170188
mp-864984,MnV3,209.2846284
mp-864983,MnVRu2,230.7890192
mp-864936,MnGeRu2,227.6206219
mp-864953,MnV2Cr,231.0271868
mp-864987,MnZnRh2,168
mp-864997,LiSiPd2,138.1659723
mp-864957,MnSbRu2,204.6313327
mp-865001,HfScOs2,201.3108104
mp-865006,Dy2MgAl,
mp-864965,Mg2RhAu,98.01106933
mp-864962,CaAcZn2,
mp-864969,Mg2PdRh,107.0629465
mp-864972,Mg2PdAu,88.08484393
mp-865021,Be2RuPt,223.0905652
mp-864975,Mg2PdPt,109.6746469
mp-864970,MnSiTc2,
mp-864978,Mg2AgAu,72.68642111
mp-865028,AcTlTe2,
mp-865010,HfGaRu2,195.7029161
mp-865017,Dy2ZnRu,
mp-864971,MnSnRu2,
mp-865025,HfTaRe2,
mp-865015,MnSiRh2,207.7720501
mp-865026,Mn2VSi,239
mp-864968,MnInRh2,
mp-865043,MgInPd2,108.7862504
mp-865029,LiPaRu2,
mp-865038,HfTaTc2,
mp-865030,HfScRu2,178.0227063
mp-865044,MgInIr2,166
mp-865041,HfScRh2,156.7863568
mp-865032,Mn2PtRh,175.3119337
mp-865039,HfTc2Sn,
mp-865048,TiZnIr2,225.4539763
mp-865049,HfMgPd2,127.4969304
mp-865076,NaCd2Pt,67.27905615
mp-865050,HfMgRh2,155.8597051
mp-865051,NaCa2Tl,22
mp-865046,LiPaPt2,
mp-865077,NaCd3,
mp-865079,TiZnPd2,147.4128203
mp-865123,MgGaPd2,131.551638
mp-865092,MgGaNi2,123.8475076
mp-865090,NaAcTl2,
mp-864998,CaPuRh2,
mp-865013,EuAgAu2,
mp-864992,MnNbRu2,219.5500482
mp-865147,Be2CuRu,184.3704015
mp-865142,DyMgZn2,
mp-865131,Hf2OsRh,202
mp-865099,NaLaHg2,
mp-865110,NaMgTl2,24.06247764
mp-865108,NaSmHg2,
mp-865100,NaInHg2,
mp-865155,MgAlRh2,157.119125
mp-865111,NaSmAu2,
mp-865158,YbNdHg2,
mp-865109,NaSmTl2,
mp-865102,NaLaTl2,
mp-865115,NaNdHg2,
mp-865159,Dy2AlZn,
mp-865156,Dy2ZnGa,
mp-865117,NaErTl2,
mp-865119,NaPrHg2,
mp-865126,NaTlPd2,74.97026852
mp-865121,NaSrAu2,
mp-865122,NaNdTl2,
mp-865082,NaCaAu2,
mp-865088,MnGaIr2,
mp-865125,MgGaRh2,153.6140052
mp-865167,Ca2CdPb,
mp-865163,HfBeRh2,
mp-865128,NaSr2Tl,
mp-865093,TiZnNi2,169
mp-865094,HfNbTc2,215.8273469
mp-865096,NaHoTl2,
mp-865165,HfScCo2,130.191669
mp-865173,CaAcHg2,
mp-865186,MgGaIr2,185.9835437
mp-865066,HfInRh2,
mp-865184,LiScPd2,90
mp-865149,PaAlRu2,
mp-865151,YbNdRh2,
mp-865112,NaPrTl2,
mp-865114,NaDyTl2,
mp-865187,MgFeRh2,155.1751483
mp-865206,TmCdRh2,
mp-865191,FeGeRu2,227.2356947
mp-865116,LiSmTl2,
mp-865168,Be3Ni,153.5093008
mp-865162,MgGeRh2,161.2404508
mp-865214,Lu2TcAg,
mp-865219,Dy2IrRu,
mp-865216,Dy2PdRu,
mp-865161,Dy2AgRu,
mp-865098,NaLaAu2,
mp-865225,TmMgAu2,
mp-865220,Dy2CuRu,
mp-865172,YbTaRu2,
mp-865228,LiScPt2,113.9966757
mp-865217,YbThRh2,
mp-865170,GaFeRh2,
mp-865224,Th2BiTe,79.27864262
mp-865130,Hf2MoRh,174.0135777
mp-865231,LiScTl2,40.43798526
mp-865233,TmMgZn2,
mp-865179,Hf2FeOs,195.7620604
mp-865232,TlPd2Au,123.5569581
mp-865226,LuMgHg2,
mp-865211,TmInRh2,
mp-865157,Dy2ZnIn,
mp-865236,Tm2ZnOs,
mp-865234,TaZnRu2,226.0798123
mp-865118,NaPrAu2,
mp-865200,MnGa2Tc,
mp-865145,NaTl2Bi,27.32726367
mp-865210,TmLuMg2,
mp-865215,TmHfRu2,
mp-865164,HfCdCu2,
mp-865127,NaTl2Cd,
mp-865240,Lu2MgIn,
mp-865254,TbYbHg2,
mp-865174,HfCdRh2,
mp-865255,LuNbRu2,
mp-865256,LuMgZn2,
mp-865252,TmSnRh2,150
mp-865258,TbYbRh2,
mp-865091,HfMnRh2,177.3561918
mp-865183,MgGaAg2,65.70098326
mp-865227,TmMgCd2,
mp-865261,Lu2ZnOs,
mp-865277,TmZrRu2,
mp-865275,TmZrOs2,
mp-865230,TmMgRh2,
mp-865223,LuMgCd2,
mp-865202,TmCdPt2,
mp-865281,Tm2AgPt,
mp-865150,MgCdAu2,
mp-865282,Tm2AgRu,
mp-865283,Tm2AlOs,
mp-865148,PaAlTc2,
mp-865140,MnGaRu2,
mp-865299,TmZnRh2,
mp-865284,Tm2CdOs,
mp-865237,Tm2ZnIr,
mp-865124,NaSr2In,
mp-865249,TmSnRu2,
mp-865221,Dy2IrPd,
mp-865253,LuMgPd2,
mp-865250,TmTc2W,
mp-865251,TmThTc2,
mp-865222,Dy2RuRh,
mp-865288,TmTlRh2,
mp-865317,Tm2CuPt,
mp-865169,CaErRh2,
mp-865229,Be2NiIr,216.1320158
mp-865321,Lu2IrRu,137
mp-865318,Lu2MgRu,
mp-865320,Lu2PdRu,
mp-865178,Hf2IrRh,193.0921062
mp-865273,TmUTc2,
mp-865309,Tm2CoIr,
mp-865152,MgAlPd2,122.7618352
mp-865271,LuMgRh2,
mp-865308,Be2CuRh,177.2173984
mp-865113,NaNdAu2,52
mp-865195,TmGaRh2,
mp-865337,Lu2NiIr,
mp-865246,EuBi3,
mp-865339,Tm2GaOs,
mp-865340,Tm2HgOs,
mp-865209,TmHfOs2,
mp-865238,Lu2MgAl,
mp-865351,Tm2ZnRu,
mp-865341,Tm2InOs,
mp-865297,Ho2InAg,63
mp-865356,Tm2MgAl,
mp-865300,Tm2AgIr,
mp-865302,Tm2CdIn,
mp-865336,Lu2OsPd,
mp-865342,Zn3Rh,128
mp-865359,Tm2MgIn,
mp-865355,Zn3Pt,128.9223454
mp-865361,Tm2MgOs,
mp-865360,Tm2MgIr,
mp-865260,Lu2ZnIr,
mp-865357,Zn3Pd,112.545678
mp-865138,Hf2MnIr,196.4888966
mp-865107,NaMgPb2,30.63303301
mp-865270,TmTaOs2,
mp-865326,Lu2PdPt,
mp-865278,NbAlOs2,262.2126535
mp-865365,Tm2NiIr,
mp-865325,Lu2CoRu,
mp-865375,Tm2OsRh,
mp-865380,Tm2PdPt,
mp-865378,LuSnRh2,
mp-865382,V3Ru,225.4397224
mp-865379,LuSnRu2,
mp-865384,Tm2PdRu,
mp-865381,Tm2IrRu,
mp-865385,V3Re,236.3696646
mp-865303,Tm2CoOs,
mp-865335,Lu2NiRu,
mp-865401,Tm2ZnTc,
mp-865239,UF3,
mp-865398,Ac2ZnIr,
mp-865358,DySnRu2,
mp-865413,Lu2TcPd,
mp-865307,Tm2CuIr,
mp-865416,LuThTc2,
mp-865414,Lu2ZnPt,
mp-865415,YbTmPt2,
mp-865362,Zn3Ir,145
mp-865422,YbTmRh2,
mp-865363,Tm2MgRu,
mp-865364,DyTaRu2,
mp-865376,YMg3,40.12903945
mp-865280,NbAlFe2,211.8393372
mp-865431,YbZnAu2,
mp-865429,YbYRh2,
mp-865338,Tm2ZnPt,
mp-865410,LuThRu2,
mp-865369,Tm2OsAu,
mp-865279,Tm2AgOs,
mp-865298,TmZnPd2,
mp-865176,HfCu3,133.0401322
mp-865160,MgGeIr2,184.4017219
mp-865343,Tm2IrOs,
mp-865441,TiAlPd2,165.875563
mp-865443,LuRh2Pb,
mp-865446,Lu2AgHg,
mp-865304,Tm2CoRu,
mp-865354,Tm2IrPd,
mp-865334,Lu2NiOs,
mp-865444,LiSc2Pt,90.82495351
mp-865406,Lu2ZnAu,
mp-865306,Tm2CuOs,
mp-865374,Tm2OsPd,
mp-865257,DyZnRh2,
mp-865438,LuTlRh2,
mp-865451,Tm2MnOs,
mp-865319,Tm2CuRu,
mp-865247,GaFeIr2,
mp-865262,TmTaRu2,
mp-865366,YbCd3,
mp-865426,YbNdAg2,
mp-865468,Pm2SiPd,
mp-715448,CoO,
mp-865192,EuAg2Sn,
mp-865329,Lu2MgTc,
mp-865367,Tm2NiRu,
mp-865433,Y2MgRu,74.06463738
mp-865432,Y2NiIr,106.3570394
mp-865248,TmNbRu2,
mp-865434,LuZrRu2,
mp-865442,TiAlOs2,243.8789994
mp-865447,LuSbPd2,
mp-865383,Tm2OsRu,
mp-865449,Tm2MgTc,
mp-865448,TiGaRu2,211.3484358
mp-865445,Lu2AgAu,
mp-865067,Li2EuGe,
mp-865437,Lu2ZnRu,
mp-865459,Lu2AgRu,
mp-865420,Lu2CuTc,
mp-865097,NaHgPd2,82.20080428
mp-865315,Lu2MgOs,
mp-865373,YCo,54.21171779
mp-865462,MnV2Os,264.6128868
mp-865463,Lu2AlOs,
mp-865460,CaCeAg2,
mp-865471,VGaTc2,229.3024151
mp-865472,VSiTc2,257
mp-865465,VCo2Ge,200.3721785
mp-865467,Pm2SnAu,
mp-865520,YCdPd2,97.85623464
mp-865469,Ti2MnRu,188.0566237
mp-865482,VTc2Ge,239.4792496
mp-865486,VZnRu2,227.5346772
mp-865487,VZnRh2,
mp-865484,V2CrRe,250.929507
mp-865494,V2CrRu,242.9785165
mp-865495,V2CrTc,237.4688111
mp-865499,V2TcOs,277.6228571
mp-865501,V2TcRu,255.0029391
mp-865470,Ac2CuSn,
mp-865503,YCdAg2,
mp-865497,V2ReOs,290.7931964
mp-865504,YAlAg2,84
mp-865505,Lu2InAg,
mp-865502,YAgHg2,
mp-865506,VSiOs2,277.5445906
mp-865507,VSiRu2,253.3393378
mp-865513,YSbPd2,104.5691701
mp-865512,YMgCd2,52.26518375
mp-865461,LuZrCo2,
mp-865490,V2CrFe,231.8443201
mp-865514,YSnAu2,
mp-865421,UGaTc2,
mp-865515,YMgZn2,58.61188426
mp-865349,Li2GdTl,
mp-865485,V2CrOs,265.1665691
mp-865519,YTaRu2,178
mp-865518,YSnRh2,
mp-865522,YCdAu2,87.68621102
mp-865517,YZnRh2,126
mp-865524,YCdPt2,
mp-865516,YPaRu2,
mp-865525,YCdHg2,61.38147091
mp-865529,Ti2NiIr,
mp-865533,Ti2ReOs,239
mp-865531,TiMn2Al,156.506354
mp-865530,YThRu2,
mp-865535,Ac2ZnGa,
mp-865536,YbZrRh2,
mp-865538,Ti2RePd,191.9238396
mp-865546,Yb2AgBi,
mp-865562,Be3Ru,
mp-865560,Y2AlZn,62.50807558
mp-865545,Pm2SiAu,
mp-865558,AcTe3,48.12089255
mp-865563,LuZnPd2,
mp-865566,LuZnRh2,
mp-865561,Y2AgRu,90
mp-865569,Ti2MnIr,212.1746309
mp-865577,Li2CdAu,
mp-865568,ThScTc2,
mp-865581,Li2DyTl,
mp-865578,LiNd2Ga,
mp-865537,TiMnCo2,173.0523423
mp-865582,Li2CdPd,52.21414804
mp-865580,Li2DyIn,
mp-865573,Li2ErTl,
mp-865587,Y2CuRh,88.89542223
mp-865588,Y2CuRu,92.57013715
mp-865523,TiMnRh2,183.0927041
mp-865608,LuPaOs2,
mp-865579,Li2ErIn,
mp-865589,Lu2IrPd,
mp-865591,Ti2NiMo,170.5865879
mp-865547,Pm2CuSi,
mp-865592,Y2ZnRu,86.60181121
mp-865593,Lu2GaTc,
mp-865595,Lu2CuRu,
mp-865602,Y2MgAl,54.9580899
mp-865600,Y2IrPd,110.6851418
mp-865601,Lu2RuRh,
mp-865597,NdPbAu2,
mp-865599,Lu2RuPt,
mp-865603,Y2IrRh,119.3164872
mp-865590,GdMgCd2,
mp-865607,LuGaPd2,
mp-865615,GaSiRu2,
mp-865609,LuGaRh2,
mp-865622,Li2HoIn,
mp-865624,Li2HoTl,
mp-865610,LuH3,
mp-865548,TiInCo2,159.0364216
mp-865630,Yb2AgGe,
mp-865586,VGaRu2,239.0124611
mp-865648,Yb2CdPb,
mp-865651,Y2TlCd,
mp-865649,Ti2TcRh,204.0894248
mp-865650,Ti2TcRu,206
mp-865652,TiMn2Si,206.5724609
mp-865611,MgRh3,181.9290871
mp-865653,TiNbRe2,253.8807416
mp-865656,TiMn2W,243.1498274
mp-865655,TiNbTc2,221.7966076
mp-865623,Lu2IrRh,
mp-865659,Y2ZnIr,94.15109518
mp-865654,Y2TlAg,
mp-865661,YbMgCd2,
mp-865666,Li2TlAg,
mp-865660,Yb2AgPt,
mp-865662,Yb2AgPb,
mp-865669,TiSiTc2,229.4262281
mp-865663,YbLuRh2,
mp-865664,TiRe2W,285.0431312
mp-865616,Yb2AgIr,
mp-865665,TiReTc2,273.3638862
mp-865681,TiSiRu2,242.9094508
mp-865680,TiSiOs2,278.972823
mp-865641,Y2NiRu,99.40449197
mp-865677,ThSnPd2,
mp-865678,TiMn2V,191.5808524
mp-865679,TiSnPd2,146.2869766
mp-865711,Li2TlAu,
mp-865709,LiPrTl2,
mp-865710,LiSnAu2,
mp-865708,LiSm2Ru,
mp-865714,Li2HgAu,
mp-865713,Li2TlBi,
mp-865671,Y2ZnIn,61.22162887
mp-865696,HoGaRh2,
mp-865707,TiSnRh2,179.9280629
mp-865715,Li2PrTl,
mp-865712,Ti2MnNi,176.5905357
mp-865731,Li2HgPd,52
mp-865730,TiZnAu2,134.8812807
mp-865717,Ti2ReIr,235.8975908
mp-865729,CaAg2Sn,
mp-865735,Li2YbGe,
mp-865736,YbBiPd2,
mp-865728,Ti2ReNi,192.463329
mp-865739,YbCdAg2,
mp-865738,LiPrHg2,
mp-865737,Li2InSn,
mp-865764,YbGdRh2,
mp-865744,YbCdPd2,
mp-865746,GaTc2W,
mp-865740,YbCdAu2,
mp-865748,YbGaAu2,
mp-865743,Ga2IrRh,
mp-865639,LuPaRu2,
mp-865756,YbGaPd2,
mp-865488,LuUTc2,
mp-865751,YbDyRh2,
mp-865749,YbErRh2,
mp-865752,YbGa2Ir,
mp-865753,YbErPd2,
mp-865757,YbGaRh2,128
mp-865759,YbHfRh2,
mp-865761,ThZnRh2,
mp-865766,YbHgPd2,
mp-865786,CrPd3,154.6764408
mp-865771,YbInPd2,
mp-865768,Ti2MnOs,206
mp-865774,YbInRh2,
mp-865755,YbCeHg2,
mp-865785,YbHfIr2,
mp-865787,TmRh2Pb,
mp-865788,TmPaTc2,
mp-865789,YbInAg2,
mp-865742,YbCdHg2,
mp-865790,YbInHg2,
mp-865792,BeSiNi2,197.8914059
mp-865793,LiSc2Rh,85.22227687
mp-865791,CrSiRu2,
mp-865794,LaYbHg2,
mp-865795,LiSc2Ru,87.89557904
mp-865799,Yb2AsAu,
mp-865800,Yb2BiAu,
mp-865796,LuCdRh2,
mp-865781,YbCeZn2,
mp-865797,LuCo2Sn,
mp-865783,YbHoRh2,
mp-865803,Ti2MoPt,192.5305143
mp-865779,Ga2CoRu,
mp-865807,Ti2MoIr,209.8354847
mp-865804,TaZnRh2,216.9282489
mp-865808,LiNd2Ir,
mp-865805,TaZnCo2,200.0515705
mp-865809,TiTc2Sb,212
mp-865810,TiTc2W,263.4211123
mp-865813,YbMgTl2,
mp-865806,LuGaCu2,
mp-865811,LaYbAg2,
mp-865640,TiGeRu2,226.4090994
mp-865816,YbPd2Pb,
mp-865815,YbPd2Au,
mp-865814,YbMgHg2,
mp-865802,LuRh3,
mp-865830,Lu2CuOs,
mp-865838,LiSiRu2,
mp-865828,YbPaRu2,
mp-865829,Lu2CuIr,
mp-865840,Ti2TcIr,226
mp-865812,LiSmHg2,
mp-865843,YbNdZn2,
mp-865842,Ti2OsRu,231
mp-865841,YbPaPt2,
mp-865846,LuHfRu2,
mp-865836,YbPaRh2,
mp-865849,NaYbAu2,
mp-865845,Yb2CuIr,
mp-865848,LuInAg2,
mp-865833,LaYbZn2,
mp-865854,Yb2CuRh,
mp-865855,Ac2SiPd,
mp-865857,YbNbRu2,
mp-865860,Li2TmIn,
mp-865861,LuMgAu2,
mp-865856,PaBi3,
mp-865863,Li2TlPd,50.07519247
mp-865867,Li2YTl,
mp-865866,LiZrPt2,140
mp-865869,Be2CuPt,171.238009
mp-865871,Li2ZnAu,46
mp-865858,PaAu3,
mp-865870,LiZr2Os,135.5342041
mp-865868,LiZrRh2,138.2236986
mp-865875,Li3Ag,
mp-865874,Li2AgHg,
mp-865862,CeAgAu2,
mp-865876,Ti2TcOs,227.1494877
mp-865872,LiZr2Re,124
mp-865873,TmCdAg2,
mp-865879,Li2AgAu,
mp-865878,Ti2TcNi,176.6566534
mp-865877,Ti2RePt,208.8582579
mp-865882,Li2SmIn,
mp-865780,TiMn2Ga,160.063945
mp-865892,Li2CaPb,
mp-865887,TmCdAu2,
mp-865859,LaYbCd2,
mp-865893,LiZr2Tc,115.4108311
mp-865884,LuInRh2,
mp-865894,YbPmAu2,
mp-865901,BeCo2Si,227.1076538
mp-865895,GaGeRu2,
mp-865896,YbPmAg2,
mp-865897,Li2AcIn,
mp-865904,BeSiIr2,
mp-865899,Ti3Os,156.8140185
mp-865801,LuPaTc2,
mp-865903,YbPmPt2,
mp-865907,LiZn3,58.0631904
mp-865890,Li2CaIn,
mp-865912,LiZn2Rh,99.76742833
mp-865911,YbPmHg2,
mp-865905,YbPmRh2,
mp-865908,Yb2HgPb,
mp-865914,TiVTc2,233.2168685
mp-865906,YbPmPd2,
mp-865913,Li2AcSn,
mp-865915,Li2AcPb,
mp-865909,Yb2HgGe,
mp-865919,MgAlAg2,78.18385764
mp-865921,MgAlIr2,188.8137855
mp-865916,TiVRe2,255.215365
mp-865917,Lu2ZnTc,
mp-865918,Yb2CdSn,
mp-865920,YbPmZn2,
mp-865926,Cd2PdRh,122.8014446
mp-865924,LiZrAu2,101.9343657
mp-865933,LiSiIr2,
mp-865935,Li2MgSn,33
mp-865928,Ti2TcPt,201.7527947
mp-865930,TiZnCu2,128.5436403
mp-865929,Cd2PtRh,136.983936
mp-865936,LiSc2Tc,82.3395655
mp-865931,Ti2TcPd,179.1779686
mp-865947,YbPrAg2,
mp-865932,Li2CePb,
mp-865940,LiThAu2,
mp-865955,CaNdHg2,
mp-865944,ThSnRu2,136
mp-865953,AcYbZn2,
mp-865952,AcTlAu2,
mp-865966,BeAlIr2,238
mp-865963,LiGaAg2,
mp-865965,Li2CaSi,
mp-865957,AcSnAu2,
mp-865958,AcTlAg2,
mp-865964,Li2CaSn,
mp-865954,LiHo2Rh,
mp-865959,LiHo2Ru,
mp-865978,YbPrHg2,
mp-865979,AcMgCd2,
mp-865981,TmMgHg2,
mp-865984,BaTlHg2,
mp-865982,TmCdPd2,
mp-865974,TmNi2Sn,
mp-865987,Li2AgPd,
mp-865986,Li2CaGe,37.50953149
mp-865983,TmCdHg2,
mp-1095013,MgGa,
mp-865989,Al2IrRu,219.2821103
mp-865888,TiSnRu2,202
mp-865991,YbSmZn2,
mp-865951,Ac2IrAu,
mp-865949,TmNpRu2,
mp-865992,YbSnRh2,
mp-865996,YbSbPd2,
mp-865993,YbSmRh2,
mp-865994,YbScRh2,
mp-865948,Ti2ReRh,214.5873883
mp-866006,CaBi3,
mp-865945,LuInNi2,
mp-865995,YbSnAu2,71
mp-865997,YbPrZn2,
mp-866001,AlVRu2,235.0953224
mp-865999,YbTlPd2,
mp-866002,YbTl2Cd,
mp-866005,Dy2TlCd,
mp-865998,HfGaIr2,
mp-866000,CaLaCd2,
mp-866004,Er2InAg,
mp-866007,DyMgTl2,
mp-866008,Dy2TlAg,
mp-866013,DyTmMg2,
mp-866010,CaCdAu2,
mp-866014,CaSmHg2,
mp-866017,LiNd2Al,
mp-866022,CdPt3,192.0172319
mp-866009,DyZrRu2,
mp-866012,Hf2ZnRe,159.785861
mp-866015,CaPrZn2,
mp-866011,DyThTc2,
mp-866016,AcBiAu2,
mp-866019,LiNdTl2,
mp-866020,YbSmHg2,
mp-866018,Ac2ZnGe,
mp-866027,YbRh2Pb,
mp-865988,LuCdHg2,
mp-866024,Be2RhAu,
mp-866031,Al2FeIr,
mp-866060,CaPrAg2,
mp-866029,Gd2IrPd,
mp-866063,NdDyMg2,36
mp-866026,ErNbOs2,
mp-866064,NdMgAu2,
mp-866069,MgScRh2,128.3731865
mp-866071,MgTaOs2,229.0965513
mp-866068,TbMgAu2,
mp-866065,NdMgCd2,
mp-866073,MgSnRh2,148.8083584
mp-866072,MgTaRh2,185.862248
mp-865883,GdMgZn2,
mp-866033,AlZnRh2,184.717944
mp-866041,Ga2IrRu,
mp-866051,HfFe2Sn,
mp-866075,MgTaIr2,214.9604349
mp-866074,NdMgAg2,
mp-866079,MgSc2Ru,90.91451128
mp-866081,MgSc2Os,103.5422953
mp-866086,MgSiIr2,213.8509675
mp-866080,MgSc2Tl,54.70856218
mp-866082,MgSc2Tc,90.12169202
mp-866087,MgSiRh2,176.7455838
mp-866088,Hf2CoTc,170.0537324
mp-866104,CaCdHg2,
mp-866037,GaNiRh2,199.8687345
mp-866094,HfZnCu2,133.3718663
mp-866100,Er2CuOs,
mp-866077,MgSc2Cd,59.23417608
mp-866096,HfZnCo2,
mp-866105,Ca2HgPb,
mp-866103,Ac2MgSn,
mp-866106,Ba2HgPb,
mp-866107,Ac2IrPd,77
mp-866114,HfTc2W,243.8762161
mp-866111,Ho2IrRu,
mp-866115,Be2PdRh,198.2933298
mp-866109,HoNbOs2,
mp-866110,Ho2OsRu,
mp-866112,HoNbRu2,177
mp-866045,CeYMg2,
mp-866058,LiGd2Ru,
mp-866116,HoTaRu2,
mp-866117,HfZnAu2,137
mp-866119,Tm2RuPt,
mp-866121,V3Os,245.8176607
mp-866122,Tm2RuRh,
mp-866120,Tm2TlAg,69
mp-866126,DyNbRu2,
mp-866139,TiBe2Ir,190.626079
mp-866125,LuTaRu2,
mp-866128,NaTmTl2,
mp-866133,Lu2TlCd,
mp-866131,Lu2TlAg,
mp-866140,TiGaPd2,164.3671868
mp-866143,TiBeRh2,203.6458885
mp-866137,LuSbRh2,
mp-866138,LuSbRu2,
mp-866146,LiSm2Ir,76
mp-866153,TiAlRh2,193
mp-866124,LuTc2W,
mp-866154,TiBeIr2,241.2515762
mp-866145,Lu2AgIr,
mp-866152,TiBeCo2,192.409244
mp-866142,TiGaIr2,222.7334845
mp-866156,YGaRh2,
mp-866150,LiSm2Os,
mp-866157,TiGaRh2,194.043369
mp-866147,Lu2AgOs,
mp-866162,YMgAg2,62.97164651
mp-866155,TiAlRu2,209
mp-866160,Y2AgIr,97.56305917
mp-866159,YZrRu2,147.4310234
mp-866163,YInRh2,174
mp-866158,YLuMg2,
mp-866164,YMgHg2,62.31277964
mp-866166,Y2PdRu,102.1157139
mp-866165,YMgRh2,110.3886806
mp-866176,Li2PdAu,
mp-866172,HoMg3,35
mp-866169,KTl2Bi,23
mp-866178,Li2NdAl,
mp-866171,YMgAu2,83.97097706
mp-866175,Yb2CdIn,
mp-866186,Ti3Zn,110.6519422
mp-866177,YbAgPd2,
mp-866173,Y2RuRh,108
mp-866179,Li2NdTl,
mp-866180,Li2YbPb,
mp-866174,ThSnAu2,
mp-866191,Li2YbSi,
mp-866187,Ti2ZnTc,
mp-866183,Ti2ZnRe,166.163441
mp-866192,Li2YbSn,
mp-866194,Li2MgCd,30.17832181
mp-866059,GdMgRh2,
mp-866188,TlCdRh2,138.2413348
mp-866167,GdCdAu2,
mp-866195,Li2LaTl,
mp-866134,VFe3,193.4820236
mp-866200,Li2SmTl,
mp-866181,Li2NdIn,
mp-866204,Pm2SiHg,
mp-866205,TmSbPd2,
mp-866203,AcYbHg2,
mp-866207,LuCdPd2,
mp-866185,CeCdAu2,
mp-866197,Li2PrPb,
mp-866211,Lu2CdIn,
mp-866212,Yb2AgSn,
mp-866206,Yb2AgRh,
mp-866202,Li2SnPt,71.69133198
mp-866209,Pm2SiNi,
mp-866213,TiTc2Mo,248.3404968
mp-866170,TiInRh2,
mp-866216,CaDyRh2,
mp-866224,Be2NiPt,196.1857888
mp-866218,Ti2MnRh,189.7642703
mp-866223,CaYHg2,
mp-866225,AcMgHg2,
mp-866226,CaTmPt2,
mp-866196,Li2PrIn,
mp-866220,CaNdZn2,
mp-866221,HfSnRh2,
mp-866228,CaDyHg2,
mp-866279,CaCdPd2,75.65474365
mp-866227,CaNdRh2,
mp-866284,Al2IrOs,235.0918321
mp-866229,Ca2SnHg,
mp-866219,HfSnRu2,202.2646547
mp-866052,Gd2PdRu,
mp-866281,Er2PdRu,
mp-866280,CaSmRh2,
mp-866285,ErSnRu2,
mp-866168,TiInPd2,
mp-866283,CaHoRh2,
mp-866034,GdCdPd2,
mp-866287,DySnAu2,
mp-866282,CaThRh2,
mp-866289,Ac2ZnSi,
mp-866288,BeVCo2,192.9670958
mp-866290,DySnRh2,
mp-866295,DyLuMg2,
mp-866127,LuTaOs2,
mp-866292,Ba2TlCd,
mp-866296,AlCuPd2,152.2911023
mp-866274,CeCdHg2,
mp-866299,ErTaOs2,
mp-866297,EuCdAu2,
mp-866376,TiMn2Ge,195.4193425
mp-7859,ZrS,119.2634061
mp-867107,BeSiOs2,286.2895605
mp-867108,LiDyTl2,
mp-867109,ScZn2Ag,81.27288597
mp-867110,Sc2CoOs,140
mp-867111,LiDy2Ru,
mp-867113,Ca2AsAu,
mp-867114,TaBeRu2,
mp-867115,LiCd2Rh,
mp-867116,BeGaIr2,
mp-867119,LiHfPd2,116.7143255
mp-867117,Sc2CuPt,112.9299012
mp-867118,LaSnAu2,69
mp-867121,LiY2Pt,71.69357878
mp-867123,TaTiOs2,268.2819442
mp-867120,TaMn2Al,201
mp-867125,Al2RuPt,200.9047172
mp-867127,ScCdAg2,79.44928496
mp-867122,Ac2CuSi,
mp-867124,La2ZnIr,
mp-867128,Sm2PdRu,
mp-867136,LiTm2Co,
mp-867135,ScZnPd2,
mp-867131,SmMgCd2,
mp-867139,LiEr2Tc,
mp-867137,ScVRu2,195.2362
mp-867140,SmZn2Ag,
mp-867142,Sm2IrPd,
mp-867144,CaMgHg2,39.82626001
mp-867147,BaNaHg2,
mp-867138,EuSnAu2,
mp-867148,LiHfRh2,151.7336265
mp-867145,LiHo2Ga,
mp-867149,Sr2CdSn,
mp-867157,SmCdHg2,
mp-867165,Pm3Si,
mp-867158,SmCd3,
mp-867156,ScGaRu2,171.6955985
mp-867160,LiCd2Au,
mp-867159,SmDyMg2,
mp-867162,LiTm2Rh,
mp-867164,Pm3Sn,
mp-867163,Sr2AgPt,41
mp-867167,LiCa2Tl,
mp-867146,ScNbRu2,194.7994287
mp-867170,LiGaPt2,153.3784703
mp-867171,SrLi2Sn,
mp-867169,Sr2SnHg,42
mp-867174,SrLi2Pb,
mp-867173,SrInHg2,
mp-867172,SrMgTl2,31.74739287
mp-867176,PrCdAu2,
mp-867177,PrCdHg2,
mp-867179,SrCdHg2,
mp-867178,PrMgCd2,
mp-867181,SmMgHg2,
mp-867182,Sm2ZnIr,
mp-867187,ScInIr2,176.4173964
mp-867189,Pm3Pb,
mp-867191,Sm2TlCd,
mp-867193,Sr2BiAu,
mp-867196,LiCd2Pd,68.25672546
mp-867199,Pm3Tl,
mp-867202,Sr,
mp-867198,LiGaPd2,112.6832255
mp-867186,CeZn2Ag,
mp-867204,LiCd2Ag,
mp-867206,LiCd2Pt,82.99465079
mp-867197,LiGaNi2,117.826205
mp-867207,Sr2HgPb,
mp-867241,Ac2GePd,
mp-867214,Er2IrRu,
mp-867208,Sr2LiIn,
mp-867217,CaPrHg2,
mp-867218,SmAgHg2,
mp-867220,LiTm2Ir,
mp-867216,TaFeRu2,235.7918137
mp-867223,LiGa2Ni,
mp-867224,CaNdCd2,
mp-867227,Li3Pt,
mp-867213,Er2OsPd,
mp-867226,Li3In,25.14723687
mp-867258,LiZnPd2,108.2042042
mp-867225,LaCdAg2,
mp-867222,LiCa2Ir,48.11794391
mp-867233,Sc2ZnIr,119.1172204
mp-867234,TbMgHg2,
mp-867235,LiY2Ir,
mp-867236,Tb2IrPd,
mp-867242,Sc2ZnGa,78.17653613
mp-867240,SmMgRh2,
mp-867248,LaBi3,
mp-867210,LiCa2Hg,
mp-867243,Sc2ZnOs,120.8030951
mp-867250,LiZn2Pd,87.27384534
mp-867249,TaAlFe2,221.8046148
mp-867244,LiGdAu2,
mp-867253,LiZn2Ir,114.1165251
mp-867252,LiZn2Ni,85.69651939
mp-867251,LiZn2Pt,103.4404182
mp-867255,LiZn2Au,82.87856121
mp-867254,SmAgAu2,
mp-867256,DyCdAg2,
mp-867257,CaPrCd2,
mp-867245,LaAgHg2,
mp-867260,CdAgPd2,116.1995792
mp-867262,ScTc3,213.8812283
mp-867263,ScCdHg2,66.77074031
mp-867265,LiTm2Os,
mp-867266,CaMgTl2,37.72691412
mp-867267,LiHo2Pt,
mp-867269,LiHo2Os,
mp-867270,Be2CoPt,206.7114343
mp-867275,BeVOs2,279.9680924
mp-867271,Be2CoNi,192.1842045
mp-867274,Be2CoIr,218.4177603
mp-867272,LiAlCu2,88.13858867
mp-867277,Ho2MgAl,
mp-867273,Be2CuIr,189.1140156
mp-867280,Be2IrPt,240
mp-867278,DyPaTc2,
mp-867276,DyCdPd2,
mp-867282,Tb2IrRh,
mp-867279,DyPaRu2,
mp-867283,Ho2CuRu,
mp-867285,LiTb2Ir,
mp-867284,Ho2CuRh,
mp-867289,LiHo2Tc,
mp-867291,Tb2IrRu,
mp-867287,LiInAu2,56
mp-867293,LiCo2Si,169
mp-867292,Ga2RuRh,222
mp-867306,AlCuAu2,129.3881634
mp-867307,Be2RuAu,
mp-867308,InCuPd2,128.2818601
mp-867311,AcAgTe2,
mp-867299,Eu2HgGe,
mp-867310,CeSnAu2,
mp-867313,LiTmPt2,
mp-867319,Al2CoIr,197.6284381
mp-867298,CeTlAg2,
mp-867304,BeVFe2,222.3334496
mp-867326,Al2RuRh,
mp-867321,AcInHg2,
mp-867327,Hf2TcRu,193.9409971
mp-867320,Ho2ZnRu,
mp-867330,Al2FeNi,167.5340136
mp-867342,Li3Ge,
mp-867343,Li3Cd,
mp-867333,Ba2CdPb,
mp-867338,AcCdAg2,
mp-867346,ThCdHg2,
mp-867351,Tc,302.1517862
mp-867349,Dy2MgTl,
mp-867350,Ca2MgIn,30.44327664
mp-867353,ThCdAu2,
mp-867364,LiTmPd2,
mp-867372,ThCdAg2,
mp-867418,ThPbAu2,
mp-867315,CaGdHg2,
mp-867361,CeTlAu2,
mp-867474,Li2EuSn,
mp-867748,ScSnRu2,170.902014
mp-867761,Sc2CoRu,131.922019
mp-867753,CuSbRh2,
mp-867751,Ca2AgSn,
mp-867756,Sc2CuAu,100.001263
mp-867762,DyMgAu2,
mp-867767,BeSiRh2,
mp-867769,ScZnRh2,148.4547461
mp-867477,Eu2SnHg,
mp-867771,TaCuRh2,224.4964409
mp-867780,Al3Cr,107.0858342
mp-867773,DyMgCd2,
mp-867775,Al2NiRu,
mp-867774,Ta2CrOs,
mp-867779,Ta2CrFe,232.064668
mp-867786,ScNbOs2,226
mp-867781,TaGaRu2,
mp-867776,LiDy2Os,
mp-867787,RbTl2Bi,
mp-867788,TaGaOs2,
mp-867799,Ca2BiAu,
mp-867795,ScNbTc2,186.0073657
mp-867802,Sc2CuOs,126.0812963
mp-867798,La2AgRu,
mp-867803,LiCa2Cd,
mp-867805,LiCa2Ga,
mp-867807,LiYTl2,
mp-867502,Eu2PtAu,
mp-867507,TaGaFe2,224.201173
mp-867801,La2AgSn,
mp-867804,ScPaRu2,
mp-867812,LiAlNi2,120.4007586
mp-867806,LiLa2Ir,
mp-867794,Sc2CuIr,125.4667119
mp-867820,LiAlPd2,129.0334168
mp-867816,TaRu3,265
mp-867811,TaMnRu2,
mp-867814,LaTlAu2,
mp-867822,LiYAu2,
mp-867810,LiYHg2,78
mp-867813,LiLa2Os,
mp-867859,Sm2IrRu,
mp-867858,ScUTc2,
mp-867872,LiCdAg2,54
mp-867829,LiVRh2,178.7569474
mp-867821,TaTiMn2,217.3986491
mp-867834,LiHfPt2,142.928711
mp-867873,LiTm2Al,
mp-867877,LiCdAu2,
mp-867874,BeVRu2,237.9623862
mp-867876,SmTlAg2,
mp-867882,SmCdAu2,
mp-867837,BeCrRu2,
mp-867836,LaZnAu2,
mp-867842,ScInRh2,148.3986238
mp-867840,BeFeRh2,210.276053
mp-867846,TaTiRe2,263.1203061
mp-867848,LaMgCd2,
mp-867849,Ca2TlCd,
mp-867847,La2ZnRu,
mp-867878,AlFe2Si,
mp-867853,SmCdAg2,
mp-867852,Sm2NiIr,
mp-867854,Ca2ZnRh,48.81569978
mp-867902,LiSiRh2,
mp-867850,ScMnRh2,151
mp-867826,DyMgHg2,
mp-867861,SmYMg2,
mp-867862,SmMgAg2,61
mp-867867,SmMgAu2,
mp-867895,Sm2CuRu,73
mp-867869,Sm2AgRu,
mp-867831,DyMgRh2,
mp-867868,Sm2AgIr,
mp-867835,BeSiRu2,
mp-867833,LaMgHg2,
mp-867883,La3Pb,
mp-867817,LaTlAg2,
mp-867881,ScTlRh2,142.0287387
mp-867857,SmH3,
mp-867888,LiTm2Pt,
mp-867894,Sm2MgAl,
mp-867887,Sm2CuIr,111
mp-867898,DyAgHg2,
mp-867880,La2TlCd,
mp-867897,ScTaRu2,205.3420038
mp-867903,LiLuAu2,
mp-867860,SmZnAu2,
mp-867899,Sm2IrRh,
mp-867911,ScCdPd2,106.3499395
mp-867904,AlGeRu2,218.7826259
mp-867909,ScCdRh2,138.5225483
mp-867910,LaAgAu2,
mp-867905,LiLa2Ru,
mp-867908,LaBiAu2,
mp-867913,LiHo2Ir,
mp-867923,ScGaPt2,148.3044755
mp-867828,BeNbRu2,230.6975
mp-867827,DyCdAu2,
mp-867896,ScZnCu2,101.6055509
mp-867912,Ba2SnHg,
mp-867914,LaMgAg2,55
mp-867871,SmMgZn2,
mp-867917,CuGeRh2,199.2649712
mp-867922,ScAlRh2,163.3664139
mp-867921,Sm2ZnRu,
mp-867919,ErNbRu2,
mp-867924,LiCdPd2,90.44190449
mp-867926,LiInPd2,95.32809888
mp-867927,LiVIr2,222.6030648
mp-867925,SrAcHg2,37
mp-867918,ErPaRu2,
mp-867985,SmPbAu2,
mp-867928,ScGaRh2,161.1257256
mp-867978,SmInRh2,
mp-867958,TaInRu2,
mp-868003,LaInAu2,
mp-867979,LaInHg2,
mp-867969,LiGdHg2,
mp-1067092,Dy3In,
mp-906360,Mn3Sb,
mp-1057017,KC,
mp-370,CdS,73.142859
mp-1281,VIr,274.3037193
mp-1008,NiHg,
mp-20034,CaPb,
mp-1094142,LiNiO2,
mp-2132,CrN,180.754803
mp-492,TiN,280.9393741
mp-684672,VSe,
mp-1235,TiIr,228.3574812
mp-429,ZnNi,146.0457646
mp-894,ZnPt,171.967602
mp-1039148,CaMg,
mp-634562,LiWO2,
mp-1652,ZnPd,139.0941939
mp-912440,Mn2VGa,
mp-1064586,UAl2Cu,
mp-849067,CrS,
mp-1008298,CrInNi2,
mp-999563,MnCo3,
mp-1063581,H3S,
mp-9035,NaLuS2,
mp-1603,TmGa3,
mp-1063566,MgSc2Ru,
mp-991114,AlNi3,
mp-1063678,H3S,
mp-613379,MoF3,
mp-1063660,CsAl,
mp-1063670,PbSe,
mp-10694,ScF3,88.80316027
mp-1063661,MgNi3,
mp-1063752,BRh,
mp-20258,GdIn3,
mp-398,ErGa3,
mp-505531,FeS,29.76604898
mp-1063755,BiSe,
mp-999119,TbTlS2,
mp-1063764,BiSe,
mp-2168,SnSe,28.15489205
mp-999263,RhN,
mp-1063779,Cs2O2,
mp-1007730,HfAl3,
mp-1007758,HfCd,
mp-1008554,Al3V,
mp-999195,RuN,
mp-30779,SmMg3,
mp-4367,Cu2NiSn,37
mp-27837,NaHF2,
mp-999208,Sc2MnSi,
mp-1018067,CrFe3,184.2894533
mp-999335,NdRh,
mp-1018061,FeH3,
mp-30604,DyGa,
mp-1063914,VFeCoGe,
mp-999288,PrTlTe2,
mp-999083,Ti2MnSn,144.5646221
mp-999137,SmTlSe2,
mp-1063927,TiS2N,
mp-1008280,CrCo3,258.544871
mp-999187,SiHgP2,
mp-636328,TiPd3,178.0940997
mp-999461,NaPrSe2,
mp-999188,NbNi3,
mp-998974,TiFeCoAs,
mp-1063920,Ba2UCo,
mp-1008524,BeSe,
mp-1008556,AlGaN2,184.1594859
mp-999448,NaYSe2,
mp-1007906,ErH,
mp-999557,Mn2SnRu,
mp-22503,ZrCo2Sn,153.3093737
mp-1018076,Ga2BiAs,
mp-1438,ZrIr3,267.2489585
mp-22790,VGaCo2,197.829539
mp-1064000,Cs3Pt,
mp-2306,LaMg3,36.98482759
mp-999336,NdPd,
mp-570117,ErTlSe2,
mp-1017515,Mn2CoAs,
mp-998927,TlCrSe2,
mp-1018023,Mn3Sn,
mp-1008226,CrFe2Sn,
mp-1307,LiGa,34
mp-1008279,Co3Mo,
mp-1150,URh3,
mp-1064161,NaN3,
mp-998964,TiGaFeCo,
mp-21235,Mn2VGa,186.6525812
mp-1008471,CdTe,
mp-999287,PrRhC2,
mp-188,AlPt3,225.2304609
mp-568927,AgI,
mp-998973,TiFeCoSb,
mp-1008526,B2CN,
mp-1064282,InC3,
mp-15791,LiErS2,
mp-2391,YbPd3,
mp-1018082,CrCo2Sb,
mp-1064300,KC,
mp-1018018,PdN,
mp-1064367,BaPd,
mp-998971,TiFeCoSi,
mp-3736,ZrAlCu2,128.4402866
mp-570118,YbTlSe2,
mp-21427,GdPd3,
mp-999249,Sc2MnGe,
mp-999543,MnCo3,
mp-30551,GaFeCo2,191.1180377
mp-16735,CrInCo2,
mp-12107,TiPt3,237.0570954
mp-1064459,PBr,
mp-22465,Mn2CoSn,
mp-999293,PdN,
mp-998980,TiAlFeCo,
mp-999143,SrPd,
mp-1064492,CaO,
mp-1064484,Na3Cl,
mp-999076,Ti2InNi,
mp-1336,PdO,159.3747587
mp-1007923,CrNi3,
mp-1064508,K3Pd,
mp-974435,Re3N,
mp-1064469,YbNiC2,
mp-7329,KCeS2,
mp-1064497,SnS,
mp-1007786,HfIr,
mp-674,LaPd3,
mp-999067,Ti2CoGe,
mp-991656,TiAlCo2,
mp-998986,Ti3Si,
mp-1007907,ErTlTe2,29
mp-999290,PuCoC2,
mp-999472,NaLaSe2,
mp-1636,Mn3Sb,
mp-19963,TiFe2Sn,181.4011019
mp-1017508,LuTlTe2,
mp-999139,TaHgS2,
mp-999136,TaInSe2,
mp-999471,NaNdSe2,
mp-1066183,Nd3Ga,
mp-1001784,LiTiS2,
mp-999508,MnSiNi2,
mp-557655,GdTlS2,
mp-22300,FeCo2Ge,
mp-1018065,DyFeC2,
mp-20729,LaIn3,
mp-1006885,KNdS2,
mp-1064427,GdBr,
mp-1064529,RbN,
mp-1017507,TmAu,
mp-999201,Sc2MnSi,
mp-19872,UAl2Cu,
mp-1064690,NdRu3,
mp-636320,TiGaFe2,189.6955704
mp-1002115,LaPd,
mp-1018012,TiFeCoGe,220
mp-999393,NbCr3,
mp-1018075,FeSe,
mp-999267,RbSnS2,
mp-1064647,KN,
mp-1007852,FeCo3,
mp-1879,SmS,16.25850413
mp-999145,SmNi,
mp-1418,FeNi3,
mp-1008488,BiPd,
mp-1064731,Ti2MnGa,
mp-1018089,CaZnSe2,
mp-998919,TlCdTe2,
mp-1064667,ZnSiP2,
mp-1018071,MnFe2Ge,
mp-1064840,BiS,
mp-2360,CaGe,
mp-998911,TmGe,
mp-1064861,GaC3,
mp-9972,YSi,89.41816126
mp-786,MnSb,53.66136263
mp-1064865,Ba2SrNp,
mp-1007855,FeNi3,
mp-1064703,Sr2UNi,
mp-1008528,B2AsP,
mp-1001604,LuTlS2,
mp-1158,LuPd3,
mp-8039,AlF3,126
mp-1018049,LaN,
mp-1018024,MnFeCoGe,
mp-1064981,HfCo,
mp-1066232,Fe3Pt,
mp-998970,TiFe2Sb,
mp-1018098,Ba2BrN,
mp-1001787,LiRh3,
mp-1064952,NaN3,
mp-1064979,NaI,
mp-999072,Ti2AlZn,96.42002928
mp-1064892,Zr2TiAl,
mp-27438,TlBiTe2,28.72568959
mp-1001606,LuFeC2,
mp-1017511,Cr3Fe,
mp-999498,N2,276.053472
mp-1842,NbAl3,126.8957258
mp-999396,Nb3Ni,
mp-999088,ThCoC2,
mp-998988,Ti3Ga,108.3389034
mp-1008511,BaGaCu2,
mp-636279,EuPd3,
mp-11228,YAl,59.58313418
mp-1018041,Ti2MnIn,
mp-999440,Nb3Fe,
mp-999488,NaDySe2,
mp-999203,ScC,
mp-999130,TbNi,
mp-1007854,FeNi3,
mp-23313,InBi,33.08707054
mp-999437,Nb3Ni,
mp-1001786,LiScS2,
mp-838,Cu3Sn,
mp-1008284,Cr3Ni,
mp-1018074,GaFeNi2,
mp-1007974,CrNi3,193.2418364
mp-15781,KLaS2,37.38266827
mp-999495,Na3N,
mp-1065290,NdRh3,
mp-1065115,MoPb,
mp-1008505,BaPd,
mp-1787,NdMg3,-181.6607636
mp-999392,NbCr3,
mp-999337,NiHO2,
mp-1065359,GaFeNi2,
mp-1065250,S,
mp-568587,CrCuSe2,76.6832532
mp-1018017,Sc2MnSn,
mp-1065265,NaN3,
mp-998985,TiAu,
mp-2126,HfIr3,275.7483542
mp-24504,H2,0.535907271
mp-999256,Sc2MnC,
mp-1065428,Rb3Re,
mp-4494,NaYbS2,
mp-1065514,YTlTe2,
mp-1065540,AlC3,
mp-19390,WO3,224
mp-999306,PrAu,
mp-999558,Mn2SiNi,
mp-1006891,KSmSe2,
mp-999378,NbNi3,
mp-1018083,CrCdTe2,
mp-999257,Sc2MnC,
mp-30483,CaZn,32.26012916
mp-1065405,CsAuC2,
mp-1008561,TmTlTe2,
mp-554310,TlBiS2,
mp-999539,MnO,
mp-22029,MnNi2Ge,
mp-999516,MnP,
mp-999121,TbTlTe2,
mp-1008500,BaO,66.65311053
mp-1064843,EuTl3,
mp-1065288,GdInAu2,
mp-1008527,B2CN,324.414037
mp-999474,NaHoSe2,
mp-1007660,IrN,
mp-3332,NaCrSe2,
mp-5694,NaHoS2,
mp-999489,NaGdSe2,
mp-999296,Pd3N,
mp-1018015,Ti2MnGe,
mp-1063817,Rb,
mp-2103,CuAu3,143
mp-20311,FeSe,19.32266491
mp-1065204,CrAgS2,
mp-1065577,MgO,
mp-999439,Nb3Cr,
mp-1008394,Cl2,
mp-1007656,HfPd3,
mp-1007924,CrCu2Si,
mp-1018013,Ti2InNi,
mp-1008277,CrCo2As,
mp-1007636,KLuS2,
mp-1018066,CrSnRh2,
mp-1018046,MnGaFe2,
mp-999124,TbPd,
mp-1008491,BeSiP2,
mp-5529,MnFe2Si,
mp-30858,ZrPt3,228
mp-999294,Pd3N,
mp-1008225,CrFe2Sb,
mp-999054,Ti2GaCo,
mp-30570,CrGaFe2,251.8279351
mp-1008374,C,319.9797044
mp-1018068,CrFe2Si,241.3508254
mp-999305,PrRh,
mp-1018275,GaP,
mp-10226,NaYS2,
mp-999205,ScC,
mp-1007692,HfPd,
mp-1018095,BaGaGeH,
mp-999566,Mn2CuSb,
mp-998969,TiH,
mp-1065753,MnGaFe2,
mp-980094,TiPd,
mp-1563,CaSi,53.26869169
mp-22332,TaInS2,
mp-569507,TbTlSe2,
mp-22493,YInAu2,89.44365067
mp-1001914,Li2SnIr,
mp-1065609,GdTlTe2,
mp-1017982,TlN,
mp-999303,PdN,
mp-1007922,CuI,
mp-5436,FeCo2Si,201.6911145
mp-569393,GdTlSe2,
mp-1065741,NbFe3,
mp-999460,NaScS2,
mp-1018043,Ti2InCo,
mp-999264,ReN,
mp-24850,LiCoO2,117.6057221
mp-999274,RbNaH2,
mp-999027,Ti3Al,110.2172018
mp-549706,MgO,112.0398345
mp-19920,Ce3Ga,
mp-1008472,CdSiP2,
mp-5538,YSnPd2,108
mp-568588,NdTlSe2,
mp-1007908,DyTlTe2,
mp-1007663,HoTlTe2,
mp-11799,PrNi,
mp-578616,NaCoO2,
mp-1007823,GaBN2,
mp-1007690,HgPt3,
mp-357,SmPd3,123
mp-998965,TiInFe2,
mp-661,AlN,194.4055193
mp-1007685,InAgSe2,
mp-999490,NaDyS2,
mp-1008275,Cr3Ni,
mp-11233,ZrAl,108.2698713
mp-999395,Nb3Fe,
mp-1065918,Mn2CuGe,
mp-999542,MnFe3,
mp-1001831,LiB,
mp-1007665,HoTlS2,
mp-1065844,RbS,
mp-1018099,Ba2NCl,
mp-20289,NaInS2,
mp-1007693,HfOs3,
mp-1065846,ZrBr,
mp-1008483,CdN,
mp-980203,TiOs3,308
mp-999576,Mn2SiRu,
mp-1066006,VFeCoAs,
mp-971751,VRh,
mp-1018057,HfBe,
mp-1065933,YI,
mp-20549,CaPb3,
mp-20826,CuTe,14.78905992
mp-1001611,LuTlSe2,
mp-999132,SmTlTe2,
mp-1018079,CrGaP2,
mp-22859,HgI,9.793073179
mp-1066100,O2,
mp-1070,CdSe,44.36349322
mp-1066078,BiPt,
mp-5475,NaTaN2,136
mp-1066131,YTlS2,
mp-1065995,ZrPt,
mp-1018021,NbCo3,
mp-999552,MnGaFeCo,
mp-1017983,TiMo3,
mp-9339,NbP,188.3297322
mp-999307,OsN,
mp-1018087,CeAu,66.3162381
mp-1065860,SbS,
mp-570604,TaN,347
mp-1018054,HfPt3,
mp-1018144,LaH3,
mp-1008559,BP,
mp-568062,DyTlSe2,
mp-1018030,Sr2SO,51
mp-569382,Nd3Ga,
mp-4583,NbCo2Sn,
mp-998918,TlFeSe2,
mp-999455,NaSmS2,
mp-1018051,KTiS2,
mp-1066136,YPd,
mp-1018115,PbS,26.35058575
mp-1649,Fe3Pt,180.2316929
mp-2333,NdPd3,
mp-20353,GdGa,
mp-999047,Ti2MnSi,512
mp-1066274,PtPb,
mp-1017509,MgNiH2,
mp-1002107,LaRh,
mp-15782,KPrS2,
mp-1017987,Tc3N,
mp-11515,NbRh,
mp-998947,TiRu3,
mp-1066254,YAu,
mp-999177,SmGa,
mp-404,MnTe,46.43575246
mp-1007691,HfPt,
mp-1065583,LaSe,
mp-999491,NaCeSe2,
mp-4771,TiAlCu2,134.4644208
mp-999298,Pd3Au,
mp-1152,TiRh3,230.4850315
mp-1065793,PuPt,
mp-1979,HoPd3,
mp-1008349,Co3Ni,
mp-1066394,AlCuTe2,
mp-999118,TcB,
mp-7991,BN,-120.4475593
mp-998982,Ti3Sn,149
mp-1008523,BC2N,
mp-1007821,GaCo2Ni,
mp-998979,Ti3In,
mp-1002123,KZrS2,
mp-1018063,ErH3,98.8872514
mp-999376,NbPt,
mp-1007661,InSb,
mp-4955,AlVCo2,192.2244861
mp-1066388,K3Re,
mp-1066480,CdTe,
mp-1018077,ErGa,
mp-19850,MnCo2Ge,194.9998313
mp-1018096,Ba2NF,
mp-2747,TbPd3,
mp-1018117,CeRh,
mp-16472,YbTlS2,
mp-633,LaSn3,
mp-1018052,HoFeC2,
mp-999389,NbFe3,
mp-999079,Ti2AlCu,106.8724775
mp-998968,TiMo,140.2289841
mp-1066523,Mo,
mp-999447,NaSmTe2,
mp-1066522,HgPt3,
mp-1066581,VGaFeCo,
mp-1007976,Cs,
mp-999258,Sc2MnGe,
mp-1007657,HfRu3,
mp-1001614,LuCoC2,
mp-1001783,LiSnS2,
mp-1066609,VFeCoSi,
mp-1471,Zr3Al,100.9805186
mp-569178,HoTlSe2,
mp-1018026,LiAg,
mp-1405,TbGe,
mp-1001603,LuNiC2,
mp-1008525,B2CN,
mp-999390,NbCr3,167
mp-1007900,EuTlS2,
mp-1007961,CrInCu2,
mp-1018081,CrFe3,
mp-3657,TiCo2Si,201.3340073
mp-999060,Ti2CoSi,
mp-510625,CrCuO2,
mp-999289,PrTlSe2,
mp-1018022,NbInS2,52.26394319
mp-999002,TiFe2As,
mp-1066497,FeSe,
mp-1018016,Ti2AlNi,
mp-865027,Mn3Ge,
mp-1008376,CeH3,
mp-1066791,TmTlS2,
mp-1066707,RbN,
mp-1066771,ZrSi,
mp-1008274,Co3W,271.5496346
mp-999138,SmTlS2,
mp-1066774,Rb3Os,
mp-999193,SmAu,
mp-999129,KTbS2,
mp-19359,NaFeO2,114.2541733
mp-1048,TiNi,
mp-20366,Sm3Ga,
mp-999338,NdAu,
mp-1066821,SN,
mp-2653,BN,373.2409693
mp-999550,Mn3Ga,
mp-990494,CrInCo2,
mp-999388,NbC,
mp-1018070,Ti2InFe,571
mp-999069,Ti2AlFe,
mp-1066872,InOF2,
mp-999355,NbN,
mp-1066862,VFeCoSb,
mp-1066162,IrN,
mp-1007761,HW,
mp-1008224,CrCo2Si,
mp-1007910,NaEuS2,
mp-1066783,ZrBr,
mp-1018072,KTiS2,
mp-22691,InSe,11.44763845
mp-1066577,NpPt,
mp-11358,TaCo3,146.8589033
mp-999269,RbSmTe2,26
mp-1066989,H2,
mp-2580,NbB,263.8209169
mp-999144,SmNiC2,
mp-999141,TbAu,
mp-999318,NiBi,
mp-999068,Ti2AlV,118.9578385
mp-142,Ga,49.66627556
mp-1008490,BiI3,
mp-556,ZrNi,138.4922161
mp-1066566,YNiC2,
mp-999096,Ti2AlCr,104.5249486
mp-999086,TcN,
mp-22894,AgI,25.1037374
mp-1066975,TmSi,
mp-1066655,K3Rh,
mp-1018064,ErFeC2,
mp-999126,NaTbS2,43
mp-1007666,HoAu,
mp-1067042,LiMg2Si,
mp-998949,TiPt,192.0325728
mp-1064554,BiRh,
mp-1007862,Fe3Ni,
mp-1017514,MgSiN2,
mp-1066751,Sr2UMn,
mp-1066921,MnGaNi2,
mp-1008530,AlVFeCo,227
mp-1090,FeSe,
mp-998987,Ti3Ge,
mp-999446,Nb3Cr,
mp-999190,SmCoC2,
mp-999292,Pd3N,
mp-1008395,C,403
mp-1008282,Cr3Fe,
mp-1018048,LaNiC2,
mp-999265,RbYS2,
mp-1067129,VC3,
mp-3613,NaErS2,
mp-999123,TbH3,
mp-629458,BC2N,
mp-1089,TiIr3,294.4639072
mp-27682,NaSnS2,42
mp-804,GaN,171.71305
mp-1001825,LiBe,32.29254183
mp-580287,Zr3Cu,98.6642128
mp-510281,FeCuO2,143.3257738
mp-20786,Dy3In,
mp-5407,TiAlCo2,177.6970248
mp-569785,TlPd3,132.0740669
mp-1006888,KYS2,
mp-1018033,AgRhO2,137
mp-2199,Fe3Si,211.8779172
mp-999178,SmFeC2,
mp-1067139,NF,
mp-1067160,LiYbS2,
mp-2001,LaTl3,
mp-998946,TlCdSe2,
mp-1067280,TmTlSe2,
mp-1018088,C,255.0435922
mp-999319,NdTlTe2,
mp-1067281,Rb3Pt,
mp-999207,Sc2MnSn,
mp-1067260,CaW,
mp-1018009,Li2MgSi,
mp-984,BN,102.7172423
mp-999339,NdNi,
mp-1018084,CrAgTe2,
mp-621131,Ti3Ag,
mp-541441,ZnTe,
mp-1067235,BaSi,
mp-1018147,EuPd,
mp-7381,TbMg3,
mp-1065394,MoN,
mp-1067236,CdPt3,
mp-998981,TiAl3,105.7983461
mp-1008278,Cr3Ni,
mp-1067285,Ca,
mp-999197,AgN,
mp-1018101,AlCo3,
mp-999046,Ti2InCo,
mp-1018025,LuAgO2,
mp-998912,TlS,
mp-999120,TcB,328
mp-1064719,LaNi,
mp-1067248,TiNi,
mp-999117,TcN,352
mp-20534,GdMg3,
mp-1018176,GdFeC2,
mp-1571,PrPd3,
mp-15790,LiHoS2,
mp-999127,NaTbSe2,
mp-999189,Fe3Ni,
mp-866375,TiFe2Ge,214.5881294
mp-542915,TiAl3,107.4849107
mp-1001612,LuSi,95
mp-1018094,BaGaSnH,
mp-1007992,CrH,
mp-9361,RbLaS2,
mp-1064272,NaN3,
mp-15786,KHoS2,
mp-1067509,AlCuS2,
mp-999206,ScAl,
mp-1018116,NbInSe2,
mp-1007853,Fe3Ni,
mp-1007991,CrInNi2,
mp-604884,BN,101.904379
mp-2133,ZnO,130
mp-999053,Ti2GaNi,
mp-1018020,NiAgSe2,71.6092217
mp-999450,NaSmSe2,
mp-1067556,AlCuSe2,
mp-999502,MoPt,
mp-1067587,TaP,
mp-1064706,MoN,
mp-999377,NbC,
mp-998945,TiNi,
mp-864948,MnGaPt2,169.4788925
mp-1018055,HfIr,
mp-1008285,Cr3Fe,253.0380803
mp-1067627,PbS,
mp-999470,NaNdS2,
mp-999291,PrPd,
mp-8584,NaErSe2,
mp-15784,KGdS2,
mp-1018060,GaCo2Ni,
mp-1067619,Ge,
mp-1027,HfRh3,219.0499119
mp-1064715,NaN3,
mp-428,PrMg3,
mp-1065711,NaGa,
mp-999357,NbN,
mp-999052,Ti2MnAl,21
mp-1067644,PdN,
mp-21171,MnGaCo2,189.7105148
mp-1018080,CrCo2Bi,
mp-999266,ReN,
mp-1017516,MgSiP2,
mp-1064228,Ti2AlCo,
mp-1007881,FeB,
mp-13495,ZrPd,134.0341373
mp-1008555,AlCu3,128.6842061
mp-23153,I,4.84675174
mp-1067744,YTlSe2,
mp-1018093,CaGaGeH,
mp-999517,MnN,
mp-1007918,DyAu,
mp-1007975,CrNi3,
mp-1097,TaB,
mp-608,TiCo3,194.1985265
mp-1067833,SnI3,
mp-1067758,Bi,
mp-16495,AlCrFe2,239.4602418
mp-1067482,NiHO2,
mp-19921,PbO,11.10755511
mp-567308,Sc,45.8695185
mp-1067743,YbCoC2,
mp-1002136,LaAu,64.61289163
mp-1001835,LiB,69.46379945
mp-672,CdS,53.31235566
mp-229,ZrRh3,211
mp-1067793,F2,
mp-1008557,AlBN2,257.9181812
mp-1018175,ThAu,
mp-1065301,TmGa,
mp-999308,OsC,
mp-29662,TlBiSe2,
mp-1018073,HoGa,
mp-1018276,CeGa,
mp-1018137,KEuS2,
mp-249,HfAl,117.1269496
mp-157,P,21
mp-1018146,GdCoC2,
mp-999059,Ti2GaFe,575
mp-1001613,LuGa,
mp-999122,TbFeC2,
mp-4573,TlSbTe2,30.33566696
mp-1067933,PbS,
mp-1067900,V2NiSb,
mp-1008498,Ca,
mp-1067880,Ga,
mp-1064227,Ca,
mp-849066,FeS,880
mp-999507,MnSn,
mp-1067817,Sr2UCo,
mp-1018086,CePd,
mp-1018056,HfNi,
mp-999391,NbFe3,
mp-1002104,LaPt,
mp-20930,InCuO2,120.7963218
mp-1067974,ZrCl,
mp-1692,CuO,143.0176478
mp-603849,FeF3,
mp-1067840,EuMg2Fe,
mp-1064739,NbCr3,
mp-19918,GdGe,
mp-554427,NaCoO2,
mp-973092,ScCu3,105.946429
mp-1094920,MgZn3,
mp-1066634,CrInCu2,
mp-2078,TiCu,130.4904513
mp-1068462,LaS,
mp-568880,YInPd2,102.4280273
mp-554862,LiNiO2,
mp-1073705,MgSi,
mp-1064333,P,
mp-975909,LiAu3,
mp-999317,OsN,
mp-997181,VCuO2,
mp-571033,NiSe,22.25255187
mp-1094865,MgTi3,
mp-1015814,LiMg2Al,
mp-1015811,AlCo2Si,
mp-569689,Eu2PI,
mp-972405,U3Cl,
mp-1000830,KYbS2,
mp-1029367,MnCoN2,
mp-1002570,KMnO2,
mp-1012110,Cs,
mp-976150,NaAl3,
mp-1001113,Si,84.16972455
mp-1002083,CsKICl,
mp-1002081,KNaICl,
mp-1002080,CsLiICl,
mp-1002069,NaLiICl,
mp-7045,RbGdS2,
mp-7046,RbDyS2,
mp-690644,TlInS2,
mp-10006,TlAgTe2,
mp-13463,FeNiPt2,209.9727478
mp-2147,SrGe,
mp-2018,AlFe3,175.1224699
mp-13480,Cu3N,
mp-1004,Nb3Si,
mp-11569,SmTl3,
mp-11570,TbSn3,
mp-11571,YSn3,61.92559383
mp-10052,TiAs,116.1166912
mp-10231,LiMnSe2,
mp-13501,ErCoC2,173
mp-13502,TmCoC2,
mp-11578,VZn3,112.6236215
mp-555126,CoCuO2,
mp-10102,KAgC2,
mp-16238,Li2AgSb,46.93761289
mp-1359,NbIr,258.7018756
mp-19069,NiAgO2,126.5357966
mp-996990,BaAgO2,82.14656053
mp-2484,SmSn3,
mp-1065130,TaCo3,
mp-11693,TePt,47.54116326
mp-2026,PrTl3,
mp-1628,TeRh,
mp-16268,CdGeP2,
mp-10159,K3Sb,
mp-16271,Li2CdSb,38.16221054
mp-1067067,GaP,
mp-13694,PrCuO2,
mp-10180,Li2SbPd,65.62667719
mp-10179,LiMgSbPd,
mp-13695,SmCuO2,
mp-11723,ErNiC2,
mp-13696,EuCuO2,
mp-10187,TeIr,
mp-10181,LiSiNi2,148.8496803
mp-10189,LiTiTe2,37.99908858
mp-11739,KLaTe2,
mp-11740,KNdTe2,
mp-16318,RbTiS2,52.2452942
mp-1020,TaRh3,260.2894754
mp-16320,MnCu2Sb,
mp-10204,MnSe,
mp-1378,LiC,42.07194746
mp-10224,NaVS2,60.06800488
mp-10225,NaVS2,
mp-10232,NaMnSe2,
mp-1180,MnPt3,217.2037946
mp-16342,HoGe,
mp-11806,LiMgSnPt,88.2070161
mp-917119,GdGa,
mp-16341,Li2HgGe,
mp-16358,ZnNi2Ge,148.4849891
mp-16349,LiNi2Ge,133.0976509
mp-1386,HoPb3,
mp-10264,NiTe,35.84627809
mp-10260,Ni3Sb,165.1171116
mp-10261,TiNi2Sb,
mp-1185,VRh3,250.7176807
mp-1094858,MgGa,
mp-10286,KMnTe2,
mp-10287,RbMnTe2,
mp-1064059,ZrIr3,
mp-2509,ThRh3,
mp-2510,ZrHg,101.8057968
mp-13914,LiCo2Ge,152.2965064
mp-11882,TiCuHg2,
mp-13915,LiNi2Sn,108.3386083
mp-2793,AuSe,9.366341574
mp-10422,NaAuC2,
mp-1646,Li3Hg,25.84968184
mp-10641,Sc,
mp-2515,CrPt3,230.8133123
mp-1194,CdPt,136.7971014
mp-16482,TiAlAu2,140.7990057
mp-11947,LiAlAg2,68.57645846
mp-2523,PuPt3,
mp-16494,AlCrCu2,
mp-10378,Cs3Sb,
mp-16497,ScAlCu2,107.8498112
mp-16501,HfAlPd2,163.4699916
mp-1039,MgTe,34.53574329
mp-1064170,MnGaNi2,
mp-14019,NiB,259.3292596
mp-1404,CdAu,89.78320117
mp-10421,RbAuC2,
mp-2541,SmTl,
mp-10423,KAuC2,
mp-12065,Ag3Pt,120.1913789
mp-1044,UIr3,
mp-19340,LiVO2,120.0963083
mp-12070,CuAs,102.1621426
mp-14115,LiRhO2,121.2644924
mp-233,UO3,
mp-12083,CrIr3,307.1835352
mp-12086,Cu3Pt,159.3213528
mp-12094,Li2SnGe,
mp-166,Ca,
mp-1063561,FeNi3,
mp-12120,FeN,
mp-105,Te,
mp-12128,Li2MgIn,
mp-12129,LuInPd2,
mp-1214,VS,
mp-1670,MnPt,167.7987432
mp-1067664,MnGaCo2,
mp-1064077,FeH3,
mp-1054,ErTl,
mp-2560,Ti3Hg,117.313253
mp-2800,USi3,116.5593834
mp-10596,FeIr3,
mp-123,Nd,
mp-10598,CuSn,76.51661286
mp-12317,SrCN2,57.2060747
mp-1698,SrSn,
mp-1678,PuRh3,
mp-1437,LiCd,34.83369572
mp-10618,LiInSe2,
mp-2192,BPt,261.7198742
mp-12359,AgSbTe2,52.3095028
mp-2059,NbAs,161.5158522
mp-12360,AgSbTe2,49.79310005
mp-10643,SmSe,
mp-2060,LuTl3,
mp-10645,TbSe,52
mp-10651,YbSi,
mp-2573,NpAl3,
mp-1681,La3Sn,
mp-2061,ThTl3,
mp-1063938,MnAs,
mp-12411,Li2ZnGe,48.40539725
mp-1448,NdGa,
mp-909046,MnTe,
mp-1067,LiAl,49.79439569
mp-2577,Mn3Rh,114
mp-10678,AuSe,
mp-1877,HoAl3,77
mp-2347,NiAs,
mp-10686,Li2CdGe,
mp-2583,TiRh,189.5340594
mp-2351,TmPt3,
mp-1886,TbTl3,
mp-10750,Dy,
mp-12550,AlCuPt2,195.978282
mp-10761,FeTe,
mp-10777,RbCeSe2,30.54523574
mp-10778,RbPrSe2,32.16082844
mp-12580,Li2CdSn,36.73894386
mp-10779,RbNdSe2,
mp-26,La,24.88388842
mp-10780,RbSmSe2,
mp-12585,CrRh3,230
mp-10781,RbGdSe2,
mp-10782,RbTbSe2,
mp-1259,YbAl3,
mp-10783,RbHoSe2,
mp-12593,ScIr3,242.6553356
mp-10784,RbErSe2,
mp-10785,RbLuSe2,
mp-12595,MoRh,266.3002545
mp-2607,UGe3,
mp-12597,TaP,
mp-12598,PrPt3,
mp-12607,PrPt,
mp-1696,CdPd,109.5897154
mp-1063865,Sc2MnSi,
mp-1082,VIr3,319.6645415
mp-2619,FeSb,93.56468529
mp-1263,URu3,
mp-2620,DySi,
mp-22848,Cl2,1.928682352
mp-1264,CdAu3,115.717345
mp-2213,FeNi,186.6308391
mp-2074,Li3Sb,38
mp-12661,Cd3In,
mp-2805,LuAl3,
mp-10872,HfAlAu2,
mp-12681,LiMnTe2,
mp-12682,NaMnTe2,
mp-10883,AlCrCo2,203.1152586
mp-10884,AlFeCo2,187.9268509
mp-10885,AlCrNi2,162.1239141
mp-10889,La3Al,
mp-10890,LiAl3,64
mp-10891,MnAlPd2,141
mp-10893,MnAlPt2,178.5070892
mp-10895,Mn2AlV,184.5214856
mp-10898,ScAlNi2,132.8632496
mp-10899,AlVNi2,177.2027557
mp-12716,LiTlPd2,95.85399301
mp-10907,PuAl3,
mp-12723,CaAu,46.82774462
mp-12751,PuNi,78.86361691
mp-2639,Na3N,
mp-12754,ThPt,
mp-12755,ThRh,
mp-265,TaIr3,324.7022601
mp-1911,CeSn3,
mp-12774,ThIr,
mp-12775,ThRu,
mp-12776,TlFeS2,
mp-12779,CdTe,35.00681059
mp-12777,AlCu3,130.5470957
mp-10988,NaYbSe2,
mp-10989,KYbSe2,
mp-1913,ErPt3,
mp-171,VNi3,213.0927895
mp-12798,Ni3Pt,206.3712273
mp-2659,LiN3,34.33566627
mp-12801,CoCu2Sn,
mp-1507,HgTe,
mp-2661,SrSi,49
mp-1038988,Ce3Mg,
mp-980192,YbOs3,222
mp-12908,ScAgSe2,62.48591589
mp-1064807,YSi,
mp-1518,CeRh3,
mp-12899,HoSi,
mp-2677,ScPd3,155.6742625
mp-2678,VPt,242.9735324
mp-1291,ErIn3,54
mp-12910,GeS,27.42709897
mp-1114,VP,170.6955839
mp-2688,HoGa3,
mp-1065792,Mn2CuSb,
mp-12953,TmAgTe2,48.82194215
mp-1526,TiHg,104.1966569
mp-238,MnPd,133.581697
mp-11178,SrCeN2,117
mp-11180,NaC,
mp-2701,NbN,315.0244496
mp-1723,UAl3,
mp-1933,Cu3N,115.707906
mp-1533,Nd3Tl,
mp-11209,AlAs,83.11900125
mp-260,CrB,
mp-1096827,AlCuS2,
mp-11222,Sm3Al,
mp-1934,LiZn,42.3568468
mp-11231,YAl3,76.31744648
mp-2093,Pr3Al,
mp-11234,PrMg2Ag,
mp-11239,ZrAg,105.847203
mp-11235,SmMg2Ag,
mp-11236,MgZnAg2,75.95487919
mp-11243,ErAu,
mp-11248,LiAu3,98.80925268
mp-11247,Li3Au,42.26342984
mp-11260,Ti3Au,
mp-13079,Mn2AlCo,158.8023207
mp-13082,Mn2CoSi,211.2632379
mp-13085,Mn2CoSb,
mp-13100,MoPt3,245.6963322
mp-1546,DyMg3,
mp-2393,YTl3,55
mp-11290,CaSn3,43.35358961
mp-1549,TbPt3,
mp-13119,CdO,93
mp-11293,ZrCdCu2,114.931025
mp-195,HoPt3,
mp-11300,TiCdHg2,72.69604024
mp-13126,ZrN,199.9604106
mp-11304,Li2CdPb,
mp-11307,MgCd,43.23874676
mp-11309,NbCd3,
mp-2099,FeS,
mp-998959,TiRu3,
mp-11312,V3Cd,
mp-11313,ZrCd3,77.13762723
mp-11318,CePt3,
mp-11322,ZrSi,142.0912319
mp-13152,TiSe,
mp-11342,GaSe,14
mp-13166,YbAgO2,
mp-13173,PtN,
mp-13178,AlN,205.1501698
mp-11365,Ti3Cu,127
mp-11360,ScGaCu2,105.7020098
mp-13181,LaF3,
mp-1319,ZrTe,
mp-11366,ZrZnCu2,122.1420403
mp-11372,ErSn3,
mp-11371,ErInPd2,
mp-1961,TiAg,100.5076166
mp-2403,YPt3,171.8776043
mp-1963,NbRh,219.7922923
mp-11400,ScGaNi2,129.7142966
mp-11406,Pr3Ga,
mp-11407,GaPt3,216.6240532
mp-11411,ScGa,75.62385783
mp-991900,AlCrFe2,
mp-11417,TbGa,
mp-11418,TbGa3,
mp-11420,YGa,
mp-1564,NaTl,
mp-11427,GdPd,
mp-13313,ScTlSe2,40.94541012
mp-13314,ScTlTe2,33.78205357
mp-13322,LiGeRh2,
mp-11474,TlHg3,
mp-11477,HoSn3,
mp-2413,Ce3Al,
mp-11481,MoIr,310.1590855
mp-2728,MnIr,266.874637
mp-15724,KNa2Sb,19.50676154
mp-11487,LaPt3,
mp-1096861,Cd,
mp-11489,Li3Pd,36.95736836
mp-11490,Li2ZnSn,37.57849493
mp-2415,DyTl3,
mp-11492,LuNi2Sn,
mp-11494,LuPb3,
mp-11501,MnNi3,174.0800563
mp-975337,RbF3,
mp-11504,MnZn3,88.10285835
mp-2417,DyIr3,
mp-11512,LiAl2Ir,134.9600475
mp-11517,NbRu3,270.5559607
mp-1339,NbIr3,313.4210495
mp-15783,KSmS2,40.77166721
mp-11519,NiSnRh2,193.7451205
mp-11522,Ni3Sn,162.6926792
mp-15785,KDyS2,
mp-11524,TlNi,
mp-15787,KYbS2,
mp-11523,Ni3Sn,163.3475162
mp-15788,LiYS2,
mp-15789,LiDyS2,
mp-15793,LiTbSe2,
mp-15794,LiYSe2,
mp-1977,NdSn3,
mp-15792,LiGdSe2,
mp-15795,LiDySe2,
mp-15796,LiHoSe2,
mp-15797,LiErSe2,
mp-158,As,
mp-2258,Cu3Au,141.7524337
mp-866056,AcN,77.41839533
mp-2121,ScAl3,84.29253598
mp-2431,ErTl3,
mp-604910,MnSe,24
mp-15988,Li2CuSb,53.29076992
mp-2264,ErGe,
mp-2449,NbRh3,248.8722844
mp-2273,Ag3Sb,
mp-2134,ErAl3,
mp-178,ThAl,
mp-1996,NdIr3,
mp-2465,DyPt3,
mp-2002,Cu3Sb,
mp-2279,PuSn3,
mp-578613,NaVO2,
mp-1063836,RuN,
mp-1795,NbF3,
mp-1797,MnNi,148.8214728
mp-2013,HoTl3,
mp-2767,TiGa,114.717076
mp-1065146,TiSi,
mp-2863,CeCd3,
mp-10887,HfAlCu2,134.7117722
mp-22610,Mn2SnW,
mp-20898,DyInAg2,
mp-1094633,Mg3Ga,
mp-20903,PrIn3,
mp-20909,La3In,
mp-2845,SbPt,124.4882531
mp-4226,LiCrS2,
mp-19128,CoO,129.7603512
mp-19149,NaNiO2,99.7832474
mp-20939,PrPb3,
mp-4240,RbCeTe2,
mp-20941,UIn3,64
mp-4248,YCoC2,167.2612036
mp-426,CoSe,
mp-24416,MnH,
mp-24417,MoH,
mp-20984,Ce3In,
mp-22660,InAgO2,109.0034268
mp-22673,MnInCu2,106.8425211
mp-22680,DyInCu2,
mp-21008,Ni3Ge,174.7086735
mp-22685,TbInCu2,
mp-30816,Li2AlPd,68.43480817
mp-21014,DySnPd2,
mp-30817,LiAl2Pd,104.1763731
mp-30818,Li2AlPt,88
mp-30819,LiAl2Pt,126.8755299
mp-4326,KErS2,
mp-30820,Li2AlRh,80.32017718
mp-21026,Li2InPt,71.88051368
mp-30821,LiAl2Rh,118.5750474
mp-21029,Li2InPd,59.49694335
mp-435,ThSn3,
mp-22712,YPd2Pb,95.47943693
mp-29551,Na3Hg,
mp-4364,NbGaCo2,194.1177548
mp-22725,TiInCu2,120.000075
mp-30825,PaRh3,
mp-22731,MnInNi2,132.5274947
mp-21067,ScInCu2,95
mp-21085,PuPd3,
mp-21093,SrPb,
mp-1100765,Pm2GaAg,
mp-4483,AgAsSe2,
mp-30844,ScSnPt2,
mp-4492,MnCo2Si,219.292388
mp-30845,SmPt3,
mp-22777,NaN3,
mp-4519,KPrO2,
mp-22784,InNi3,150.1588502
mp-973883,Ge3Rh,
mp-21148,PrInCu2,
mp-4536,ScNi2Sn,127.645054
mp-21156,TbPb3,
mp-4541,NaCuO2,63.05053554
mp-29633,LiGePd2,121.2408366
mp-21162,SrPb3,
mp-4552,ErInCu2,
mp-2964,NaNO2,
mp-1094476,MgZn3,
mp-29643,CuAsSe2,
mp-21172,PuPb3,
mp-21177,TmIn3,
mp-4587,DyNiC2,
mp-21188,CeNi,73.39753155
mp-30856,ZnPt3,213.4162226
mp-4595,VFe2Si,
mp-22858,TlI,
mp-21197,NdIn3,
mp-19741,CeNiC2,
mp-22860,LaI,
mp-22861,NiBi,
mp-21202,Sm3In,
mp-31208,LiIn2Ir,
mp-22863,CuI,8.417151506
mp-29665,Sb3Au,
mp-28246,AgTe3,
mp-22868,BiRh,
mp-22870,InBr,12.56424345
mp-4612,TiCo2Ge,179
mp-21210,InSb,
mp-4636,ScCuO2,135.3733067
mp-21211,InFeCo2,
mp-4638,TlCrTe2,
mp-21301,ScInNi2,118.234043
mp-19762,UPb3,
mp-991434,CrGaFe2,
mp-19764,Pr3In,
mp-4652,MnRh2Pb,
mp-22897,HgCl,
mp-4664,MnGeRh2,188.0409899
mp-29656,AgBiTe2,-6.538383092
mp-3340,TaAlCo2,203
mp-22917,CuBr,6.195817981
mp-8883,GaAs,59.8026795
mp-22923,BiPt,
mp-25097,LaNiO2,
mp-21245,CePt,
mp-47,C,435.6415218
mp-22936,Ca2NCl,
mp-980194,TiI,
mp-569544,ZrTe,93.28310327
mp-19820,TmPb3,50
mp-25372,LiCuO2,121.9515361
mp-23227,CuBr,29
mp-21279,EuSi,
mp-19834,CeInCu2,
mp-22990,CsICl2,
mp-25417,LiTiO2,132.9949304
mp-29744,RbMnSe2,
mp-21289,TiZn3,95.87921319
mp-23009,Ca2BrN,
mp-569346,CuI,38.62915851
mp-1065751,FeCo2Si,
mp-481,ScPt3,199.5147723
mp-23033,Sr2NCl,
mp-4813,NbAlNi2,180.5786108
mp-1063876,FeSe,
mp-25539,LiMnO2,116
mp-25542,LiMnO2,101.1729648
mp-2977,CuAgTe2,16.05627353
mp-23040,Ca2PI,
mp-19870,GaFe3,174.3054405
mp-4828,HfNi2Sn,151.665764
mp-19877,ZrNi2Sn,144.3646358
mp-23056,Sr2BrN,43.37990675
mp-19889,ThPb,
mp-21360,NdInCu2,
mp-19904,ZrNi2Sb,
mp-4886,NdCuO2,
mp-21380,PtPb,
mp-21381,ThPb3,
mp-4897,ScSnPd2,124.1203016
mp-19919,GdSn3,
mp-4913,LiGa2Rh,
mp-4922,MnAlNi2,
mp-19929,MgInNi2,104.3046037
mp-21412,Ce3Tl,
mp-495,LuGa3,
mp-19946,YInCu2,81.47530959
mp-1065561,MnGaFe2,
mp-1096490,MgCdPt2,
mp-1096642,YMnAu2,
mp-8260,NaGdS2,
mp-1002133,LaGa,
mp-2092,CePd3,
mp-1065783,LaRh3,
mp-1066583,TlRe,
mp-1076927,GdPb3,
mp-1076928,CsEuS2,
mp-1076925,Ba3Np,
mp-1038869,MgCd3,
mp-1065668,GdNiC2,
mp-1064456,CuO,
mp-1067398,CrH,
mp-999295,PrN,
mp-1067475,TiNi,
mp-773929,CrCuO2,153.3015942
mp-53,P,
mp-10256,VTe,61.64921595
mp-604915,CrSe,
mp-1015831,AlCo2Si,
mp-30836,TaPd3,214.2114385
mp-974828,Rb3Pr,
mp-18919,CoPdO2,152.873631
mp-999204,ScAl3,
mp-975050,Rb3Co,33
mp-862798,Pt3W,284.4875776
mp-8830,NaRhO2,116.301024
mp-36891,Br3N,31.11975897
mp-796603,FeCuO2,
mp-1096766,CeCuN2,
mp-1094887,CeMg,
mp-984614,Au3Br,
mp-559092,ScF3,90.78289029
mp-27683,LiSnS2,
mp-22878,MnBi,
mp-1096976,GaAgO2,
mp-1064220,MnSb,
mp-975013,Rb3Dy,
mp-11834,CuNiSb2,91.92090152
mp-753098,LiCuF2,54.8080344
mp-971966,Zn3Sb,
mp-20584,RbEuS2,
mp-20120,FeSe,
mp-1002573,MnHO2,
mp-1014298,C3N,
mp-8884,ZnTe,43.41430007
mp-1066795,Sm3Ga,
mp-1080243,MgMnO2,
mp-684581,FeS,
mp-1064359,Co3W,
mp-849052,VS,
mp-30479,Ca3Pb,
mp-1067210,ZrCu,
mp-991428,GaFeCo2,
mp-1007664,InPd3,
mp-1096972,GaAgS2,
mp-975052,Rb3Al,
mp-7002,NaTiO2,98.35851862
mp-1064244,Sc,
mp-763469,MnCdO2,135
mp-914303,ZrCo2Sn,
mp-2187,TiSb,89.26815865
mp-1096986,HC,
mp-1039198,Mg3Bi,
mp-1096940,CuBO2,
mp-1067043,GdFeC2,
mp-1093534,HfGeRh2,
mp-1093535,Zr2CuRh,
mp-1093536,CaRh2Pb,
mp-1093538,MnV2Re,
mp-1093537,TlIn2Pb,
mp-1093541,Ti2CoRu,
mp-1093540,Li2GaBi,
mp-1093539,Ca2AlZn,
mp-1093544,TaMnOs2,
mp-1093543,YAg2Pb,
mp-1093545,TlAgPd2,
mp-1093553,Al2OsPt,
mp-1093546,Y2AlHg,
mp-1093550,CaSbPd2,
mp-1093551,MgPd2Au,
mp-1093548,Sc2TlZn,
mp-1093547,Ba2AgHg,
mp-1093549,BaHg2Sb,
mp-1093552,Mg2CdPt,
mp-1093556,HfGaPd2,
mp-1093558,ZrMnRh2,
mp-1093555,NaScTl2,
mp-1093557,YZnAg2,
mp-1093559,Li2InHg,
mp-1093560,LiYPd2,
mp-1093564,LiMgGa2,
mp-1093561,Sr2AgPd,
mp-1093570,LiFePt2,
mp-1093563,CsRbAu2,
mp-1093569,Li2ZnPd,
mp-1093568,YZn2Pd,
mp-1093590,Ta2OsPd,
mp-1093575,MnCuAu2,
mp-1093574,Hf2TiIr,
mp-1093571,CaAgAu2,
mp-1093577,BeVIr2,
mp-1093573,Zr2ReIr,
mp-1093566,BaSrCa2,
mp-1093576,Y2CdIn,
mp-1093579,Mg2IrPd,
mp-1093581,ZrCuAu2,
mp-1093578,Ca2HgBi,
mp-1093583,Na2HgBi,
mp-1093580,Li2YIn,
mp-1093585,LiCu2Ni,
mp-1093588,MgSnPt2,
mp-1093586,Hf2VTc,
mp-1093567,Y2CdPd,
mp-1093589,ZnSbRu2,
mp-1093582,Ba2CdGe,
mp-1093591,HfNbRu2,
mp-1093587,La2HgAu,
mp-1093592,Li2SnBi,
mp-1093596,MnZnCo2,
mp-1093594,Cd2RhAu,
mp-1093593,Y2ZnCu,
mp-1093598,Y2IrPt,
mp-1093599,SiTc2Mo,
mp-1093597,InHg2Bi,
mp-1093595,ScPbAu2,
mp-1093606,ScCu2Hg,
mp-1093601,LiCa2Zn,
mp-1093603,Ba2ZnIn,
mp-1093602,Ba2ZnPb,
mp-1093609,NaIn2Pb,
mp-1093608,La2GaCu,
mp-1093604,Tl2HgSe,
mp-1093612,Y2IrAu,
mp-1093607,Hf2MnCo,
mp-1093611,Li2CdRh,
mp-1093610,LiY2Tl,
mp-1093615,Hf2MnOs,
mp-1093618,Cu2AgAu,
mp-1093617,Cu2PtAu,
mp-1093613,Y2AgHg,
mp-1093616,SrMgHg2,
mp-1093624,CrTc2Ge,
mp-1093619,ScTlAg2,
mp-1093621,Ca2PAu,
mp-1093620,BaNaAu2,
mp-1093625,Ga2CuPd,
mp-1093623,LiHg2Pt,
mp-1093622,Al2TcPt,
mp-1093628,BeFePt2,
mp-1093627,Ta2NbRe,
mp-1093626,Cd2PtAu,
mp-1093629,MnAl2Fe,
mp-1093630,LiGe2Rh,
mp-1093635,NbTc2Sb,
mp-1093631,BaHg2Bi,
mp-1093637,YTlPd2,
mp-1093640,MgGaCo2,
mp-1093633,KNa2As,
mp-1093638,Zr2TcMo,
mp-1093641,Li2HgPt,
mp-1093643,Sc2CoNi,
mp-1093642,LiScRh2,
mp-1093634,BaSrMg2,
mp-1093636,NaCdIn2,
mp-1093639,LaMg2Cd,
mp-1093644,Sc2CdRu,
mp-1093647,MgZnNi2,
mp-1093648,MnZnNi2,
mp-1093646,SnRh2Au,
mp-1093645,Ti2AlW,
mp-1096044,TiMn2Mo,
mp-1093651,CuSiIr2,
mp-1093650,MnPd2Au,
mp-1093654,Y2CuHg,
mp-1093655,Y2CuNi,
mp-1093657,ScBePt2,
mp-1093652,In2GaSn,
mp-1093658,HfTaRu2,
mp-1093656,Ca2AgRh,
mp-1093661,Zr2CuIr,
mp-1093660,LiMg2In,
mp-1093662,CaMgAg2,
mp-1093663,LiCa2Pd,
mp-1093666,HfMnIr2,
mp-1093659,Ca2AlTl,
mp-1093665,Zr2CoPt,
mp-1093669,Zr2FePt,
mp-1093664,Sr2AgPb,
mp-1093670,LiHg2Rh,
mp-1093667,LaYTl2,
mp-1093673,LiCaAu2,
mp-1093668,Ca2CdAg,
mp-1093674,Mg2CuPt,
mp-1093675,LiSiAu2,
mp-1093676,Ca2PH,
mp-1093677,LiAg2Hg,
mp-1093679,TiGaCu2,
mp-1093672,Ba2CdIn,
mp-1093671,NaLi2Hg,
mp-1093678,Hf2ZnOs,
mp-1093680,MgCrPt2,
mp-1093684,BeAlPd2,
mp-1093683,ZnInPd2,
mp-1093685,HfTaFe2,
mp-1093682,MgSc2Zn,
mp-1093686,ZrGaRu2,
mp-1093687,Ti2OsRh,
mp-1093681,CaInAg2,
mp-1093691,Ta2FeRu,
mp-1093688,CaCdAg2,
mp-1093692,Li2SiAu,
mp-1093689,YTlAu2,
mp-1093690,LiLa2In,
mp-1093693,HfTlAu2,
mp-1093695,SiTc2P,
mp-1093697,LaYCd2,
mp-1093698,Y2CoCu,
mp-1093696,Ca2MgAl,
mp-1093699,LiMgHg2,
mp-1093694,Ba2CdSn,
mp-1093701,NaSbPd2,
mp-1093700,CaYPt2,
mp-1093703,Zr2ZnCd,
mp-1093707,TiVOs2,
mp-1093708,Ti2MoPd,
mp-1093706,HfScNi2,
mp-1093702,KTl2In,
mp-1093704,NaTl2Sn,
mp-1093705,K2HgSe,
mp-1093711,BeSiTc2,
mp-1093709,ScCu2Ag,
mp-1093714,V2ReRh,
mp-1093710,YPtAu2,
mp-1093712,Sc2AlHg,
mp-1093715,TiBeAu2,
mp-1093716,YPdAu2,
mp-1093719,MgBe2Pt,
mp-1093720,Al2TcRh,
mp-1093713,Mg2InPb,
mp-1093717,Sc2AlIn,
mp-1093718,Cs2AuCl,
mp-1093722,BeCrFe2,
mp-1093721,ScHg2Pd,
mp-1093725,CrSnRu2,
mp-1093724,MnSiOs2,
mp-1093726,BiPd2Au,
mp-1093727,LiMg2Au,
mp-1093723,La2AgHg,
mp-1093729,HfPtAu2,
mp-1093730,CdRh2Pb,
mp-1093731,Ti2SnMo,
mp-1093728,Ba2LiIn,
mp-1093733,Y2PdAu,
mp-1093738,TaGeRu2,
mp-1093737,Hf2CoRh,
mp-1093735,CaYTl2,
mp-1093740,ScVTc2,
mp-1093734,Sr2LiPb,
mp-1093739,ZrAgHg2,
mp-1093741,NaLi2Au,
mp-1093736,Sr2MgCd,
mp-1093742,Hf2FeCu,
mp-1093745,ZnGaPd2,
mp-1093744,ScAg2Sn,
mp-1093747,CdFeRh2,
mp-1093746,NaAg2Pd,
mp-1093749,BeCuPd2,
mp-1093752,TiGeRh2,
mp-1093750,ScAgAu2,
mp-1093751,CaHfRh2,
mp-1093748,Rb2AuI,
mp-1093754,YScRu2,
mp-1093756,CrSnRh2,
mp-1093757,ZrTiAu2,
mp-1093753,MgCdHg2,
mp-1093755,CaCd2Ag,
mp-1093758,MgZn2Ir,
mp-1093761,Sc2OsRu,
mp-1093763,YTlRh2,
mp-1093765,HfAgAu2,
mp-1093762,KNa2Pb,
mp-1093768,MnV2Fe,
mp-1093769,TiCrTc2,
mp-1093767,Sc2TlMo,
mp-1093764,Ba2ZnSn,
mp-1093770,MnGaPd2,
mp-1093760,K2RbBi,
mp-1093766,Ca2ZnIn,
mp-1093771,Sr2ZnAg,
mp-1093773,Sc2BeOs,
mp-1093774,ScSi2Tc,
mp-1093777,BeHPt2,
mp-1093772,Li2CuAu,
mp-1093776,Mg2ZnCu,
mp-1093775,NaCaHg2,
mp-1093780,Nb2CrRu,
mp-1093778,YAlPd2,
mp-1093784,MgAlAu2,
mp-1093783,NaTl2Au,
mp-1093786,V2FeRe,
mp-1093782,Y2CdHg,
mp-1093788,Mg2AgPd,
mp-1093790,Ga2TcPd,
mp-1093789,Al2CuIr,
mp-1093779,KNa2Tl,
mp-1093787,Y2AgAu,
mp-1093791,Mn2AlTc,
mp-1093793,Ti2BeTc,
mp-1093785,Ba2TlIn,
mp-1093797,TiBe2Pd,
mp-1093795,CaInPd2,
mp-1093798,MgZrZn2,
mp-1093800,YZn2Pt,
mp-1093801,Sc2OsRh,
mp-1093803,Ti2MoRu,
mp-1093802,LiAgPd2,
mp-1093805,Zr2CoIr,
mp-1093796,SrCaPb2,
mp-1093826,Hf2FeRh,
mp-1093807,Be2CoRh,
mp-1093806,ScVOs2,
mp-1093799,NaCa2Al,
mp-1093810,MnAl2Ir,
mp-1093812,TaInRh2,
mp-1093813,CrGaTc2,
mp-1093816,Hf2FeRu,
mp-1093811,Y2CdAu,
mp-1093814,NaMgIn2,
mp-1093818,LiCd2Ir,
mp-1093820,Ca2CuRh,
mp-1093815,Li2ScIn,
mp-1093819,LiScCd2,
mp-1093822,ScPd2Pb,
mp-1093821,Sc2TlNi,
mp-1093828,Hf2VIr,
mp-1093817,Cs2HgAu,
mp-1093804,LiAgAu2,
mp-1093827,LiZr2Ru,
mp-1093832,CdCu2Rh,
mp-1093831,ZrCuRh2,
mp-1093829,CaYPd2,
mp-1093833,Hf2ReHg,
mp-1093834,La2ZnCu,
mp-1093837,MnZn2Rh,
mp-1093836,Sc2InTc,
mp-1093841,MnFe2Ge,
mp-1093835,La2HgPb,
mp-1093838,La2GaIr,
mp-1093842,Zr2MoIr,
mp-1093844,CrGaRh2,
mp-1093840,YInHg2,
mp-1093843,Li2TlZn,
mp-1093839,Y2InPb,
mp-1093846,HfGaCu2,
mp-1093845,TiBePt2,
mp-1093849,Nb2ReW,
mp-1093847,Ba2PdAu,
mp-1093848,SrLaAu2,
mp-1093851,ZrBe2Pt,
mp-1093850,NaScIn2,
mp-1093852,YScPt2,
mp-1093854,BeCdPt2,
mp-1093856,MgTiZn2,
mp-1093853,Sc2ZnCd,
mp-1093857,Y2RuAu,
mp-1093860,Li2GaAg,
mp-1093855,Ca2MgCd,
mp-1093859,TlIn2Bi,
mp-1093865,Sc2IrOs,
mp-1093863,Hf2TcNi,
mp-1093864,AlRu2W,
mp-1093862,CrSi2Tc,
mp-1093867,GaTc2Ge,
mp-1093861,Ba2BiBr,
mp-1093869,MgMoRu2,
mp-1093868,YPbAu2,
mp-1093871,ZrZnAu2,
mp-1093872,Mn2SiW,
mp-1093875,ZrAgAu2,
mp-1093878,MgZn2Rh,
mp-1093876,CaTlPd2,
mp-1093879,ScZnAu2,
mp-1093874,Cs2HgSe,
mp-1093880,YTiPd2,
mp-1093881,CaInRh2,
mp-1093809,NaHg2Pb,
mp-1093830,Sr2ZnSn,
mp-1093877,Ca2CdGe,
mp-1093884,ScAlRu2,
mp-1093883,Mn2GaMo,
mp-1093886,Ta2MnRu,
mp-1093882,CaHgAu2,
mp-1093887,La2AlZn,
mp-1093823,CaMgCd2,
mp-1093888,Nb2CrTc,
mp-1093891,AlZnNi2,
mp-1093889,Li2ZnAg,
mp-1093885,La2MgZn,
mp-1093892,TaInOs2,
mp-1093893,ZrTaTc2,
mp-1093890,Li2TlCd,
mp-1093895,InGaPd2,
mp-1093894,ZnAgPd2,
mp-1093898,Mn2BeCr,
mp-1093899,ZrCdPt2,
mp-1093896,Cs2AuI,
mp-1093901,ZrSbRu2,
mp-1093900,Zn2AgPt,
mp-1093897,Li2LaAl,
mp-1093902,BaMgTl2,
mp-1093905,LiLa2Tl,
mp-1093906,LaBiPd2,
mp-1093911,YGePd2,
mp-1093907,Y2GePd,
mp-1093904,RbNa2Bi,
mp-1093908,Zr2CdHg,
mp-1093915,TiCuRh2,
mp-1093910,Sc2ZnNi,
mp-1093914,MnBe2Ru,
mp-1093912,CaHg2Bi,
mp-1093916,HfZrCo2,
mp-1093909,SrCaMg2,
mp-1093918,Al2CuPd,
mp-1093919,Ta2TiMo,
mp-1093913,LaZnAg2,
mp-1093917,Ti2BeRe,
mp-1093920,Tc2GeSb,
mp-1093921,Y2HgIr,
mp-1093923,Sc2GaCo,
mp-1093922,CsKNa2,
mp-1093926,BeGaPt2,
mp-1093924,In2SnPb,
mp-1093927,BaSrAg2,
mp-1093928,TaMnRe2,
mp-1093932,Hf2CoNi,
mp-1093925,Ba2PAu,
mp-1093933,Zr2FeTc,
mp-1093934,Mg2NiPt,
mp-1093936,Be2ZnOs,
mp-1093930,KTl2Pb,
mp-1093937,LiGePt2,
mp-1093938,Be2AgPt,
mp-1093929,Ba2NaTl,
mp-1093931,Ba2CdAg,
mp-1093935,Sr2TlGa,
mp-1093942,Ta2CuOs,
mp-1093943,InAg2Au,
mp-1093939,Ba2SbBr,
mp-1093946,BeGeIr2,
mp-1093945,Ga2CoNi,
mp-1093940,BaCaCd2,
mp-1093947,Sr2CuPd,
mp-1093948,SrLaAg2,
mp-1093950,Y2CoIr,
mp-1093952,Ti2NiOs,
mp-1093949,Ba2TlAg,
mp-1093953,GaCuPd2,
mp-1093954,Be2PdAu,
mp-1093957,Zr2TcOs,
mp-1093956,TlIn2Hg,
mp-1093958,Al2CoTc,
mp-1093959,In2PdPt,
mp-1093955,YHg2Au,
mp-1093961,Sc2InCu,
mp-1093962,Nb2TcNi,
mp-1093960,YScHg2,
mp-1093967,Al2CuRh,
mp-1093964,Ti2ZnMo,
mp-1093966,MgTiCo2,
mp-1093963,Na2HgSb,
mp-1093968,Y2ZnPt,
mp-1093969,LiScGa2,
mp-1093965,Na2TlAs,
mp-1093970,Hf2NiMo,
mp-1093974,CrTcGe2,
mp-1093971,Sr2LiHg,
mp-1093975,TlCdIn2,
mp-1093979,Zr2CuRu,
mp-1093973,Ba2PdPt,
mp-1093976,TiVFe2,
mp-1093980,Sc2GaHg,
mp-1093978,Y2CdIr,
mp-1093981,Zr2CoCu,
mp-1093982,TiCdPd2,
mp-1093992,ZrN,
mp-1093983,Y2FePd,
mp-1093985,La2NiIr,
mp-1093988,AgPd2Au,
mp-1093984,SrLi2In,
mp-1093987,La2MgIn,
mp-1093986,Zr2TlTc,
mp-1094030,Ti2FeSi,
mp-999142,SnO,86.48611471
mp-1769,SbPd,103.9673002
mp-1094066,ScAgS2,
mp-917136,RbEuO2,
mp-917458,RbEuS2,
mp-1094073,S,
mp-1097001,InAgO2,
mp-1094093,NbC,
mp-1094064,SbH3,
mp-1094115,Na2O2,
mp-1094124,LiPH2,
mp-1094136,Ni,
mp-25587,LiNiO2,70.63441959
mp-1094202,MgSn3,
mp-1094910,Ce3Mg,
mp-568273,LiI,19.90324889
mp-1094274,SrMg,
mp-976047,Li3Hg,
mp-971944,SrMg3,
mp-999192,SiNi,
mp-974584,ReAu3,
mp-975397,RbBa3,
mp-1094665,LiMg3,
mp-1094670,LiMg3,
mp-1094675,LiMg,
mp-1094688,Sr3Mg,
mp-1094695,YMg,
mp-1094701,YMg,
mp-1094712,SrMg,
mp-1094715,MgSb,
mp-554579,CrCuS2,
mp-1094724,Mg3Sb,
mp-1094703,ZrSn,
mp-1094729,MgGa,
mp-1094768,MgZr3,
mp-1094709,Mg3Sb,
mp-1094769,Y3Mg,
mp-1094770,MgZr,
mp-1094741,MgZn3,
mp-1094739,LaMg,
mp-1094746,SrMg3,
mp-1094780,HfMg,
mp-1094784,CaZn3,
mp-1094786,Sr3Mg,
mp-1094753,MgSn,
mp-1094725,MgSn3,
mp-1094791,Mg3Zn,
mp-1094759,La3Mg,
mp-1094771,MgCd3,
mp-1094777,Y3Mg,
mp-1094750,YMg3,
mp-1096804,AgH,
mp-1094790,SrMg,
mp-1094792,Mg3Zr,
mp-1094731,SrMg3,
mp-1094795,Mg3Sn,
mp-1094736,MgSn,
mp-1094802,MgSn3,
mp-1039551,CeMg3,
mp-991976,NbCo2Sn,
mp-578609,NaTiO2,
mp-1094839,MgCd3,
mp-978534,SiGe,74.22609276
mp-1094851,MgCd3,
mp-1094852,CaMg,
mp-1094853,LiMg,
mp-1094855,La3Mg,
mp-1094857,Ca3Mg,
mp-578612,NaFeO2,
mp-1094861,CaZn,
mp-1094863,MgGa,
mp-1094867,MgZn3,
mp-1094870,YMg,
mp-1068001,GdGe,
mp-1008346,CrCo3,
mp-1094880,SrMg,
mp-1067669,KGdS2,
mp-1000712,RbYbS2,
mp-991664,MnCo2Ge,
mp-1096829,BPt,
mp-1064001,URh3,
mp-1094898,ZrSn,
mp-1094902,YMg,
mp-1094904,Ce3Mg,
mp-1094905,MgTi3,
mp-1094922,CaMg3,
mp-573604,GdMg2Ag,
mp-1094941,MgSb,
mp-1094944,SrMg,
mp-1094950,MgGa3,
mp-1094956,MgZn,
mp-1094958,HfMg3,
mp-1094963,CeMg,
mp-1094969,MgGa3,
mp-1094976,Sr3Mg,
mp-1094980,CaZn3,
mp-1094987,MgAl,
mp-1094988,MgSn3,
mp-1001159,MnFe2Si,
mp-1065463,NaCrSe2,
mp-560588,ZnS,69
mp-1096993,HfC,
mp-999077,Ti2GaFe,
mp-11416,TaGa3,
mp-974760,Rb3Th,
mp-754537,LiLuO2,
mp-19856,SnPt,127
mp-796545,CrCuO2,
mp-974962,Rb3Ho,
mp-1095709,Tc2GeW,
mp-1095710,ZrScRh2,
mp-1095711,MgScAu2,
mp-1095712,Sc2BeTl,
mp-1095716,ZrTiZn2,
mp-1095715,CaLaRh2,
mp-1095717,AlZnAu2,
mp-1095713,CuAgPd2,
mp-1095718,YScZn2,
mp-1095714,LaSbPd2,
mp-1095720,Ti2BeMo,
mp-1095719,YGaPd2,
mp-1095722,BeBIr2,
mp-1095723,BeGeRh2,
mp-1095725,InHgPb2,
mp-1095728,LiPPd2,
mp-1095721,K2NaCd,
mp-1095724,BaLi2Pb,
mp-1095732,Zr2CoRh,
mp-1095733,TiBe2Rh,
mp-1095731,Li2AsAu,
mp-1095735,Ta2MoPt,
mp-1095730,Tl2CdIn,
mp-1095734,ZrGaCo2,
mp-1016287,KMg3,
mp-1095766,SrMgCd2,
mp-1096503,Mg2CuAg,
mp-1095771,Ti2CoOs,
mp-1096229,La2ZnIn,
mp-1096696,Y2PtRh,
mp-1095953,Zn2PtAu,
mp-1095822,Zr2PtRh,
mp-1095934,Ba2ZnAu,
mp-1095839,Sc2CuNi,
mp-1096372,TiZn2Pd,
mp-1096189,LiInCu2,
mp-1095872,Y2BePb,
mp-1095736,BeNbCo2,
mp-1096545,LiMg2Cd,
mp-1096522,Y2CdRu,
mp-1096504,Sr2LiPd,
mp-1095885,LiY2Tc,
mp-1096071,Hf2TcPt,
mp-1096496,NaZn2Au,
mp-1096047,ScCuAu2,
mp-1095796,Sr2ZnHg,
mp-1096376,HfScPd2,
mp-1096205,Sc2TlGa,
mp-1095849,LaYZn2,
mp-1096166,BeAlCo2,
mp-1096152,HfBe2Pt,
mp-1096185,Ti2CuOs,
mp-1096629,Li2TlHg,
mp-1096297,NbFeRu2,
mp-1096366,Zr2BeTc,
mp-1096685,Nb2CoTc,
mp-1096758,CuSnPd2,
mp-1096419,Co2CuGe,
mp-1096502,Ba2HgSb,
mp-1096315,Ti2FeCo,
mp-1096267,CaPbAu2,
mp-1096174,YZn2Cd,
mp-1095786,Mn2GeW,
mp-1096459,MgSc2Hg,
mp-1096562,Ca2ZnGa,
mp-1096106,Sr2CdGa,
mp-1096035,Ca2TlAg,
mp-1096155,LiAgPb2,
mp-1096068,ScZnHg2,
mp-1096675,ScBiRu2,
mp-1096711,YCdCu2,
mp-1096105,Ti2NbPb,
mp-1096027,Ti2ZnRh,
mp-1096697,YAlCu2,
mp-571093,BaAlSiH,
mp-1096117,Al2TcIr,
mp-1095760,MnGaCu2,
mp-1096063,Be2CuOs,
mp-1096301,MgAgPd2,
mp-1096124,Li2CdIn,
mp-1095823,Zn2AgIr,
mp-1095913,LiLaIn2,
mp-1096364,CaLaGa2,
mp-1095821,Ti2CrCo,
mp-1096119,Al2CrFe,
mp-1096523,Nb2CoRe,
mp-1096020,Li2InGe,
mp-1095763,Al2OsPd,
mp-1096632,YZnPt2,
mp-1096651,Mg2CdAg,
mp-1096273,Mn2CrFe,
mp-1095853,Y2CdAg,
mp-1095978,Y2GaAu,
mp-1096126,AlTc2Ge,
mp-1096308,AlFeRu2,
mp-1096265,LiSc2Co,
mp-1096310,LiY2Zn,
mp-1096240,HfMgNi2,
mp-1096499,LiNbRu2,
mp-1096725,NaHg2Pd,
mp-1096662,BeZnPt2,
mp-1096678,Nb2TcRu,
mp-1096715,Mg2HgRh,
mp-1096165,Y2MgCd,
mp-1096296,LiVRu2,
mp-1096400,Cs2CdHg,
mp-1096083,KNa2Cd,
mp-1096167,LiScIn2,
mp-1095761,LiMgZn2,
mp-1096270,Y2AlPb,
mp-1096080,Y2GaCu,
mp-1096056,InAgPd2,
mp-1096030,MnZn2Co,
mp-1096691,Sr2TlPb,
mp-1096079,Li2TlRh,
mp-1096291,Sc2TlAu,
mp-1096343,VRe2Si,
mp-1096293,Ti2GaCu,
mp-1096210,NaYPb2,
mp-1096224,LaYPb2,
mp-1096633,K2NaHg,
mp-1096290,YRhAu2,
mp-1096835,Ba,
mp-1096175,CdPd2Pt,
mp-1096386,ZrNbRe2,
mp-1096266,La2CdPb,
mp-1096010,Cs2IBr,
mp-1096537,LiCaPb2,
mp-1095955,Ta2OsRh,
mp-1096072,AlFeIr2,
mp-1096708,NaAgPd2,
mp-1096684,Li2CdAg,
mp-1096383,GaReTc2,
mp-1095753,La2TlAg,
mp-1096092,LiY2Hg,
mp-1096019,Sc2InOs,
mp-1096674,Li2CaMg,
mp-1096570,ScAl2Tc,
mp-1096734,V2CrMo,
mp-1095836,Nb2RePd,
mp-1095908,Ca2CuPd,
mp-1096404,ZrScIr2,
mp-1096226,Y2TcPb,
mp-1096151,Ca2ZnGe,
mp-1096118,ScCd2Ag,
mp-1096843,BaCuS2,
mp-1096190,Hf2BeZn,
mp-1096055,Y2ZnPd,
mp-1096630,Zr2IrPd,
mp-1095802,MgMnPd2,
mp-1095833,Tl2HgTe,
mp-1096729,Ti2CoRh,
mp-1096415,HfScTc2,
mp-1096187,Ti2VMo,
mp-1096752,LiY2Pd,
mp-1095928,In2GaHg,
mp-1096721,YZrTc2,
mp-1096255,HfNi2Au,
mp-1096516,Ca2AgPd,
mp-1096341,CdIn2Ga,
mp-1096057,Sc2TlCu,
mp-1096716,CaYCd2,
mp-1096259,Zr2HgAu,
mp-1096160,Sr2InHg,
mp-1095992,Zr2ScTc,
mp-1096036,ScGaAg2,
mp-1095880,CsTl2Bi,
mp-1096552,Li2ZnIn,
mp-1096323,MgSiRu2,
mp-1096631,HgPd2Pb,
mp-1096049,CuPdAu2,
mp-1096121,KTlHg2,
mp-1095832,TiBeNi2,
mp-1096457,Hf2ReAg,
mp-1095964,Zn2AgPd,
mp-1096327,Be2FeRu,
mp-1096680,LiCaHg2,
mp-1096353,MnV2Tc,
mp-1096414,Nb2CuTc,
mp-1096686,TlBiPb2,
mp-1095929,NbV2Mo,
mp-1096795,YAgS2,
mp-1096334,Ti2AgMo,
mp-1096209,LiBe2Pt,
mp-1095747,Sc2ZnPd,
mp-1096638,Al2CrIr,
mp-1096434,Mg2TlIn,
mp-1097000,InAgS2,
mp-1096612,Mg2TlCd,
mp-1096238,Y2OsPd,
mp-1096454,Ti2PtW,
mp-1096108,Zr2MoPt,
mp-1096798,ScAgO2,
mp-1096195,Sc2TlV,
mp-1096422,TiAgAu2,
mp-1096687,NaPbAu2,
mp-1096650,Ti2NbZn,
mp-1095915,NaAg2Pb,
mp-1095921,LiZn2Ag,
mp-1096298,In2PdRh,
mp-1096573,Sc2ZnCo,
mp-1095782,MnAsRu2,
mp-1096208,Zn2IrAu,
mp-1096985,GaCuS2,
mp-1096507,NaMg2Hg,
mp-1095744,NaYHg2,
mp-1096609,Sc2TlCr,
mp-1096007,HfMgPt2,
mp-1096236,Ba2GaHg,
mp-1095805,Zr2RePt,
mp-1096216,MgMnIr2,
mp-1096703,NaTl2Ag,
mp-1096299,Li2HgSb,
mp-1095954,TiGeOs2,
mp-1096555,Ba2CdGa,
mp-1096413,LiCuAg2,
mp-1096546,ScGa2Os,
mp-1096028,MnHgPd2,
mp-1095968,NbCrTc2,
mp-1096046,TiGaTc2,
mp-1096738,ZrTaRu2,
mp-1096395,LiMgPb2,
mp-1096666,Ba2AsBr,
mp-1096145,Y2ZnTc,
mp-1095868,Mg2GaAu,
mp-1096346,Li2MgAg,
mp-1095941,Zr2TcRu,
mp-1096200,Ba2HgPd,
mp-1096135,CaYPb2,
mp-1096576,Al2CuTc,
mp-1096652,CaTlAg2,
mp-1096011,MgGeRu2,
mp-1096441,Ga2CoRh,
mp-1096225,YSnRu2,
mp-1095943,AgSbPd2,
mp-1096249,InGa2Sn,
mp-1096423,Na2TlCd,
mp-1096719,ZrScTl2,
mp-1095965,YZn2Au,
mp-1095775,Ti2NiW,
mp-1096362,Sr2HgBi,
mp-1095923,ScSiRu2,
mp-1095866,Sr2InPb,
mp-1095781,Ba2MgIn,
mp-1095887,Al2CoRh,
mp-1096348,Li2AlAu,
mp-1096518,Ti2IrRu,
mp-1096378,SrHg2Bi,
mp-1096473,TiMnIr2,
mp-1095883,Ti2TcMo,
mp-1096162,Mg2CdGa,
mp-1096491,YPd2Au,
mp-1095900,ZnAgAu2,
mp-1096013,Ta2MnFe,
mp-1096365,Zn2CoCu,
mp-1096250,TiVMo2,
mp-1096748,HfAlTc2,
mp-1096624,LiSn2Ir,
mp-1096227,CaCd2In,
mp-1095977,Ba2LiCd,
mp-1096445,CsRb2Bi,
mp-1096342,In2HgBi,
mp-1096625,SiTc2Ge,
mp-1096387,ScTiRh2,
mp-1096735,BaMgHg2,
mp-1095890,CaMgIn2,
mp-1096494,LiSc2Tl,
mp-1096539,ZnCu2Au,
mp-1096745,Y2CuOs,
mp-1095907,HfCrAu2,
mp-1096241,MgSc2Ag,
mp-1096214,Ca2MgPb,
mp-1095917,AlGaPd2,
mp-1096009,Na2TlPb,
mp-1096281,LiAlHg2,
mp-1096500,TlInHg2,
mp-1095765,SrLi2Tl,
mp-1096544,LiMnRh2,
mp-1096339,Y2AgPd,
mp-1096667,TaBeOs2,
mp-1096616,MgZrCd2,
mp-1096455,LiZr2Pt,
mp-1095991,Zr2CdTc,
mp-1096577,Li2AgGe,
mp-1096237,LiIn2Cu,
mp-1096349,MnTlPd2,
mp-1096676,ZrCu2Au,
mp-1096228,Ti2FeRu,
mp-1096242,NaCdPd2,
mp-1096669,Tl2HgPb,
mp-1096643,LiTl2Pd,
mp-1096688,Ba2LiTl,
mp-1096045,SrYPb2,
mp-1096088,Nb2MoRu,
mp-1096274,AgGeAu2,
mp-1096460,Sc2TcRu,
mp-1096481,MgZn2Ru,
mp-1095820,InNi2Au,
mp-1096746,Li2ScTl,
mp-1096220,NaCa2Rh,
mp-1096571,CuNiAu2,
mp-1095861,Hf2IrOs,
mp-1096700,TaBeCo2,
mp-1095980,BaCaTl2,
mp-1096363,Sc2AgPt,
mp-1095831,InCuAu2,
mp-1096508,K2HgAu,
mp-1095858,VTc2Mo,
mp-1096541,LiSc2Pd,
mp-1096050,MgAlPt2,
mp-1095856,Ta2IrW,
mp-1095848,ZnFeCo2,
mp-1096262,MgZr2Tc,
mp-1095857,Sc2AgPd,
mp-1096482,LiLa2Ge,
mp-1097017,KFe,
mp-1096694,Sr2TlHg,
mp-1096702,Ti2VRe,
mp-1095777,Zr2GaCu,
mp-1096453,CuPd2Au,
mp-1095785,Be2CoCu,
mp-1096626,Ba2NaSn,
mp-1096177,Ti2CuIr,
mp-1095976,Mg2GaCu,
mp-1096325,YTlHg2,
mp-1096405,BaSr2Ca,
mp-1096158,TiMn2Re,
mp-1096566,YSbAu2,
mp-1096726,BaNa2Sn,
mp-1095793,ZnCdRh2,
mp-1096338,NaLiHg2,
mp-1096101,Sc2AlPd,
mp-1096287,Tc2GeMo,
mp-1095951,BaInHg2,
mp-1096032,Zr2ReRh,
mp-1096582,Sc2CuHg,
mp-1095787,ScAgPd2,
mp-1096090,NaTl2Hg,
mp-1096254,MgCo2Ge,
mp-1096317,Mg2GaHg,
mp-1096292,Hf2ZnRh,
mp-1096256,Sc2PdRh,
mp-1096142,La2HgIr,
mp-1096664,Sr2ZnPb,
mp-1095932,Zr2CuRe,
mp-1096312,MgCuPt2,
mp-1096170,TaSiRu2,
mp-1096379,AlNiRh2,
mp-1096657,Y2RhAu,
mp-1096305,HfZrAu2,
mp-1096754,Tc2GeAs,
mp-1095998,BeFe2P,
mp-1096038,LiLa2Hg,
mp-1096556,Ti2MoAu,
mp-1095845,LiTi2Os,
mp-1096750,ZrInRu2,
mp-1096479,MgAgAu2,
mp-1095776,LiCd2Hg,
mp-1096391,Ba2TlPd,
mp-1096610,Y2MgGa,
mp-1096438,Mg2CuPd,
mp-1096269,LiYZn2,
mp-1096024,LaMgIn2,
mp-1096041,YCd2Ag,
mp-1096493,GaNiPt2,
mp-1007652,InAs,
mp-1096560,HfZrRu2,
mp-1096146,Y2RhPb,
mp-1096004,Hf2NbIn,
mp-1096247,Ba2BiI,
mp-1096094,LiMgAg2,
mp-1096230,Mg2HgBi,
mp-1095737,LiLaZn2,
mp-1096637,SiTc2Ni,
mp-1095795,BeZnIr2,
mp-1095906,SrLaZn2,
mp-1095914,TiCrMo2,
mp-1095814,Zr2ZnPt,
mp-1096089,LiTaPt2,
mp-1096602,Sr2CdGe,
mp-1096022,LiTiAu2,
mp-1095862,La2CdIr,
mp-1096402,In2IrRh,
mp-1096070,La2CuOs,
mp-1096302,Sr2GaHg,
mp-1096268,Ca2InGa,
mp-1096201,Mg2CdIr,
mp-1096313,Hf2RePd,
mp-1096451,Al2FeRh,
mp-1095869,ScAg2Hg,
mp-1096188,Ta2VRh,
mp-1096519,NbCuRh2,
mp-1095841,Sr2MgHg,
mp-1096389,MgVRh2,
mp-1096483,Sc2GaNi,
mp-1096197,Ti2NbMo,
mp-1096456,ScZn2Cu,
mp-1096283,Li2CaCd,
mp-1095946,Ag2HgAu,
mp-1096710,TiV2W,
mp-1095748,Mg2CdHg,
mp-1095876,CaMgZn2,
mp-1096204,NaSrPb2,
mp-1095755,YRh2Pb,
mp-1095903,LiAg2Au,
mp-1096435,SnHgPb2,
mp-1095973,LiLaAu2,
mp-1096443,Mg2HgPt,
mp-1095962,LiAg2Bi,
mp-1096621,MnZnPd2,
mp-1096403,Ca2MgHg,
mp-1096271,LiSc2In,
mp-1096171,AlZnCo2,
mp-1096333,BaNa2Ca,
mp-1096723,HfSnPd2,
mp-1096597,Mg2CdAu,
mp-1096747,ZnGeRh2,
mp-1096184,Rb2HgTe,
mp-1095804,NbZnNi2,
mp-1096026,Ca2ZnSn,
mp-1096207,AlFe2Ge,
mp-1096253,Li2ZnCd,
mp-1095877,TaFe2Ge,
mp-1095768,Y2ZnCd,
mp-1095847,BeCo2P,
mp-1095809,Cs2RbSb,
mp-1096568,LiCu2Au,
mp-1095949,TiCdAu2,
mp-1096458,NaTlCd2,
mp-1096526,CsRbI2,
mp-1096417,Li2PtAu,
mp-1096328,Y2ZnPb,
mp-1095996,HfTc2Ge,
mp-1096406,Mn2CoMo,
mp-1096628,La2CdIn,
mp-1096498,Ba2NaMg,
mp-1095794,Pd2PbAu,
mp-1096304,CsNa2Sb,
mp-1095852,HfSnAu2,
mp-1096682,VZnFe2,
mp-1096410,LaAg2Hg,
mp-1096531,ZnGaNi2,
mp-1096320,Y2MgIr,
mp-1096148,Ba2ZnHg,
mp-1096248,Ti2RuRh,
mp-1095826,MnCdPd2,
mp-1096720,MnCuPt2,
mp-1096095,Hf2ZnMo,
mp-1096087,LiYIn2,
mp-1096401,Zn2IrPt,
mp-1096109,MnCdAu2,
mp-1096051,LiCd2Cu,
mp-1096232,LiBi2Pd,
mp-1095959,Sc2TlRh,
mp-1096447,CrGeRu2,
mp-1096433,LiBe2Os,
mp-1095790,Mg2ZnAg,
mp-1096332,Tl2CdHg,
mp-1096420,Hf2NiOs,
mp-1096564,Sr2ZnCd,
mp-1095947,MgTlPd2,
mp-1096535,Tl2HgBi,
mp-1096699,HfPdAu2,
mp-1096515,Hf2CrIr,
mp-1096575,AlCr2W,
mp-1096371,Mg2AgHg,
mp-1095975,LaYPd2,
mp-1095762,MgRu2W,
mp-1096318,LiScZn2,
mp-1096521,Al2FeCu,
mp-1095770,SrBiAu2,
mp-1096086,LaPd2Pb,
mp-1095952,ScTiZn2,
mp-1096282,Zr2GaTc,
mp-1096722,Li2ZnCu,
mp-1096439,LiZn2Ru,
mp-1096243,NaMgHg2,
mp-1096065,Hf2MnRe,
mp-1096031,Ba2TlAu,
mp-1096737,ZrInCo2,
mp-1096103,Ca2HgPt,
mp-1096091,Y2AlRu,
mp-1095772,Li2TlIn,
mp-1096370,LiGe2Ir,
mp-1096263,Ti2VRh,
mp-1095994,ScSnIr2,
mp-1095799,YNbTc2,
mp-1095810,Sr2MgPb,
mp-1096647,Be2IrOs,
mp-1096595,Sr2LiZn,
mp-1096707,Y2HgPt,
mp-1096374,TlCuPd2,
mp-1095812,LaZnHg2,
mp-1096532,LiY2In,
mp-1096412,ScZn2Cd,
mp-1096113,MgNbIr2,
mp-1096733,Li2InBi,
mp-1096527,LaYCu2,
mp-1095824,Hf2MnNi,
mp-1096653,Y2AgPb,
mp-1095767,Mg2HgPb,
mp-1096380,MnV2Ru,
mp-1096078,InBiPb2,
mp-1096635,LiCrIr2,
mp-1096234,Ti2VTc,
mp-1095920,Y2NiPd,
mp-1096706,Sr2PdAu,
mp-1096620,Cd2PdPt,
mp-1096471,YAg2Hg,
mp-1096173,MnInPt2,
mp-1095979,Li2CdBi,
mp-1096411,Zr2InTc,
mp-1095846,Ba2NaPb,
mp-1095773,La2RuAu,
mp-1096061,CaBiAu2,
mp-1096264,ZrCu2Ag,
mp-1096355,La2SnHg,
mp-1096524,La2CuGe,
mp-1096506,Sc2CoRh,
mp-1095989,ZnInIr2,
mp-1097008,K2O2,
mp-1096681,CdSbRh2,
mp-1096099,LiTlAg2,
mp-1096356,Sc2TlCo,
mp-1096561,Zr2CuTc,
mp-1096840,Ba,
mp-1096111,ScMnAu2,
mp-1096138,LaYAl2,
mp-1096143,TaTc2Sn,
mp-1096551,InFeRh2,
mp-1096141,Sr2LiGa,
mp-1096116,LiGa2Ag,
mp-1096392,HfVAu2,
mp-1095960,MgCu2Pt,
mp-1096510,Y2SnHg,
mp-1096646,Li2YGa,
mp-1095838,Na2TlHg,
mp-1096741,Y2GaAg,
mp-1096081,ZrSiRu2,
mp-1096153,Ba2TlHg,
mp-1095834,Mg2IrPt,
mp-1096436,Tl2InSn,
mp-1096129,La2HgRu,
mp-1096709,Cd2AgPd,
mp-1096534,YZrPd2,
mp-1096360,NaSr2Mg,
mp-1096033,HfCuAu2,
mp-1095912,MgNbOs2,
mp-1095807,ScSnAu2,
mp-1095888,TlHgPb2,
mp-1095969,MnNb2Cr,
mp-1096581,Hf2MoPt,
mp-1096183,Zr2IrRh,
mp-1096182,Ca2CdAu,
mp-1096663,ZrAlTc2,
mp-1096316,La2AlIn,
mp-1096110,Ba2ZnPd,
mp-1096042,MnAl2Tc,
mp-1095936,AlZnCu2,
mp-1096529,LaMg2Sc,
mp-1096246,Hf2MnFe,
mp-1095828,ZrGaIr2,
mp-1096497,V2FeTc,
mp-1096755,Sr2LiRh,
mp-1093873,ZnCo2Sn,
mp-1096762,SrLi2Si,
mp-1096202,Y2PdPb,
mp-1096215,Sc2CoPt,
mp-1096425,MgSc2Au,
mp-1096543,K2RbNa,
mp-1095741,MgZn2Pt,
mp-1096476,LiLa2Cd,
mp-1096464,TlHg2Pb,
mp-1096469,Hf2RePt,
mp-1096639,ZnGeRu2,
mp-1096665,BeFe2W,
mp-1096701,Ga2CoIr,
mp-1096093,LiY2Cd,
mp-1096463,Sc2CdAu,
mp-1095784,LiAlZn2,
mp-1095874,FeCuRh2,
mp-1096335,LiGe2Pt,
mp-1096599,NaCd2In,
mp-1096466,Al2VIr,
mp-1095956,YAgAu2,
mp-1096194,Tl2HgAu,
mp-1095746,LiY2Pb,
mp-1096670,ScAl2Os,
mp-1096150,ScBe2Pt,
mp-1095873,LiZrHg2,
mp-1095791,Y2CuAu,
mp-1096487,MnTc2W,
mp-1096574,MgBePt2,
mp-1096069,Ba2NaIn,
mp-1096805,AgBrO2,
mp-1095893,TiTc2Sn,
mp-1096655,ZrZn2Au,
mp-1095942,Sr2MgTl,
mp-1096477,Y2TlPb,
mp-1096683,LiPdPb2,
mp-1095896,YMgPt2,
mp-1097028,GdAgSe2,
mp-1096588,NaYAu2,
mp-1095813,Ca2GaHg,
mp-1096048,LiOs2W,
mp-1096330,LiAgHg2,
mp-1096753,Ca2HgAu,
mp-1095911,YScIn2,
mp-1096014,Y2HgRu,
mp-1096472,MgGaCu2,
mp-1095997,KHg2Bi,
mp-1095972,Sr2HgGe,
mp-1096218,Y2TlCu,
mp-1096467,LiRh2W,
mp-1096196,Nb2CrOs,
mp-1095803,Y2InPd,
mp-1096489,InCuRh2,
mp-1096468,LiZn2Cu,
mp-1096375,Ti2NbIr,
mp-1095863,MgInCu2,
mp-1096023,VZnCo2,
mp-1095759,Mn2CrRu,
mp-1096622,Li2CaAl,
mp-1096505,Sc2TlHg,
mp-1095909,LiTa2Re,
mp-1096149,Y2ZnRh,
mp-1096533,Mg2TlHg,
mp-1096598,LiTi2Ir,
mp-1095818,YScPd2,
mp-1096261,MgGaPt2,
mp-1096427,GaSiTc2,
mp-1096314,La2AgPb,
mp-1096040,ZrScRu2,
mp-1096067,YScCd2,
mp-1095918,YGaCu2,
mp-1095860,Al2CuNi,
mp-1096043,BeBPt2,
mp-1096648,LaHg2Pb,
mp-1096084,VGaOs2,
mp-1096641,Be2TcPt,
mp-1096136,Zr2RuRh,
mp-1095925,BaCaMg2,
mp-1095819,Hf2MoPd,
mp-1095966,InCuNi2,
mp-1095792,Be2PtAu,
mp-1096661,Hf2NbIr,
mp-1095967,La2AgOs,
mp-1096520,LiSbPt2,
mp-1096591,MgNbCo2,
mp-1096112,Hf2CoCu,
mp-1096073,Sr2ZnGe,
mp-1096465,Sr2CdAg,
mp-1095878,MnZn2Pt,
mp-1095957,MgOs2W,
mp-1096756,AlSiNi2,
mp-1096125,AlVCr2,
mp-1096213,Sc2CuPd,
mp-1096074,TiBe2Pt,
mp-1096319,Zr2TcAg,
mp-1096623,BaCaIn2,
mp-1096179,CaYMg2,
mp-1096285,Li2CuAg,
mp-1095984,Li2HgAs,
mp-1096052,LiAl2Ru,
mp-1096528,Y2InRu,
mp-1096276,Ba2MgCd,
mp-1095742,Nb2VMo,
mp-1096122,BeCrOs2,
mp-1096382,BaSnHg2,
mp-1096569,Be2CoPd,
mp-1095816,Mg2PtAu,
mp-1095993,ZrInAg2,
mp-1095865,Ti2FeRh,
mp-1095815,Ti2MoW,
mp-1096132,Y2HgPd,
mp-1095894,HfCdPd2,
mp-1096075,LiSnHg2,
mp-1096199,Y2PbAu,
mp-1096300,Y2InCu,
mp-1095783,Zr2RePd,
mp-1096517,VCrRe2,
mp-1096603,Ba2LiHg,
mp-1095850,LiSc2Ga,
mp-1096492,Be2CrPt,
mp-1096098,InHg2Pb,
mp-1096660,ScPd2Au,
mp-9973,VB,272.6352424
mp-1095901,SrCaAg2,
mp-1096399,Ca2PtAu,
mp-1096303,Mg2ZnGa,
mp-1096462,AlCdRh2,
mp-1096751,Ca2InHg,
mp-1096172,Li2GaSn,
mp-1096461,HfBeAu2,
mp-1096565,Sc2CuRh,
mp-1096244,TiTc2Ge,
mp-1095937,Rb2HgSe,
mp-1096016,Ca2InPb,
mp-1096692,Sr2ZnGa,
mp-1095844,Nb2MoOs,
mp-1096437,Cs2HCl,
mp-1095800,LiCa2Sn,
mp-1096381,AgSnPd2,
mp-1096018,BaLi2Sn,
mp-1096484,CsK2As,
mp-1096278,NaLiTl2,
mp-2542,BeO,208.3506306
mp-1097021,InCuS2,
mp-1096416,Li2MgAu,
mp-1096596,TiCuAu2,
mp-1095797,HgBiPb2,
mp-1096580,Be2OsAu,
mp-1096470,Zr2PdPt,
mp-1096015,ZrScCu2,
mp-1095827,ReSi2Tc,
mp-1096021,ScTiTl2,
mp-1096590,K2CdAu,
mp-1096159,NbSnRu2,
mp-1096409,LiZnHg2,
mp-1096059,LaScRu2,
mp-1095843,Ti2FeOs,
mp-1095926,LaYAu2,
mp-1096181,Ca2GaAg,
mp-1095985,MgTiAu2,
mp-1096131,HfScZn2,
mp-1096368,Be2OsPt,
mp-1095757,SnPd2Au,
mp-1095789,Sc2ZnIn,
mp-1095930,AlSiTc2,
mp-1096235,MgSc2Ga,
mp-1096749,Sc2InGa,
mp-1096744,Hf2TcIr,
mp-1096594,CuNi2Ge,
mp-1095988,Sr2AgHg,
mp-1096147,VInRu2,
mp-1096557,NaMg2In,
mp-1096485,Ti2NbPt,
mp-1095778,SrPbAu2,
mp-1096418,Hf2CuNi,
mp-1095854,MgZrAg2,
mp-1096644,Al2OsRh,
mp-1096322,Sc2AgRh,
mp-1095963,Hf2MnZn,
mp-1096727,Ba2LiMg,
mp-1096668,AlAgAu2,
mp-1095958,CaSnHg2,
mp-1096193,Zr2CrTc,
mp-1095974,Ca2ZnCd,
mp-1096446,YTaOs2,
mp-1096144,ZrTaMn2,
mp-1096156,AlV2W,
mp-1096608,BaSrTl2,
mp-1096474,La2CoIr,
mp-1096359,Cd2CuPt,
mp-1095769,CaLaTl2,
mp-1096275,NbTc2Mo,
mp-1096361,MnSi2Tc,
mp-1096390,MgTiPd2,
mp-1095935,Sc2TlIn,
mp-1096585,LiMg2Ir,
mp-1095842,Mn2CoIr,
mp-1096198,MnBePt2,
mp-1096442,Li2ZnGa,
mp-1095743,Sc2CuAg,
mp-1096636,CrSiTc2,
mp-1096554,Nb2ReRh,
mp-1096712,SrLaTl2,
mp-1096475,Ba2TlPb,
mp-1096509,Sc2TcRh,
mp-1096578,Y2TlZn,
mp-1096344,Na2InBi,
mp-1096029,CaAg2Pb,
mp-1095758,BeAsRu2,
mp-1096558,BeCo2B,
mp-1096336,CaYAg2,
mp-1094789,Mg3Zn,
mp-1096584,LiGa2Tc,
mp-1096393,LiGa2Au,
mp-1096307,Zr2FeRu,
mp-1095897,Ti2ZnIr,
mp-1096006,NbVTc2,
mp-1096329,Ag2PdAu,
mp-1096397,Mg2GaPd,
mp-1095902,Y2ZnGa,
mp-1096176,ZrHgAu2,
mp-1096053,NaSrTl2,
mp-1095751,LiSc2Al,
mp-1096714,ZrCrTc2,
mp-1095933,MgSiPd2,
mp-1096107,LiMgSn2,
mp-1095871,TaBe2Os,
mp-1096025,CaPdAu2,
mp-1095859,Ba2AlTl,
mp-1096736,Zr2AlTc,
mp-1095990,Ba2NaLi,
mp-1096742,YGaPt2,
mp-1096277,CdPd2Pb,
mp-1095808,Y2IrRu,
mp-1096611,ZrScPd2,
mp-1096350,FeTc2Ge,
mp-1096617,MnZnPt2,
mp-1096607,Zn2CuPd,
mp-1096690,LiCa2Pt,
mp-1096066,AlCuNi2,
mp-1096384,NbCr2Tc,
mp-1096728,MnTc2Mo,
mp-1096672,Sc2AgPb,
mp-1096426,CsNa2Bi,
mp-1096553,Zn2CuRh,
mp-1096634,Li2CdPt,
mp-1096367,Sc2NiPd,
mp-1096601,LiPRu2,
mp-1096567,LiPRh2,
mp-1095837,Cr2ReMo,
mp-1096659,ZrSc2Tl,
mp-1095948,Cs2KNa,
mp-1096480,Zr2FeOs,
mp-1096377,Ti2GaTc,
mp-1096730,Ti2NbSn,
mp-1096231,LiMg2Cu,
mp-1096260,Li2InPb,
mp-1096760,TiAlIr2,
mp-1095931,Be2CrIr,
mp-1096211,NbGaOs2,
mp-1096587,Sc2TlPd,
mp-1096340,NaHg2Bi,
mp-1095904,Ba2HgAu,
mp-1096058,Ba2ZnGa,
mp-1096223,TiBeCu2,
mp-1096501,NaZnPd2,
mp-1096695,Tl2HgSb,
mp-1096613,SrLaMg2,
mp-1096345,AlGaRu2,
mp-1096288,LiSi2Ir,
mp-1095825,Al2FePt,
mp-1095898,Sc2GePd,
mp-1096331,Y2InHg,
mp-1096163,MgZrHg2,
mp-1096449,TaNbRu2,
mp-1095798,CuNiPd2,
mp-1096495,LiNi2As,
mp-1096137,ZrGaCu2,
mp-1096478,CaScHg2,
mp-1095981,NaMgCd2,
mp-1096127,Y2CuAg,
mp-1096289,Sc2InHg,
mp-1095801,Y2ZnHg,
mp-1096139,LiCd2Ni,
mp-1096186,Ca2TlHg,
mp-1096161,Sc2TlFe,
mp-1096085,MnBeCo2,
mp-1096540,LiAlIr2,
mp-1096134,BeGePt2,
mp-1096233,YAgPd2,
mp-1096097,Sr2LiIr,
mp-1096536,ReSiTc2,
mp-1095884,LiTaOs2,
mp-1095945,LaSnHg2,
mp-1096677,MgSbRh2,
mp-1096077,NaIn2Sn,
mp-1095895,Li2ZnHg,
mp-1096589,HfTiFe2,
mp-1096337,Ti2MoRh,
mp-1096572,Sc2IrPt,
mp-1096408,Li2MgGa,
mp-1096592,Hf2ZnFe,
mp-1095780,La2ZnHg,
mp-1095881,BaSrCd2,
mp-1096192,LiMgIn2,
mp-1095971,Sr2MgIn,
mp-1096757,NbCr2Re,
mp-1096679,Mg2InGa,
mp-1096001,Li2CdGa,
mp-1095752,CsKAu2,
mp-1096272,MnNb2Ru,
mp-1096600,Nb2TcMo,
mp-1096640,MgZnCu2,
mp-1096586,ZrZnIr2,
mp-1096130,NaTl2In,
mp-1096705,CaZnAu2,
mp-1096239,CaTlHg2,
mp-1096385,Na2HgTe,
mp-1096082,Li2HgPb,
mp-1096251,ZrZn2Pd,
mp-1095829,NaMg2Tl,
mp-1095905,NbV2Fe,
mp-1095779,AlGaNi2,
mp-1096168,Ca2ZnAg,
mp-1096388,TlSnPb2,
mp-1095811,LiY2Ga,
mp-1096295,VCr2Mo,
mp-1096102,Ti2CuRe,
mp-1095886,Hf2NiRh,
mp-1096396,Hf2BeRe,
mp-1096096,Mn2NbV,
mp-1096444,BeFeCo2,
mp-1095924,LiGa2Cu,
mp-1096352,Sr2CdHg,
mp-1096324,Mg2CdPb,
mp-1095749,ZnSiRu2,
mp-1095830,Sr2LiSn,
mp-1096120,ZrTiTc2,
mp-1095870,Ca2HgGe,
mp-1096180,LiZrPd2,
mp-1096358,TiCdCu2,
mp-1096219,MgGePd2,
mp-1096221,YHfAu2,
mp-1096563,Ti2ZnW,
mp-1095891,Sr2AgSb,
mp-1096140,La2IrRu,
mp-1096062,LaZn2Cd,
mp-1096003,BaLi2Tl,
mp-1096037,BaSrIn2,
mp-1096169,Cd2AgPt,
mp-1095982,Ca2AlCd,
mp-1096373,MgScTl2,
mp-1096133,MgVRu2,
mp-1096128,La2IrRh,
mp-1096217,CdPdAu2,
mp-1096100,Al2TcNi,
mp-1096538,Al2NiPt,
mp-1096157,MnTlRh2,
mp-1096245,MnBeRu2,
mp-1095961,NaIn2Ag,
mp-1095788,Y2AlAg,
mp-1096512,NbAlTc2,
mp-1095940,Zr2ZnCu,
mp-1096064,ZrZnPd2,
mp-1096039,MnAgPd2,
mp-1096732,TlCdPd2,
mp-1095892,MgGaAu2,
mp-1096311,Be2VPt,
mp-1096673,MnCdRh2,
mp-1096309,Sc2HgPd,
mp-1096012,Ca2CdHg,
mp-1096191,Sr2TlZn,
mp-1095745,MgInPt2,
mp-1096076,ZnNiPd2,
mp-1096619,TiCr2Re,
mp-1095995,NaTlHg2,
mp-1095806,LiIn2Ag,
mp-1096740,Ti2FeRe,
mp-1095754,Sr2LiCd,
mp-1096717,V2MoRh,
mp-1096969,FeAgS2,
mp-1096206,VCrMo2,
mp-1096739,NaSnRh2,
mp-1096424,Zr2CuPt,
mp-1095864,Sc2GaRh,
mp-1096689,Y2PtPb,
mp-1095817,Na2HgAu,
mp-1095774,Hf2NiIr,
mp-1096593,LaYHg2,
mp-1096440,Tl2CdBi,
mp-1095851,YMgPd2,
mp-1095738,BaCdHg2,
mp-1096357,TaMn2Ga,
mp-1096164,KRbHg2,
mp-1097050,YMgCu2,
mp-704645,CuO,146
mp-1097596,Sc2ZnRh,
mp-1097511,LiTa2Os,
mp-1097219,Ti2MnCu,
mp-1097365,Ba2ZnAg,
mp-1097318,ZrZn2Pt,
mp-1097562,CaHg2Pb,
mp-1097225,Mg2GaPb,
mp-1097466,MnNbTc2,
mp-1097095,SrLi2Ge,
mp-1097348,Zr2CoRu,
mp-1097386,AlCrTc2,
mp-1097104,Be2CoAu,
mp-1097075,ScTlCu2,
mp-1097390,Hf2CoRu,
mp-1097450,MgScNi2,
mp-1097199,Mg2CdIn,
mp-1097287,Mg2CuRh,
mp-1097570,BeMoRu2,
mp-1097659,Y2GaPd,
mp-1097158,Fe2CoIr,
mp-1097398,FeSi2Tc,
mp-1097477,ScGePd2,
mp-1097467,ScZnAg2,
mp-1097431,ScHgPd2,
mp-1097429,CaSnPd2,
mp-1097406,Sc2CdPt,
mp-1097206,Sc2AgSn,
mp-1097077,In2HgPb,
mp-1097395,Tl2InPb,
mp-1097170,Be2IrRu,
mp-1097514,MgAlNi2,
mp-1097220,Sc2ZnHg,
mp-1097612,NaAg2Sn,
mp-1097635,NaSr2Ca,
mp-1097298,HfSiTc2,
mp-1097198,Y2NiRh,
mp-1097156,CaTl2Pb,
mp-1097231,Y2BePd,
mp-1097305,Zr2MnOs,
mp-1097513,LiGa2Co,
mp-1097444,TiCdRh2,
mp-1097172,Zn2IrRh,
mp-1097237,Mn2CoRe,
mp-1097160,NiGeRh2,
mp-1097323,ZrZnCo2,
mp-1097436,YZrAu2,
mp-1097117,MgCdRh2,
mp-1097301,Ti2FeMo,
mp-1097185,LiZn2Co,
mp-1097344,CuHgPd2,
mp-1097179,ZnSiTc2,
mp-1097141,FeSnRh2,
mp-1097367,Ca2SnAu,
mp-1097664,MnNb2Os,
mp-1097666,La2IrPt,
mp-1097289,Hf2MgRe,
mp-1097471,ZrVTc2,
mp-1097446,Y2TcPd,
mp-1097176,SrLiTl2,
mp-1097252,MnTc2Sb,
mp-1097362,Y2AlCd,
mp-1097296,AlSnRu2,
mp-1097462,Mg2CuAu,
mp-1097426,Ca2HgPd,
mp-1097573,NaTl2Pt,
mp-1097294,LiBe2Au,
mp-1097375,MnBe2Os,
mp-1097452,CaHg2Pd,
mp-1097560,Al2OsRu,
mp-1097084,Fe2IrRh,
mp-1097307,Zr2PtAu,
mp-1097605,AlTc2W,
mp-1097359,BaCaHg2,
mp-1097240,Hf2VOs,
mp-1097389,Sc2TiTl,
mp-1097532,MgZnPt2,
mp-1097449,Hf2AlMo,
mp-1097081,Al2FeTc,
mp-1097247,KRbAu2,
mp-1097483,TcGe2Rh,
mp-1097673,Zr2ReTc,
mp-1097216,CaPd2Pb,
mp-1097519,NaSr2Li,
mp-1097184,TaMn2V,
mp-1097527,Hf2FeRe,
mp-1097177,Ti2GaMo,
mp-1097419,TaGaRh2,
mp-1097604,ZrGeRh2,
mp-1097638,CaLaPb2,
mp-1097129,LiCrRh2,
mp-1097224,Cd2InBi,
mp-1097339,CdIn2Bi,
mp-1097311,Si2TcRu,
mp-1097284,AgSnRh2,
mp-1097089,CsRbNa2,
mp-1097341,LaCd2Ag,
mp-1097203,Y2AlCu,
mp-1097524,CdAgAu2,
mp-1097622,Ti2NbAl,
mp-1097421,ScGa2Ir,
mp-1097133,V2FeOs,
mp-1097161,SrYPd2,
mp-1097325,Sc2AlPt,
mp-1097454,ScCdPt2,
mp-1097396,Y2GaPb,
mp-1097320,NbRe2Mo,
mp-1097346,TlInPb2,
mp-1097253,ScCo2Ge,
mp-1097113,Be2CuPd,
mp-1097106,Ti2MoOs,
mp-1097413,NaLaAg2,
mp-1097445,Be2CoOs,
mp-1097662,NbInTc2,
mp-1097223,YZnAu2,
mp-1097260,Y2PdRh,
mp-1097200,TiGaAu2,
mp-1097342,Zr2OsRh,
mp-1097515,K2AgAu,
mp-1097504,MgSnRu2,
mp-1097090,Ca2PbAu,
mp-1097262,LaMgAu2,
mp-1097210,LaCd2In,
mp-1097649,YZnHg2,
mp-1097658,BaNa2Sr,
mp-1097403,SrYPt2,
mp-1097464,HfMgZn2,
mp-1097581,CdCuPd2,
mp-1097585,NaLi2Tl,
mp-1097526,LiHg2Au,
mp-1097302,Ti2NbRh,
mp-1097086,Li2InSb,
mp-1097191,TiVRu2,
mp-1096114,CdInAg2,
mp-1097614,Ti2MnMo,
mp-1097134,La2CdAg,
mp-1097279,Li2PtPb,
mp-1097617,LiSc2Hg,
mp-1097533,VSnRu2,
mp-1097109,HfMnCo2,
mp-1097455,TiMn2Nb,
mp-1097606,Zr2InAg,
mp-1097162,Cs2AuBr,
mp-1097648,HfTiCo2,
mp-1097164,Ti2CrRh,
mp-1097634,NbFeTc2,
mp-1097190,HfTiAu2,
mp-1097245,Hf2PdRh,
mp-1097453,Ba2NaCd,
mp-1097098,CaLaCu2,
mp-1097188,La2AgAu,
mp-1097178,TaSiTc2,
mp-1097677,NaMg2Cd,
mp-1097197,LiZrCu2,
mp-1097650,Zr2TcAu,
mp-1097093,MnCuRh2,
mp-1097258,CdHgPd2,
mp-1097264,BaSrLi2,
mp-1097621,LiMnAu2,
mp-1097607,LiBeCu2,
mp-1097601,GaCuNi2,
mp-1097587,ZrNbRu2,
mp-1097597,Al2TcPd,
mp-1097458,YCuAu2,
mp-1097525,LiCuAu2,
mp-1097088,InAgAu2,
mp-1097577,Nb2TcRh,
mp-1097213,TaTc2Ge,
mp-1097506,LiCdIn2,
mp-1097520,BaLi2Ca,
mp-1097372,BeFeRu2,
mp-1097578,Y2BeIr,
mp-1097277,YScCu2,
mp-1097276,LaAg2Au,
mp-1097475,Sr2AgBi,
mp-1097679,TiV2Re,
mp-1097394,La2ZnCd,
mp-1097542,AlTc2Sb,
mp-1097553,Ti2VOs,
mp-1097338,Ca2ZnPb,
mp-1097126,NbSiRu2,
mp-1097146,HfTaMn2,
mp-1097274,K2RbAs,
mp-1097430,MnRu2W,
mp-1097315,Zr2OsPd,
mp-1097459,Rb2AuBr,
mp-1097169,MgCdPd2,
mp-1097347,Ga2RuPt,
mp-1097480,MgSc2Ir,
mp-1097438,Hf2FeCo,
mp-1097572,TiCu2Au,
mp-1097610,HfCu2Au,
mp-1097180,La2CdHg,
mp-1097165,TiFeCo2,
mp-1097646,BeAlPt2,
mp-1097442,Li2AgAs,
mp-1097377,CdGaPd2,
mp-1097071,LiY2Co,
mp-1097391,Sc2InPt,
mp-1097233,NaGaHg2,
mp-1097366,MgScIr2,
mp-1097142,TlCdHg2,
mp-1097330,SrTl2In,
mp-1097122,Be2IrRh,
mp-1097215,SrCdAu2,
mp-1097402,ZrScTc2,
mp-1097685,NaYIn2,
mp-1097196,ZnNiAu2,
mp-1097492,Sr2PdPt,
mp-1097405,Sc2CdGa,
mp-1097584,YGaAg2,
mp-1097417,Sc2InRu,
mp-1097566,CaHgPd2,
mp-1097091,HfZnRh2,
mp-1097488,HfTc2Mo,
mp-1097186,HfCuRh2,
mp-1097281,ScInCo2,
mp-1097292,Nb2FeTc,
mp-1097558,Sc2CdHg,
mp-1097340,GaCoRh2,
mp-1097568,MgZrPt2,
mp-1097173,BeCrIr2,
mp-1097418,YScAl2,
mp-1097633,Cs2KRb,
mp-1097456,Be2FePt,
mp-1097441,MgInHg2,
mp-1097540,TlHg2Bi,
mp-1097517,HfTiTc2,
mp-1097549,Sc2CoCu,
mp-1097333,Sc2GaPd,
mp-1097120,LiSiAg2,
mp-1097539,AgPd2Pb,
mp-1097107,HfZrHg2,
mp-1097349,SrHg2Pb,
mp-1097082,HfZrRh2,
mp-1097355,LaScAu2,
mp-1097195,SrCaCd2,
mp-1097229,NaIn2Bi,
mp-1097637,ZnCdAu2,
mp-1097476,ZrScCo2,
mp-1097078,TaZnNi2,
mp-1098156,LaMg3,
mp-1097248,Y2MgTl,
mp-1097656,CaLaPd2,
mp-1097238,LiYPb2,
mp-1097583,Sc2AlTl,
mp-1097263,Cs2RbNa,
mp-1097275,NaCdPb2,
mp-1097473,LiMnIr2,
mp-1097443,Nb2VRu,
mp-1097460,LiScAg2,
mp-1097640,SiTc2As,
mp-1097510,Mn2NbGa,
mp-1097420,YAlAu2,
mp-1097319,MgCuAu2,
mp-1097309,Ba2InHg,
mp-1097423,Y2SiPd,
mp-1097336,VCr2Re,
mp-1097552,LaScTl2,
mp-1097661,LiYCd2,
mp-1097154,Y2HgAu,
mp-1097672,Cs2HgTe,
mp-1097432,Hf2InMo,
mp-1097433,MgAg2Hg,
mp-1097509,ZrScCd2,
mp-1097668,LiAg2Sb,
mp-1097249,Y2TlHg,
mp-1097124,Ca2CdRh,
mp-1097425,CuSiTc2,
mp-1097102,Ti2ZnOs,
mp-1097306,Mn2CrSi,
mp-1097135,Ca2TlIn,
mp-1097259,ZnCrRh2,
mp-1097236,Li2SnPb,
mp-1097608,Ti2MnTc,
mp-1097546,Y2MgOs,
mp-1097382,Zr2MoPd,
mp-1097217,Y2AlTl,
mp-1097304,Mg2CuIr,
mp-1097147,MgBe2Os,
mp-1097105,V2CrW,
mp-1097620,TaMn2Si,
mp-1097541,Mg2HgPd,
mp-1097530,Zn2IrPd,
mp-1097202,Ca2TlZn,
mp-1097468,CaScIn2,
mp-1097416,Y2SnPd,
mp-1097358,MgZn2Pd,
mp-1097368,ScTiTc2,
mp-1097167,Ti2IrOs,
mp-1097322,Li2GePt,
mp-1097579,LiAlGa2,
mp-1097505,InSnHg2,
mp-1097582,Y2MgPb,
mp-1097536,NaInPd2,
mp-1097159,Zr2TcPt,
mp-1097136,Y2TlIn,
mp-1097380,LiCa2Ag,
mp-1097564,Zr2CoRe,
mp-1097283,LiHfAu2,
mp-1097626,Y2MgZn,
mp-1097132,Y2HgPb,
mp-1097288,Sc2PtRh,
mp-1097534,NbTc2Sn,
mp-1097410,AlCrOs2,
mp-1097493,AlTc2Mo,
mp-1097241,Mg2HgAu,
mp-1097354,Ta2MoRh,
mp-1097508,LaZrAu2,
mp-1097242,YScAu2,
mp-1097574,Ba2HgGe,
mp-1097278,Zr2TcNi,
mp-1097461,ZrAlFe2,
mp-1097331,Li2CaGa,
mp-1097144,LiTlHg2,
mp-1097440,CaScRh2,
mp-1097496,CaYIn2,
mp-1097628,Be2IrAu,
mp-1097218,LiCd2In,
mp-1097332,Li2CaTl,
mp-1097424,YZn2Ag,
mp-1097500,LiGaHg2,
mp-1097667,YScTl2,
mp-1097556,ZrBeRh2,
mp-1097280,Ti2MnGa,
mp-1097343,Hf2ZnIr,
mp-1097602,La2MgAl,
mp-1097576,CaTlAu2,
mp-1097140,SiTc2Sb,
mp-1097239,Be2NiRu,
mp-1097310,MnBeIr2,
mp-1097092,Y2AgRh,
mp-1097401,Mg2CdPd,
mp-1097072,HfMgCo2,
mp-1097586,AgSnAu2,
mp-1097428,CdSnPd2,
mp-1097481,LaSbAu2,
mp-1097235,MgFePt2,
mp-1097085,Na2SrCa,
mp-1097300,CrGaIr2,
mp-1097507,HfMgCu2,
mp-1097645,HfScTl2,
mp-1097619,ZnMoRu2,
mp-1097547,Nb2OsRu,
mp-1097615,Ba2MgHg,
mp-1097407,V2TcMo,
mp-1097183,LiPbAu2,
mp-1097201,CdIn2Hg,
mp-1097269,HfBeIr2,
mp-1097497,CaSbRh2,
mp-1097080,Hf2ZnTc,
mp-1097193,MgTiPt2,
mp-1097654,Mn2CoTc,
mp-1097631,Ba2MgTl,
mp-1097221,Y2MgHg,
mp-1097314,MnGaFe2,
mp-1097651,Be2CuNi,
mp-1097103,Ba2AgBi,
mp-1097624,SrCaZn2,
mp-1097316,Zr2MnTc,
mp-1097131,NaCd2Rh,
mp-1097561,AlZnPd2,
mp-1097437,Ti2CoMo,
mp-1097675,BePRu2,
mp-1097767,H3S,
mp-1097381,Al2TcAu,
mp-1097230,Si2TcIr,
mp-1097290,Cu2PdPt,
mp-1097370,Ca2MgGa,
mp-1097665,MgCo2Si,
mp-1097308,Ti2GaW,
mp-1097590,CdInHg2,
mp-1097361,NaHg2Au,
mp-1097387,Li2RhAu,
mp-1097214,Tl2InBi,
mp-1097523,Mg2InPd,
mp-1097642,Ba2AgAu,
mp-1097272,Sr2LiMg,
mp-1097603,Ba2MgZn,
mp-1097683,Y2AgOs,
mp-1097383,SrSnHg2,
mp-1097652,MgScCu2,
mp-1007857,Ga,
mp-1097073,Sc2InAu,
mp-1097205,MgInAu2,
mp-1097222,SrScTl2,
mp-1097143,Be2CoRu,
mp-1097680,Ca2MgZn,
mp-1097345,MnVOs2,
mp-1097400,KNa2P,
mp-1097660,V2FeMo,
mp-1097295,Ti2IrPd,
mp-1097409,Hf2CuMo,
mp-1097070,ZrGaRh2,
mp-1097270,Y2RuPt,
mp-1097415,Zn2NiPt,
mp-1097194,NaSr2Cd,
mp-1097112,BaNaTl2,
mp-1097529,BaTl2Pb,
mp-1097544,BeGaPd2,
mp-1097145,MgTiCu2,
mp-1097469,SrLaPt2,
mp-1097494,MgPd2Pb,
mp-1097094,V2MoIr,
mp-1097116,Ca2ZnPd,
mp-1097128,Y2CdPb,
mp-1097353,YBiAu2,
mp-1097384,Hf2TcPd,
mp-1097595,BeInPt2,
mp-1097379,TiNb2Mo,
mp-1097427,AlFeTc2,
mp-1097676,Li2InGa,
mp-1097489,BaNa2Pb,
mp-1097373,ScInHg2,
mp-1097538,Zr2PdAu,
mp-1097528,Be2CdPt,
mp-1097559,TaMn2Nb,
mp-1097139,ZnGaAg2,
mp-1097334,KRbNa2,
mp-1097079,ScCuHg2,
mp-1097463,LiZnCu2,
mp-1097357,Y2CuPt,
mp-1097537,Ti2MnPt,
mp-1097100,BaSrZn2,
mp-1097611,GaCuAu2,
mp-1097303,GaReGe2,
mp-1097545,BeVRh2,
mp-1097487,MnNb2Mo,
mp-1097337,Ti2GaRe,
mp-1097076,HfTiRu2,
mp-1097227,Sr2HgSb,
mp-1097702,Be2PdRu,
mp-1097399,LiInHg2,
mp-1097118,Sc2AlGa,
mp-1097657,Sr2TlIn,
mp-1097674,MgAsPd2,
mp-1097393,Mg2CdRh,
mp-1097684,MnV2Mo,
mp-1097097,Hf2AlRe,
mp-1097411,GaSnRu2,
mp-1097209,VReMo2,
mp-1097324,Hf2ZnHg,
mp-1097669,ZnGaCo2,
mp-1097257,ZnCdAg2,
mp-1097273,Mg2ZnIr,
mp-1097647,Y2PdPt,
mp-1097412,NbInCo2,
mp-1097291,Y2GaHg,
mp-1097397,Ba2CuPd,
mp-1097636,TiZn2Pt,
mp-1097297,LaYIr2,
mp-1097580,Li2TlSb,
mp-1097326,MgScIn2,
mp-1097627,ScHgAu2,
mp-1097451,ScMnPt2,
mp-1097327,YSbRh2,
mp-1097478,Ba2CdHg,
mp-1097108,K2HgTe,
mp-1097110,YScAg2,
mp-1097501,NaCd2Ag,
mp-1097374,La2InGa,
mp-1097557,Be2ZnPt,
mp-1097250,HfMgHg2,
mp-1097101,BePt2Au,
mp-1097502,TiAlTc2,
mp-1097643,Hf2CoOs,
mp-1097127,NaBiPd2,
mp-1097119,AlGaCo2,
mp-1097663,MgCo2Sn,
mp-1097535,HfTiNi2,
mp-1097148,ScTiCo2,
mp-1097232,Y2ZnAg,
mp-1097171,ZnSiIr2,
mp-1097285,Cs2AgAu,
mp-1097175,Nb2MoRh,
mp-1097261,YHfRh2,
mp-1097125,In2SnHg,
mp-1097591,Mg2InAg,
mp-1097422,ZnInRh2,
mp-1097328,Nb2CrMo,
mp-1097150,AlCuRh2,
mp-1097486,SrLi2Ca,
mp-1097256,Li2GaHg,
mp-1097157,Zr2ZnTc,
mp-1097498,Mg2CdSn,
mp-1097286,Sc2HgPt,
mp-1097385,Li2CuPd,
mp-1097567,HfGaAu2,
mp-1097670,CdPd2Au,
mp-1097166,LiZnGa2,
mp-1097364,ZrScAu2,
mp-1097282,LiCdHg2,
mp-1097151,Li2HgBi,
mp-1097655,Sc2CdOs,
mp-1097641,LiGaIr2,
mp-1097682,TiMoW2,
mp-1097087,HfCdAu2,
mp-1097594,Ca2CdGa,
mp-1097599,Hf2CuTc,
mp-1097350,TaAlTc2,
mp-1097114,VCr2W,
mp-1097268,Mg2SnHg,
mp-1097265,Y2ZnOs,
mp-1097378,HfScHg2,
mp-1097623,Ca2PdRh,
mp-1097360,Ba2SbI,
mp-1097099,MgBiPd2,
mp-1097356,Y2PtAu,
mp-1097182,Sr2PAu,
mp-1097187,Li2MgZn,
mp-1097554,Zn2AgRh,
mp-1097653,CrGaRu2,
mp-1097671,TaBeRh2,
mp-1097376,Ba2SrCa,
mp-1097121,CrSiOs2,
mp-1097312,Zr2TcIr,
mp-1097254,Al2CrTc,
mp-1097550,HfTiBe2,
mp-1097069,Sc2TlOs,
mp-1097482,SrLaCd2,
mp-1097152,Mn2AlMo,
mp-1097531,BeCrPt2,
mp-1097543,MnNb2Tc,
mp-1097503,Ca2TlSn,
mp-1097522,Be2NiPd,
mp-1097299,Rb2NaHg,
mp-1097575,Sc2AlAu,
mp-1097321,MgCuPd2,
mp-1097551,La2BeGe,
mp-1097369,Ta2ZnRe,
mp-1097371,Ti2BeZn,
mp-1097313,LiSnPt2,
mp-1097479,CaYZn2,
mp-1097226,MnPdAu2,
mp-1097392,Hf2MnTc,
mp-1097512,LiZnCd2,
mp-1097317,Mg2ZnHg,
mp-1097096,Ti2CuRh,
mp-1097598,ZnGaCu2,
mp-1097243,KBaHg2,
mp-1097639,Ba2HgBi,
mp-1097363,HfInRu2,
mp-1097228,LiAl2Au,
mp-1097189,Sr2AgSn,
mp-1097207,YHfRu2,
mp-1097115,TlCd2Bi,
mp-1097246,Sr2ZnIn,
mp-1097472,ScAgHg2,
mp-1097083,Sc2ZnAg,
mp-1097163,AlReTc2,
mp-1097521,Ca2TlGa,
mp-1097569,Zr2NbPt,
mp-1097155,ZrScPt2,
mp-1097204,AlGaIr2,
mp-1097153,LiAl2Co,
mp-1097293,Hf2VRh,
mp-1097074,LiCaTl2,
mp-1097123,MgBiRh2,
mp-1097447,LiBe2Rh,
mp-1097181,ZrScZn2,
mp-1097644,Mn2MoRh,
mp-1097548,MgTiNi2,
mp-1097388,YZnPd2,
mp-1097271,LiY2Ag,
mp-1097174,Mn2FeRe,
mp-1097609,LiCa2Pb,
mp-1097593,CuSbPd2,
mp-1097516,BaSrHg2,
mp-1097130,TiVW2,
mp-1097474,NaCd2Pd,
mp-1097335,NbV2Ru,
mp-1097465,LiHfHg2,
mp-1097485,CaLaAu2,
mp-1097267,Be2RuRh,
mp-1097588,Zr2IrAu,
mp-1097149,YHfPd2,
mp-1098698,Y2NiPt,
mp-1098699,La2MgHg,
mp-1098700,KLaAu2,
mp-1094996,CeMg,
mp-966800,InP,58
mp-971950,Zn3Sn,51.53532515
mp-1641,CrSb,71.65621868
mp-2554,Al3V,120.0440616
mp-810,NiSb,113.6624446
mp-1008487,BW,340.8443042
mp-20621,NbInS2,58.19407724
mp-865900,Ti3Tl,110.0917834
mp-570485,SrAlSiH,51.88329572
mp-1096448,CaScTl2,
mp-1097212,YCdRh2,
mp-1096203,ZrPdAu2,
mp-1093825,SrMgPb2,
mp-1097168,Al2PdPt,
mp-1093632,NaY2Pb,
mp-1097137,NbInNi2,
mp-1096579,KBaAu2,
mp-1096326,KNaHg2,
mp-1096394,LiMgPt2,
mp-1097111,NaYTl2,
mp-1093824,Ba2AgPd,
mp-1095840,Y2CuPd,
mp-1096605,GaFeRu2,
mp-1095727,MnTc2As,
mp-1096398,Zr2FeCo,
mp-1095919,MnTc2Ge,
mp-1095879,ScFeRh2,
mp-1095875,ScZnIr2,
mp-1093794,ZnSnRh2,
mp-1097244,TiMn2Cr,
mp-1095855,LiZnPt2,
mp-1096212,MnZnAu2,
mp-1093562,Ba2TlGa,
mp-1097470,LiLaTl2,
mp-1097457,Sr2LiAl,
mp-1095938,BeNbOs2,
mp-1096002,TaTc2Sb,
mp-1095916,Si2TcRh,
mp-1096017,NaHg2Sb,
mp-1096123,HfScAu2,
mp-1096321,Mg2ZnAu,
mp-1096407,AlNiPt2,
mp-1096488,Sc2HgOs,
mp-1096542,Ca2PdPt,
mp-1096604,Mg2ZnCd,
mp-1096671,LiCu2Pd,
mp-1096693,LiSbAu2,
mp-1096761,KRb2Na,
mp-34857,KNO2,17
mp-1066781,BrCl,
mp-1379,SnS,
mp-1038985,Ca3Mg,
mp-1096284,TaGaTc2,
mp-1097703,Al2OsRu,
mp-571636,InCl,10.2153024
mp-974982,Rb3In,8
mp-1730,BaGe,31
mp-1040453,SnS,
mp-7878,Ca(AgGe)2,
mp-7876,Ba(MgGe)2,43.20805216
mp-7877,Sr(CuSi)2,
mp-7875,Ba(MgSi)2,49.33033391
mp-7961,Sr3SnO,
mp-675460,LiTiCl3,35.94155435
mp-991161,Eu(FeAs)2,
mp-1013709,Ba3AsN,
mp-754689,Gd(AlGe)2,
mp-673244,Bi2O3,
mp-570031,Sr(CrAs)2,
mp-9690,Ca(AlGa)2,57.69897564
mp-6963,Ba(SbPd)2,63
mp-7523,Th2TeN2,
mp-7522,Th2SbN2,
mp-6962,Ba(AsPd)2,63.72889662
mp-973123,ScPdO3,
mp-12058,Er(PRu)2,
mp-7779,Li2NdAs2,
mp-9592,Yb(MnAs)2,61.08764128
mp-7778,Li2PrAs2,
mp-673252,Mo3N2,
mp-1068551,La(NiGe)2,
mp-6956,La(FeP)2,
mp-9581,Th(CuP)2,
mp-1013586,Ba3AsP,
mp-9567,Ba(MgSb)2,36.07590735
mp-973068,ScCuO3,
mp-9566,Sr(MgSb)2,38.67500564
mp-9565,Ca(MgSb)2,39
mp-9564,Ca(MgAs)2,50
mp-672213,Eu(AsPd)2,
mp-972985,KPdO3,
mp-972978,ScVO3,
mp-984756,CsMgO3,
mp-972931,EuMgO3,
mp-984745,CsSnO3,
mp-9473,Ba(NiP)2,74.93904734
mp-672953,Np(FeGe)2,
mp-7771,Sr(CdAs)2,46.19098659
mp-7770,Sr(ZnAs)2,54
mp-7769,Th2SN2,
mp-984723,DyAlO3,
mp-4131,Sc(CoSi)2,159
mp-984722,BeGaO3,
mp-8375,Th(SiTc)2,
mp-9379,Sr(SnAs)2,
mp-9378,Na(SnAs)2,
mp-7600,Th(FeSi)2,
mp-7768,Th2SeN2,
mp-571098,Lu(FeSi)2,
mp-8528,Tm(SiRh)2,
mp-8278,Ba(MgP)2,51.04702296
mp-672310,Th(GeRu)2,
mp-8700,K2Au3,
mp-8236,Ba(PPd)2,60.81283682
mp-6920,KNO3,
mp-672294,Eu(CoSi)2,
mp-9721,Ca3GeO,
mp-7432,Sr(CdSb)2,36.9699555
mp-8152,Li2CeAs2,
mp-8150,Ba(CdSb)2,35.63203429
mp-672215,Gd(PRu)2,
mp-7431,Sr(ZnSb)2,42.03195197
mp-7430,Ca(CdSb)2,38.87139304
mp-7429,Ca(ZnSb)2,43.75039552
mp-7426,Ba(ZnP)2,55.39597771
mp-7422,Ca(CuP)2,86
mp-9307,Ba2ZnN2,52.67844504
mp-9306,Sr2ZnN2,65.92948353
mp-984632,CaBeO3,
mp-9257,Yb(CdSb)2,40.57484897
mp-984628,CaBO3,
mp-1097730,Nd(CuSi)2,
mp-971733,ZnGaO3,
mp-755572,EuNbO3,
mp-971706,ZnBiO3,153.0113808
mp-971704,ZnBO3,
mp-984554,BPbO3,
mp-984552,BeZnO3,
mp-984553,BOsO3,
mp-971700,ZnAuO3,99.52966427
mp-984454,KTlO3,
mp-984357,CsKO3,
mp-984356,CsIrO3,
mp-1013733,Ca3BiSb,
mp-7366,Sr(AgSn)2,
mp-7365,Sr(SiAu)2,
mp-7364,Ca(SiAu)2,92.93028653
mp-7363,Sr(ZnGe)2,
mp-7361,Sr(CoGe)2,74.37048788
mp-23037,CsPbCl3,21.29321263
mp-984240,CsCaO3,
mp-7814,Ta2CS2,35.13455595
mp-984082,CsGdO3,
mp-984051,CsGeO3,
mp-7349,Ba(BRh)2,
mp-9042,Np(SiPd)2,
mp-9033,Np(SiOs)2,
mp-7298,Li(CuP)2,90.64732951
mp-570009,Np(MnSi)2,
mp-21473,Gd(NiP)2,
mp-1013546,Ca3Sb2,
mp-7233,La2SeO2,
mp-7232,Cs2HgO2,19.58162042
mp-908430,Pu2O3,
mp-754407,Li2FeS2,
mp-8832,Tb(CrSi)2,
mp-8818,Ca2ZnN2,79.9056192
mp-8612,Sb2TeSe2,
mp-23954,Na2H2Pd,27.38917609
mvc-13487,Ca(VN)2,
mvc-13450,Mg(VN)2,
mvc-13426,Ca(CuN)2,
mvc-13408,Ca(TiN)2,
mvc-13410,Ca(SnN)2,
mp-15986,Hf(CuP)2,132.9161125
mp-998744,TlGeCl3,
mp-998732,TlInCl3,
mp-998710,TlHgF3,
mp-998623,TlCdF3,
mp-998560,InSnCl3,
mp-998607,RbTlF3,
mp-983578,CsBiO3,
mp-998344,CsAgBr3,26.19048598
mp-998174,RbPdBr3,
mp-998152,TlAgF3,
mp-983564,EuAsO3,
mp-917623,U(NiGe)2,
mp-983513,PmRuO3,
mvc-13436,Mg(CrN)2,
mp-7158,Lu(AlGe)2,
mp-7157,Tb(AlGe)2,
mp-9834,NdGaO3,
mp-7120,Sm(AlSi)2,
mp-7482,RbHgF3,51.34442311
mp-7109,Lu(SiPt)2,
mp-7108,Tm(SiPt)2,
mp-7107,Er(SiPt)2,
mp-978987,SrGe3Pd,
mp-978986,Sr(GePd)2,62
mvc-11775,Ca(NiN)2,
mp-978853,Sr(GeIr)2,
mp-9833,PrGaO3,
mp-676315,Y2GeI2,
mp-1013534,Sr3SbN,-13
mp-7752,Sr3SbN,
mp-990232,MnAu4,
mp-675629,Pr(CoP)2,
mp-1096930,Cu(AgO)2,
mp-646399,Gd(NiGe)2,
mp-1076940,EuCoGe3,
mp-568509,Er(CoB)2,145
mp-9999,Ni(BMo)2,296.2343048
mp-8623,K2Te2Pt,22.31681657
mp-8622,Rb2PtSe2,27.52908848
mp-8621,K2PtSe2,28.44758089
mp-998781,TlNiO3,
mp-998568,KAgBr3,
mp-998235,CsTlF3,
mp-998230,LiSnCl3,
mp-998234,CsTlF3,43.92410038
mp-998150,CaTlF3,
mvc-14243,CaCoO3,
mvc-5801,MgWO3,
mp-9831,LaGaO3,
mp-7072,Th(CoSi)2,
mvc-5756,CaWO3,
mvc-5731,ZnWO3,
mp-642739,CsGeBr3,
mp-642690,CsGeI3,
mp-571550,Sb2TeSe2,
mp-995191,BaTiO3,23.09840114
mp-998712,TlGeF3,
mp-638841,Eu(AsRh)2,
mp-8676,Tl(CuS)2,42
mp-998417,CsSrI3,
mp-7704,Ca(AlSi)2,61.7816777
mp-9912,Li2CeP2,
mp-637965,Gd(FeGe)2,
mp-982975,LiBeO3,
mp-637222,Gd2AlCo2,
mp-982885,KCaO3,
mp-1069983,Al3Ru2,
mp-634802,Np(OF)2,
mp-989613,TiPN3,
mp-989601,LaWN3,
mp-8651,Gd(AlSi)2,
mp-989557,YTcN3,
mvc-2158,Ti2ZnN2,
mvc-2137,Ca(CrN)2,
mp-982558,HoGeO3,
mvc-15744,Cu2B2C,90.97305058
mvc-15736,Mg(WN)2,
mvc-15702,Zn(SnN)2,
mp-975359,Rb(FeAs)2,
mp-1068941,K2PdS2,
mvc-15523,Ca(CoN)2,
mp-632485,Bi2Te2S,
mp-632480,Ag3SI,
mvc-15365,Zn(WN)2,
mp-998749,KCaBr3,
mp-9886,La(PRu)2,
mp-982245,PbAuO3,
mp-644389,Li2H2Pd,45.90759386
mp-6952,RbYbF3,
mp-19749,Pr3InC,
mvc-14574,Mg(TiN)2,
mp-8583,Ba(PRh)2,
mp-982048,Ge2O3,
mp-13974,Ho2SeO2,
mp-8581,Sr(PRh)2,
mp-6951,RbCdF3,
mp-8580,Ca(PRh)2,
mp-8579,Ba(AgS)2,
mp-982040,KBiO3,
mp-8582,Eu(PRh)2,
mp-5983,Tm(CoGe)2,
mp-5982,La(NiAs)2,
mvc-13850,Ca(WN)2,
mp-981934,LaBeO3,
mvc-13757,Mg(SnN)2,
mvc-13730,Ca(MnN)2,
mp-998535,InPbCl3,
mp-998155,RbSrCl3,
mp-5948,Th(CuSi)2,
mp-998398,InSnBr3,
mp-998391,RbTlBr3,
mp-675576,K(FeAs)2,48.35787395
mp-998350,BaZrSe3,
mp-998333,CsCaI3,
mp-998325,RbCaI3,
mp-998314,CsInI3,
mp-5936,La(SiRh)2,
mp-998298,CsSnF3,
mp-998297,CsSrBr3,
mp-998198,RbCaBr3,
mp-5934,Yb(CuSi)2,
mp-998194,RbInBr3,
mp-998193,RbSnF3,
mp-998176,RbPbBr3,
mp-998157,RbSnBr3,
mp-3709,Tb(CoGe)2,
mp-5605,Ce(SiAg)2,
mp-3177,Nd(CuGe)2,
mp-3239,Er(CoSi)2,
mp-5589,Sr(MnP)2,78.00248846
mp-973648,FeRhO3,
mp-8037,BaThO3,
mp-6992,Eu(NiAs)2,
mp-7891,Mg3As2,53.56420892
mp-7883,Ca(GeAu)2,
mp-7882,Ba(AgSn)2,
mp-7881,Sr(CdGe)2,
mp-7880,Sr(SiAg)2,
mp-7879,Sr(AgGe)2,
mp-7573,Co(BW)2,334.5111749
mp-23879,Ca(HO)2,
mp-1068919,CsCdF3,
mp-8402,RbMgF3,65.28140973
mp-973613,LiCeO3,
mp-8398,CsYbF3,
mp-8397,CsSrF3,
mp-8396,CsEuF3,
mp-3236,Pr2SO2,
mp-973579,FePbO3,
mp-3166,Th(SiOs)2,
mp-5597,Ca(FeP)2,88.75798507
mp-8370,Ni3GeC,
mp-8368,Pr3GaC,34
mp-973536,LuUO3,
mp-973486,LuVO3,
mp-973471,KReO3,143
mp-5720,Ho(SiRu)2,
mp-5173,Ce(SiAu)2,
mp-5564,Pr(AgGe)2,
mp-973447,KBaO3,
mp-3218,Er(SiPd)2,
mp-5167,Sm(NiGe)2,
mp-973396,KBeO3,
mp-5161,Sm(GeRh)2,
mp-8218,PrAlO3,
mp-973269,SbTeO3,
mp-5157,Ca(PRu)2,
mp-973267,KTcO3,
mp-8181,Li2CeN2,
mp-5561,Ho(CrSi)2,
mp-672229,Mn3ZnC,
mp-3211,Nd2SO2,
mp-3210,Ca(CoP)2,101
mp-973156,ScAsO3,
mp-5057,Nd(SiAu)2,
mp-3882,Sm(SiRh)2,
mp-973136,LiSmO3,
mp-3207,Sr(NiGe)2,71.70186448
mp-9816,GeF4,
mp-981550,RbTmO3,
mp-5112,Pr(CoSi)2,118
mp-1099803,SmVO3,
mp-5688,Er(FeSi)2,
mp-5109,Y(NiGe)2,
mp-9200,K3AuO,
mp-5556,U(SiRh)2,
mp-5916,Yb(SiNi)2,
mp-981376,ScSnO3,
mp-3854,Y(MnSi)2,127.5735575
mp-981367,SrTlO3,
mp-3065,Ho(FeGe)2,
mp-981313,KTbO3,55
mp-5683,U(MnSi)2,861
mp-5682,Th(SiNi)2,
mp-9061,KPdF3,68
mp-5898,La(SiNi)2,
mp-9060,RbPdF3,70.39607412
mp-3833,Mg(AlSi)2,63.99429923
mp-5671,Sr(CoP)2,84.68476646
mp-981250,SmPuO3,
mp-5666,Ho(MnGe)2,
mp-9040,Ca3AuN,
mp-5105,La(SiRu)2,
mp-3826,Ce(SiPd)2,
mp-3035,Ce(FeSi)2,
mp-5860,K2HgO2,
mp-2965,Ce(MnSi)2,
mp-12672,Yb2SO2,
mp-981132,TbGeO3,
mp-5852,Pr(SiOs)2,
mp-2949,Ca(NiGe)2,89.8025764
mp-3804,Sr(PRu)2,
mp-5292,Ca(SiNi)2,104.4064162
mp-5284,U(CrSi)2,
mp-5835,Ho(CoSi)2,
mp-3148,Dy(SiPt)2,
mp-3147,Er(SiAu)2,
mp-5268,U2SbN2,
mp-1013541,Sr3SbAs,
mp-5819,Pr(NiGe)2,
mp-5260,Ho(GeRu)2,
mp-2924,Ho(SiNi)2,
mp-5796,Ho(MnSi)2,
mp-5627,Pr(FeSi)2,
mp-2917,Dy(CuSi)2,
mp-2914,LaSi3Ir,
mp-5786,U(SiOs)2,
mp-5622,Nd(CoP)2,
mp-2896,Pr(GeRh)2,
mp-2893,Dy(SiRh)2,
mp-5083,Er(CuGe)2,
mp-2881,Tb(GeRh)2,
mp-2877,Nd(CuSi)2,
mp-5219,Ho(SiOs)2,
mp-5752,Tb(SiIr)2,
mp-3190,Er(FeB)2,
mp-5069,La(MnSi)2,
mp-5610,Ca(AsRu)2,
mp-980537,RbYbO3,
mp-567093,Yb(SiOs)2,
mp-917571,Ce(AlGe)2,
mp-997634,Al(FeB)2,
mp-655337,FeBiO3,
mp-1097761,Gd(CuSi)2,
mp-3758,Eu(NiP)2,
mp-990378,U2N3,
mp-560807,K(CoS)2,
mp-7954,Nd2O3,
mp-7929,Rb2PtS2,32.24261456
mp-567853,PuPt4,
mp-12669,Dy2SO2,
mp-557412,Cs(CoS)2,
mp-991682,CeCoGe3,
mp-998601,KCaCl3,
mp-998415,CsSeBr3,
mp-998412,KGeBr3,
mp-998367,YReN3,
mp-998308,CsScBr3,
mp-998309,CsNaF3,
mp-998241,MnInF3,
mp-998233,InGeCl3,
mp-998231,KGeCl3,
mp-998212,RbAgBr3,
mp-998201,RbAgCl3,31.88278887
mp-998197,RbCaCl3,
mp-998195,RbInCl3,
mp-998156,RbSnCl3,
mp-998154,TlAgBr3,
mp-998153,TlGeBr3,
mp-998151,CaTlCl3,
mp-626981,Eu(GeRh)2,
mp-626644,Ca(HO)2,
mp-625074,Ni(HO)2,
mp-610787,Gd(CrSi)2,
mp-604516,Y2AlNi2,
mp-1017630,Mg2ZnAs2,
mp-1017565,In2Se3,
mp-1017559,Eu(ZnAs)2,
mp-1017551,Bi2O3,
mp-662954,Gd2SO2,
mp-1001965,Mn2AlB2,
mp-1013582,Ba3Sb2,
mp-998610,TlAgCl3,
mp-976876,K2PtC2,
mp-998554,KAgCl3,32
mp-7223,Ca3AsN,
mp-998432,CaTcO3,
mp-980058,RbTbO3,
mp-998420,KCrCl3,
mp-972680,Sm(AgGe)2,
mp-998366,RbSeBr3,
mp-998363,NiBiO3,
mp-972659,SmCoSi3,115
mp-998352,BaHfS3,
mp-998323,CsInBr3,21
mp-755340,Tb2SeO2,
mp-979436,YOsO3,
mp-752881,Li2CuS2,41
mp-979294,SrAgO3,112.0460308
mp-979272,TePdO3,
mp-608432,KFeF3,
mp-7167,SmRh3C,
mp-7166,Pr3TlC,
mp-7159,La3TlC,
mp-7144,Sm3AlC,
mp-7143,BaPuO3,
mp-1080149,Yb(CuS)2,
mp-7130,ScRu3C,233.7018107
mp-7114,Ho3SnC,
mp-978952,SnPbO3,
mp-978926,SmGeO3,
mvc-11732,YCoO3,
mvc-11697,YCuO3,
mvc-11693,TiAlO3,
mp-978862,SrAlO3,
mp-978851,SrAsO3,
mp-978842,SrCaO3,
mvc-11229,YFeO3,
mvc-11226,AlCoO3,
mvc-11225,AlFeO3,
mvc-11224,AlVO3,
mvc-11198,YTiO3,186
mp-1013542,Ca3BiN,
mvc-11155,AlNiO3,
mvc-11152,YSbO3,
mvc-11052,AlSnO3,
mp-769277,Yb2TeO2,
mvc-10883,YMnO3,267
mvc-10882,AlMoO3,
mp-978506,SmSiO3,
mp-978504,SmGaO3,
mp-978503,SmBeO3,
mp-571339,Ba(CrAs)2,
mp-978493,SiSnO3,43
mp-978490,SiPdO3,
mp-978489,SiPbO3,
mp-762506,SrNiO3,112.9139154
mp-769284,Dy2SeO2,
mp-753314,Eu2SeO2,
mp-12673,Lu2SO2,
mp-7070,Mn3PtN,172.5358852
mp-998786,TlPdF3,
mp-977455,PaAgO3,
mp-998762,MnTlF3,
mp-998761,TlNiF3,
mp-998745,TlZnF3,
mp-998739,MgTlF3,
mp-977408,NbTlO3,
mp-21130,Np(CoSi)2,
mp-9964,Ti3TlN,150.4064009
mp-9960,Y3TlC,75.1091877
mp-977389,CeCuO3,
mp-995182,NdB4,
mp-977370,EuOsO3,
mp-753920,Tm2SeO2,
mp-684654,Bi2O3,
mp-1068510,In2Te3,
mp-977184,NpTcO3,
mp-977176,NaTcO3,
mp-977152,NpTiO3,
mp-977123,NaTiO3,
mp-977117,NaTeO3,
mp-977112,NaSrO3,
mp-637213,La2GeI2,
mp-977107,NaRuO3,
mp-977100,NiMoO3,
mp-977058,NpBO3,
mp-4961,Na2HgO2,
mp-21429,U(CoSi)2,
mp-28479,Sc2CCl2,19.63603515
mp-21426,Dy(FeGe)2,
mp-28480,Sc2NCl2,25.85081038
mp-4982,SmBRh3,
mp-4985,Dy(MnSi)2,
mp-19973,LaCoGe3,
mp-4999,Nd(CoGe)2,
mp-5000,Tl(CuSe)2,
mp-19990,BaTiO3,95.55755004
mp-21882,Ce(FeGe)2,
mp-5022,Er(SiRu)2,
mp-3415,Yb(SiRu)2,
mp-21474,Eu(MnP)2,91.99665077
mp-20038,Eu(CoP)2,
mp-20040,EuBPd3,
mp-34232,K(AsRh)2,
mp-1013562,Ba3SbAs,
mp-553875,Zr2SN2,156.7447424
mp-13061,Y2O3,140
mp-3105,LuBPd3,
mp-31055,Sc3InN,103.5772461
mp-31056,Dy3InN,
mp-31057,Ho3InN,
mp-31058,Er3InN,
mp-31059,Ba(AlGe)2,41.91367118
mp-3106,Np(SiRu)2,
mp-31406,Bi2TeSe2,
mp-34260,ZrF4,
mp-28593,Li3BrO,36
mp-20095,Eu(FeP)2,
mp-20097,Pt3PbC,
mp-28602,Na3ClO,
mp-1013585,Sr3BiSb,
mp-20159,Ce3SnC,
mp-3437,Ce(CoSi)2,
mp-20115,Eu(SiPd)2,
mp-20128,Eu(MnAs)2,53.03511694
mp-12671,Er2SO2,
mp-20137,Dy(GePt)2,
mp-3447,Th(CrGe)2,
mp-3456,Tb(CuSi)2,
mp-20164,Mn3GaC,
mp-20171,Pu(SiNi)2,
mp-20166,Np(SiAu)2,
mp-20169,Ce2O3,
mp-30055,Rb3BrO,
mp-20180,Mn3GeC,242
mp-30056,CsCaBr3,
mp-20182,GdRh3C,
mp-27193,RbIO3,
mp-31202,Pr(SiAu)2,
mp-644278,Y2H2C,95
mp-31204,Nd(SiAg)2,
mp-27214,CsSnBr3,
mp-1001117,Mn3N2,
mp-3011,Th(GeRh)2,
mp-20229,Sm3InC,
mp-3587,Sc(SiNi)2,149
mp-3583,U2AsN2,
mp-20238,Th(FeGe)2,
mp-27249,CuCO3,
mp-20260,U(SiIr)2,
mp-20264,Tb(FeGe)2,
mp-20273,Ca3PbO,
mp-20292,Np(SiRh)2,
mp-12857,Mn3N2,
mp-30175,Ca(AlZn)2,61.38686137
mp-3018,Nd(MnSi)2,
mp-20307,Np(CuGe)2,
mp-567375,Ce(AsPd)2,
mp-21849,Eu(SiIr)2,
mp-21850,Fe3SnC,139.9900175
mp-3489,Nd(FeSi)2,
mp-21854,Nd3TlC,
mp-3020,BaNbO3,167.4571518
mp-20337,ZrPbO3,119.3465891
mp-20341,U(MnGe)2,
mp-3021,Tl(FeSe)2,44
mp-21884,EuGa4,
mp-1076932,BaTiO3,
mp-20356,Ce2SbO2,
mp-20362,Mn3NiN,
mp-3022,TbBPd3,
mp-23729,NaBeH3,63
mp-23737,KMgH3,34.76010464
mp-28872,RbBrO3,15.21822932
mp-3507,Lu(SiPd)2,
mp-20385,Nd3InC,
mp-28873,CsBrO3,
mp-3515,Y(CoB)2,145.6052562
mp-21910,Nd3AlN,
mp-28884,Cs(FeAs)2,43.77434712
mp-1096944,CsNbO3,
mp-20423,Nd3SnC,
mp-20424,MgCo3C,197.6839989
mp-20430,Er3PbC,
mp-1017552,Bi2O3,117.3996391
mp-28919,Hf3Te2,27.42047021
mp-20446,SnPt3C,
mp-23818,BaLiH3,
mp-20448,Gd(MnSi)2,
mp-22026,Ce(NiSn)2,
mp-504715,BaTiO3,
mp-1013711,Ba3AsP,
mp-3557,Eu(CuGe)2,
mp-20501,Gd3InC,
mp-3566,Ce(SiRu)2,
mp-35683,NaPF3,
mp-22066,Dy(CuGe)2,
mp-30354,ScAg4,92.3035086
mp-20527,La(FeGe)2,
mp-623448,Nd3InN,
mp-23949,RbCaH3,
mp-27468,U2BiN2,
mp-20542,Pr(MnGe)2,
mp-27469,Th2BiN2,
mp-20543,Pr3SnC,
mp-22125,Np(CoGe)2,
mp-22133,Eu(ZnSi)2,
mp-20563,Ba(CoAs)2,69.43026096
mp-3591,NdBRh3,
mp-20590,La3InB,76
mp-20596,U(SiNi)2,
mp-29056,La3InC,
mp-10343,Sc2BC2,138.0502019
mp-3605,Th(CoGe)2,
mp-3262,Tm(CoSi)2,
mp-22180,Dy(GePd)2,
mp-21017,Y3PbC,76.07371282
mp-30433,BaSn3Pt,
mp-20646,Sm(MnGe)2,
mp-5054,Pr(CoP)2,
mp-20649,Y(MnGe)2,
mp-1013532,Sr3AsP,
mp-20670,Yb(MnGe)2,
mp-30472,Ca2GaCu2,49.84872986
mp-21071,Eu2SO2,
mp-20677,Gd(CuSi)2,
mp-20679,Co3SnC,205.7439237
mp-20684,Pr3AlN,
mp-3651,Nd(SiRh)2,
mp-3654,RbCaF3,45.86463369
mp-20722,CeFeGe3,
mp-571509,Np(SiNi)2,
mp-3678,Tb(SiRu)2,
mp-27659,PuPt4,
mp-22313,Na2PtO2,70.16517557
mp-3686,YbBRh3,162
mp-20747,LiSi3Pd,
mp-1013702,Ca3BiP,24
mp-20750,Tb3SnC,
mp-20751,Pu(CuSi)2,
mp-3693,HoBPd3,
mp-1018634,Lu(CuS)2,
mp-22343,Ce(GeRu)2,
mp-22345,TiCdO3,85
mp-22346,BaGe3Pt,75.08821343
mp-22349,Sm(FeGe)2,
mp-22350,Nd3SnN,
mp-37036,Bi2O3,
mp-571367,Hf(CoSi)2,190.4995513
mp-22374,U(CuSi)2,
mp-29208,Ca(MgBi)2,34.5596168
mp-29209,Ba(MgBi)2,31.50825268
mp-20776,U(CoGe)2,
mp-37214,MnPbO3,
mp-27718,CsHgBr3,
mp-505571,Mn3SnN,
mp-20771,Eu(ZnGe)2,
mp-20785,Nd(FeGe)2,
mp-20796,InPt3C,
mp-22394,ThRu3C,
mp-22397,Nd(GeRu)2,
mp-20802,Eu(POs)2,
mp-29241,Ca3SnO,
mp-29242,Ba3PbO,
mp-29243,Ba3SnO,
mp-31428,UGa3Ni,
mp-20806,Gd(CuGe)2,
mp-3556,Tm2SO2,
mp-20837,Gd(MnGe)2,
mp-22466,SrIn4,
mp-22481,KIn4,
mp-20867,Eu(AlGa)2,
mp-22486,Tb(MnGe)2,
mp-20872,Sr(AlPb)2,
mp-22496,Nd3TlN,
mp-22502,Mn3IrN,
mp-22513,Dy3TlC,
mp-22519,CeRh3C,
mp-22535,HfPbO3,167.4399732
mp-22537,Er3SnC,
mp-22540,CeGaO3,
mp-22542,Tm3PbC,
mp-22556,Tm3TlC,44
mp-3895,Ho(SiRh)2,
mp-22559,Pu(SiRu)2,
mp-7707,Zr(SiNi)2,170.8060501
mp-3907,Er(SiIr)2,
mp-29394,Gd2CCl2,
mp-1013553,Sr3AsP,
mp-3939,Sm(SiNi)2,
mp-917127,Eu2SO2,
mp-31491,Sm(GePd)2,
mp-3958,Er(SiOs)2,
mp-18717,SrVO3,186.2083026
mp-3972,Ce2SO2,
mvc-11549,YCrO3,
mp-3985,Tm(MnGe)2,
mp-3995,La(CuSi)2,
mp-3997,Sm(CuSi)2,
mp-3999,Y(SiPt)2,
mp-4007,Nd(SiNi)2,
mp-4013,Nd(SiRu)2,
mp-4014,Pr(CuSi)2,
mp-1069471,Sr(ZnP)2,
mp-4041,Yb(AlGe)2,
mp-4050,Eu(AsRu)2,
mp-4065,Dy(SiIr)2,
mp-4072,Sm(SiRu)2,140
mp-4079,Sc3AlC,101.7342412
mp-4088,La(FeSi)2,
mp-4090,Ce(SiRh)2,
mp-4105,Ho(CuSi)2,
mp-4126,KUO3,130
mp-4147,Th(GePd)2,
mp-4150,Ca(MnSb)2,35.04872584
mp-4177,Dy(SiRu)2,
mp-5399,Tb(FeSi)2,
mp-571500,Ho(FeB)2,
mp-5381,U2PN2,
mp-5326,Yb(CoSi)2,
mp-569204,Tl(CuTe)2,
mp-571382,Nd(CoAs)2,
mp-5346,Lu(CuSi)2,
mp-5351,Tb(GePd)2,
mp-536,ThZn4,
mp-567203,La(SiOs)2,
mp-5386,Er(SiRh)2,
mp-554973,TlCuF3,66.77890595
mp-567243,Tm(CrSi)2,
mp-22383,Pu(CoSi)2,
mp-567271,Np(CuSi)2,
mp-567317,Nd(AlGa)2,
mp-571443,SrMgIn3,35.53347789
mp-569296,Gd(NiSb)2,
mp-569302,Gd(SiRu)2,
mp-567338,Pr(SiPt)2,
mp-5429,Tb(SiOs)2,
mp-542985,Gd(CoSi)2,
mp-567408,Sm(SiOs)2,
mp-542986,Gd(FeSi)2,
mp-542988,Gd(CoGe)2,
mp-567427,Yb(GeRh)2,
mp-543029,La2TeI2,
mp-976968,NaPdO3,
mp-976952,NaPuO3,
mp-752658,Y2SeO2,
mp-989602,LaReN3,
mp-976320,EuReO3,
mp-574244,Ce(PRu)2,
mp-752446,RbNO3,
mp-1017567,Hf2SN2,
mp-674981,Ag3SI,
mp-990191,EuAl4,
mp-1068377,CsEuCl3,
mp-779840,Na2NiO2,33.59240432
mp-989564,LaOsN3,
mp-975596,PuIrO3,
mp-975588,PuPtO3,
mp-5820,Ce(CoP)2,
mp-975579,NdBeO3,-8.629686385
mp-975564,PuBO3,
mp-5553,Nd(CoB)2,
mp-975521,NdMgO3,
mp-2938,Tm(FeSi)2,
mp-975463,RbAcO3,
mp-975443,InCuO3,
mp-975427,RbAlO3,
mp-975425,RbAsO3,
mp-3048,U2SeN2,
mp-990880,Eu(AlSi)2,
mp-774907,KLiZnS2,
mp-975421,RbAgO3,
mp-975405,RbAuO3,
mp-975394,RbBeO3,
mp-975387,RbBaO3,
mp-975386,RbDyO3,
mp-975385,RbBO3,
mp-975384,RbBiO3,
mp-975382,RbCaO3,
mp-975380,RbCdO3,
mp-975373,RbNiO3,
mp-863260,Sr(MgAs)2,
mvc-15603,MnAlO3,
mvc-15605,AlWO3,
mp-975361,RbErO3,
mp-975364,RbCuO3,
mp-975347,NdGeO3,
mp-975346,RbMnO3,
mp-9006,Ho2CF2,
mvc-15521,YAgO3,
mp-975333,LiCaO3,
mp-975322,RbFeO3,
mvc-15476,AlBiO3,
mvc-15475,AlAgO3,
mvc-15474,YSnO3,
mp-975308,RbGdO3,
mvc-15452,YMoO3,
mp-774096,Li2FeO2,84.38240503
mvc-15448,YNiO3,
mp-760386,CsClO3,
mp-975299,RbInO3,
mp-760376,KTiO3,54.67051672
mp-975296,RbHoO3,
mp-975291,RbLiO3,
mp-975288,RbNpO3,
mp-975284,RbIrO3,
mp-866816,CaSnS3,
mp-975274,RbNaO3,
mvc-15239,AlCuO3,
mp-975255,RbPdO3,
mp-975236,RbPtO3,
mp-975216,RbReO3,
mp-975208,RbRuO3,
mp-975207,RbSmO3,
mp-975206,RbSbO3,
mp-975200,RbSrO3,
mvc-15532,Zn(CrN)2,
mvc-15578,Ca(FeN)2,
mp-975190,RbTeO3,
mp-636095,Zr3Cd2,
mp-975179,RbTlO3,
mp-634809,U(OF)2,
mp-937035,Ce(GeRh)2,
mp-862832,PaTlO3,
mp-975173,RbYO3,
mp-770391,Li2CrO2,
mp-778781,Li2NiO2,31.78609895
mp-975159,RbZnO3,
mp-989515,LaMoN3,
mp-991346,CeBPt3,
mp-5739,U2SN2,
mp-975138,RbWO3,
mp-975134,KRhO3,
mvc-14645,YWO3,
mp-1014303,Cr3N2,
mp-571000,Th(GeOs)2,
mvc-14600,AlSbO3,
mp-865185,Mg(BeAs)2,76.20336849
mp-676851,KNO3,
mp-766158,VF4,14.06984561
mp-985586,Na3BrO,
mp-8578,Sc3InC,97.44328838
mp-8577,Sc3GaC,100.1719312
mp-985585,Li3ClO,
mp-676561,Ag3SI,
mp-7006,SrNbO3,173.1421997
mp-8558,BaNpO3,
mp-8557,BaPaO3,
mp-985545,CoTeO3,
mp-568095,Yb(PRu)2,
mp-1070408,Gd(SiIr)2,
mp-600089,CsPbBr3,12.86980923
mvc-15351,Zn(CuN)2,
mp-974842,KPtO3,
mp-985292,AgBO3,
mvc-13598,YBiO3,
mp-3717,LuBRh3,
mp-3710,HoBRh3,
mvc-13744,Mg(NiN)2,
mp-3183,DyBRh3,
mp-675295,InPF3,
mp-3869,TbBRh3,
mp-5893,CaSiO3,
mp-5663,BaCeO3,
mp-998605,RbPbCl3,
mp-2930,Mn3ZnC,192.0847423
mp-2929,BaTbO3,
mp-1017628,Mg(BeP)2,
mp-765734,Na2NiO2,81.60833412
mp-3769,ErBRh3,
mp-3893,Tb(CoB)2,
mp-21046,U(GeIr)2,
mvc-14626,Mg(CoN)2,
mp-3088,LaBRh3,
mp-5200,PrBRh3,
mp-755974,Na2CuO2,66
mp-1069462,Yb(MnSi)2,
mp-561952,SrCoO3,
mp-22404,U(NiGe)2,
mp-755756,Y2TeO2,
mp-755713,Tb2SbO2,
mp-755691,Li2BiO2,
mp-755666,Yb2TeO2,
mp-27910,Bi2Te2S,
mp-755609,Y2SeO2,
mp-608382,KMnF3,
mp-672298,Eu(MnGe)2,
mp-975304,RbMoO3,
mp-755470,Li2BiS2,
mp-755419,Bi2TeO2,
mp-2906,Ho(NiP)2,
mp-769253,Dy2SeO2,
mp-755018,RbTaO3,106
mp-1069811,Hf2H2Pd,
mp-754998,Ce2SeO2,
mp-754976,Cs2BeO2,
mp-625717,Mn(HO)2,
mp-754834,Er2TeO2,
mp-754827,Tm2TeO2,
mp-10733,Sm2O3,
mp-1017558,Er3AlN,
mp-1017632,Ni3SnN,
mp-1017626,LiCaF3,
mp-1017629,MgNiH3,139
mp-1017627,Lu3AlN,
mp-1017631,ScBPd3,
mp-1017566,GePbO3,19
mp-1017563,GaPt3C,
mp-1017557,Dy3AlN,
mp-1017554,CdNi3N,
mp-1017555,CsBeF3,
mp-768908,Ho2TeO2,
mp-1017556,CuNi3N,196.3654259
mp-754655,Eu2SeO2,
mp-1017553,CdCo3N,
mp-1017549,Ca(BH)2,
mp-1017550,Be3N2,
mp-754640,Ce2SeO2,
mp-1094000,KWO3,
mp-1013558,Ca3BiP,
mp-1013588,Sr3SbP,
mp-1013557,Ba3SbN,
mp-754475,Tm2SeO2,103
mp-976923,NaReO3,
mp-972839,SiBO3,
mp-972827,SiBiO3,
mp-976848,NiRuO3,
mp-972822,SiBO3,
mp-571485,Tm(SiPd)2,
mp-567458,Ho(PRu)2,
mp-5438,TmBRh3,
mp-5451,Er(FeGe)2,
mp-5452,Ce(CuSi)2,
mp-545379,InBiO3,
mp-545539,Pr2BiO2,
mp-557018,Cs(CoS)2,47.5579595
mp-545712,LiUO3,
mp-1099591,NaVO3,
mp-567600,Sm(SiAg)2,
mp-545825,NaIO3,
mp-5459,Nd2TeO2,
mp-568725,Dy(FeB)2,
mp-546200,TlIO3,
mp-567657,K(CuSe)2,34.17773486
mp-574199,Sm(NiP)2,
mp-571552,Lu(CoGe)2,
mp-567703,Fe3NiN,191
mp-569408,K(CoAs)2,44.4368011
mp-567723,Nd(NiAs)2,
mp-546910,CaSnO3,
mp-546973,SrSnO3,144
mp-567749,Y(SiOs)2,166.3304752
mp-547622,Pm2O3,129
mp-567769,Ca(SiPd)2,108
mp-547864,CdCO3,
mp-571561,Sm(NiSn)2,
mp-5486,Ca(CuSi)2,92.90787102
mp-567818,Sm(NiAs)2,
mp-567830,Sm(CrSi)2,
mp-5495,Ag2PdO2,84
mp-567840,Tm(CuGe)2,
mp-567859,Sm(FeSi)2,
mp-5497,Er(CoGe)2,
mp-5498,Ca(MnAs)2,60
mp-550008,ScBiO3,
mp-567909,Pr(NiSn)2,
mp-573563,Sm(CoP)2,
mp-571586,Nd(SiOs)2,
mp-5505,U2TeN2,
mp-567939,CsSmCl3,
mp-561388,FeBiO3,164.653124
mp-5508,Th(SiPd)2,
mp-5510,U(SiAu)2,
mp-567999,Np(CrGe)2,
mp-568005,CsYbBr3,
mp-568021,Er3AlC,
mp-568055,Nd(PRu)2,
mp-551905,OsO4,
mp-568113,Ba(AsRh)2,
mp-552098,Bi2SeO2,
mp-552265,Bi2SeO2,88.47619668
mp-5526,La(CoSi)2,
mp-568161,Nd(NiSb)2,
mp-552694,Yb2SO2,
mp-552729,KIO3,
mp-559492,Tl(NiS)2,
mp-571647,La2PI2,
mp-21388,U(CuGe)2,
mp-571665,Ho(SiPt)2,
mp-553347,La2O3,
mp-866894,CaSnS3,
mp-540584,K2PdO2,53.59733119
mp-568371,Tm(SiRu)2,
mp-568390,Bi2Te3,39.06660973
mp-569577,Tb(SiAu)2,
mp-557257,KVF3,67.82435928
mp-1099873,CaCuO3,
mp-569607,Pr(GeRu)2,
mp-10550,SrMg2N2,94.17111046
mp-569650,Ho(GeRh)2,
mp-569657,Sm(AlZn)2,
mp-573376,Lu2CCl2,
mp-573498,Yb(AlGa)2,
mp-569674,La(CoAs)2,
mp-569696,La(AlGa)2,
mp-1068484,Mn3ZnN,
mp-574021,Ce2ZnNi2,
mp-569713,La(AlZn)2,
mp-569737,Tb(SiPt)2,
mp-574239,Tm3AlC,
mp-574250,InSiTe3,
mp-561598,BaPbO3,
mp-568544,CsCdCl3,
mp-557739,CoBiO3,
mp-554601,RbCuF3,63.83020863
mp-866917,CaSnS3,
mp-568599,Sm(NiSb)2,
mp-579496,Fe3PtN,214.1019898
mvc-13905,Zn(NiN)2,
mp-989497,LaWN3,
mp-675022,CsPbCl3,
mp-579768,CsTmCl3,
mp-580234,Fe3RhN,200
mp-555391,NaVF3,68.55425191
mp-3191,Ho(FeSi)2,
mp-580539,Gd3AlC,
mp-569860,Nd(NiSn)2,
mp-569875,ScBRh3,194.0064119
mp-569881,Sr(NiSb)2,
mp-558189,Ag3SI,
mp-568703,Pr(NiSb)2,
mp-568727,ErRh3C,
mp-606671,Nd3InC,
mp-581736,Eu(SiRu)2,
mp-581754,Eu(PPd)2,
mp-558518,K(NiS)2,29.50955017
mp-570008,Sr3BiN,
mp-582028,Mn3RhN,
mp-558694,CsFeF3,
mp-568832,Y(PRu)2,
mp-582227,Eu(MnSb)2,39.26009827
mp-558749,RbMnF3,
mp-568940,Y(NiP)2,140
mp-582357,Eu(FeSi)2,
mp-570058,Eu(GeIr)2,
mp-570073,Np(NiGe)2,
mp-540999,Cs2CuO2,23.32585497
mp-582736,Eu(MgSb)2,38.61804772
mp-570091,Rb(CoSe)2,38.33927619
mp-20322,La(CuGe)2,
mp-974740,NdBiO3,
mp-974734,KInO3,
mp-998414,CuAgF3,
mp-998365,NiAgF3,
mp-976775,NaMgO3,
mp-998358,MgAgF3,
mp-976763,NiAsO3,
mp-998322,CsInF3,
mp-976727,PrBiO3,
mp-976722,MgPbO3,
mp-6953,Ca(MnP)2,86.59424819
mp-998227,KHfO3,
mp-974581,ReBiO3,
mp-582433,Gd(NiAs)2,
mp-21423,Pu2O3,
mp-998173,RbPdCl3,
mvc-11730,YVO3,
mp-998160,TlCoF3,
mp-998159,TlFeF3,
mp-974511,ReSbO3,
mp-974505,ReTeO3,
mp-998147,TlCuCl3,39.41472207
mp-644497,BaTiO3,23.08840793
mp-753940,KLiMnS2,
mvc-13747,Zn(CoN)2,
mp-972442,SnBO3,
mp-976331,LiLuO3,
mp-972395,TmBeO3,
mp-974337,RuPbO3,
mp-972367,UAlO3,
mp-976293,NaCdO3,
mp-12084,Lu(CrSi)2,
mp-976284,EuSbO3,
mp-976283,LiYO3,
mp-568902,Yb(CoGe)2,
mp-974108,NiPbO3,
mp-972296,ZrOsO3,
mp-569247,Zr(FeSi)2,
mp-974061,KSiO3,176
mp-976258,EuPtO3,
mp-626843,Ni(HO)2,
mp-12085,Np(CrSi)2,
mp-626794,Ni(HO)2,18.49540525
mp-626701,Mn(HO)2,
mp-626689,Fe(HO)2,44.14546965
mp-972222,TaBeO3,
mp-976229,KAgO3,
mp-568551,Yb(CrSi)2,
mp-5517,Tb(NiP)2,
mp-976185,NaBeO3,
mp-626143,Mg(HO)2,
mp-972184,VPtO3,
mp-973977,HoSnO3,
mp-655631,FeBiO3,
mp-973968,KNaO3,
mp-972160,YbMgO3,
mp-625953,Co(HO)2,
mp-976133,NaAsO3,
mp-654812,CdCO3,
mp-973960,KScO3,
mp-973958,KRuO3,
mp-972116,VIrO3,
mp-10901,Al3Pd2,128.6018091
mp-5795,CaMg2N2,101.1452262
mp-973930,NpBeO3,
mp-625565,Cd(HO)2,
mp-774134,Li2CoO2,
mp-625521,H3BrO,
mp-973919,NpOsO3,
mp-625509,H3BrO,
mp-625488,Zn(HO)2,
mp-774124,Li2MnO2,
mp-535,Fe4N,193.2589457
mp-972066,ZrAlO3,
mp-972058,YbTmO3,
mp-973892,EuAlO3,
mp-1013735,Ca3Bi2,
mp-972021,SrInO3,
mp-975990,NaLiO3,51
mp-971996,SrHoO3,
mp-973877,PaBO3,
mp-971975,SrHgO3,
mp-973869,LaCdO3,
mp-975913,PrNbO3,180
mp-1014509,Cr3N2,
mp-973830,KErO3,
mp-554513,Tl(CoS)2,
mp-1004524,HPbI3,
mp-973818,LiHoO3,
mp-11262,YbAu4,
mp-1013583,Sr3Sb2,-8
mp-8301,Gd2CF2,
mp-1013535,Sr3SbP,
mp-1013708,Ba3SbN,
mp-973738,GeBO3,
mp-973681,LuRhO3,
mp-973655,LuSiO3,
mp-571458,RbGeI3,18.05396754
mp-1013563,Ba3BiAs,
mp-775097,Li2CoO2,108.125426
mp-1013561,Sr3SbAs,
mp-775036,Li2FeO2,111.1084226
mp-1013707,Ba3PN,
mp-20839,Ni4N,
mp-866647,AcCrO3,
mp-866030,EuSiO3,
mp-20441,Mn2Co2C,
mp-865758,YbGeO3,
mp-637576,Mn4N,
mp-637378,Gd3InN,
mp-865218,YbTiO3,179
mp-865181,EuGeO3,
mp-865120,NaPaO3,
mp-20924,U(FeSi)2,
mp-4692,Dy(SiNi)2,
mp-568182,Ce(CoAs)2,
mp-568402,Sr(SiPd)2,89.61598788
mp-864241,AcFeO3,
mp-1068078,La(CoGe)2,
mp-636273,Nd3GaN,
mp-10886,Al3Cu2,102.1398116
mp-635460,V3AuN,
mp-861873,TaTlO3,
mp-632808,BaLiH3,
mp-1069988,Y(SiPd)2,
mp-1017579,In2Au3,
mp-568953,LuAg4,
mp-1013703,Ca3BiAs,24
mp-559976,Ta2CS2,38.86345296
mp-568974,Ca(CuSn)2,60.92217008
mp-568993,Pr(NiAs)2,
mp-4073,Sm(CoB)2,
mp-569006,Sr(AsRh)2,
mp-569012,Cs(AsRh)2,
mp-569013,Ho(SiAu)2,
mp-570183,Pr(AsPd)2,
mp-8310,Li(NiP)2,117.4919405
mp-570216,Sm(AsPd)2,
mp-570217,Tm(SiOs)2,
mp-570223,CsGeBr3,
mp-570231,CsCdBr3,
mp-570236,Pr(PRu)2,
mp-1000773,Ce3AlC,
mp-569089,Dy(PRu)2,
mp-570255,Pr(AlGa)2,
mp-570290,MnTlCl3,
mp-7928,K2PtS2,35.57175731
mp-32403,Ni(HO)2,54.60421222
mp-570308,Eu(NiSb)2,
mp-569188,La(AsRu)2,
mp-570399,Nd(CrSi)2,
mp-610530,Gd(CoB)2,
mp-570452,Y(SiAu)2,116.1026399
mp-570456,Eu(CoAs)2,
mp-3264,Th(NiGe)2,
mp-541365,LiEuH3,
mp-7608,Li2PdO2,90.94025148
mp-541381,Pu(SiAu)2,
mp-32829,CuCl4,2.205767098
mp-675274,Ce(CoP)2,
mp-571203,Sr(CoAs)2,71.27508988
mp-505622,Mn4N,
mp-505628,Cr3IrN,
mp-4484,Ba(PRu)2,87
mp-570554,Tb(PRu)2,
mp-570591,CsHgCl3,
mp-570597,La2GeI2,
mp-1069336,VPbO3,
mp-4109,Ba(AsRu)2,
mp-10608,Y3SnC,82.36943533
mp-1097736,Th(CuSi)2,
mp-5227,Dy(NiP)2,
mp-541989,Na2CN2,40.83000008
mp-542103,TbRh3C,
mp-542112,CaZrO3,
mp-570680,Er(GeRh)2,
mp-505824,Cs2PdC2,28.6385466
mp-5423,Pr(MnSi)2,
mp-505825,Cs2PtC2,33.28134505
mp-1070256,Mn2ZnAs2,
mp-570988,La2PBr2,
mp-571008,Pr(CoAs)2,
mp-571035,OsCl4,
mp-626708,Co(HO)2,
mp-1096764,Ca3SbP,
mp-570822,Tb3AlC,
mp-570837,Cs(AsRu)2,
mp-570843,Tm(GeRh)2,
mp-510376,CeBRh3,
mp-510377,EuBRh3,
mp-510380,Mn3CuN,160.1871396
mp-510381,Fe3NiN,
mp-510382,Fe3PtN,
mp-569697,Ce(NiP)2,
mp-2706,SnF4,35.69280968
mp-570907,Tm(GeRu)2,
mp-510492,PuRh3C,
mp-571296,Er(GeRu)2,
mp-542890,LaCoO3,
mp-9514,Mg(AlC)2,133.9130712
mp-1021328,H4C,0.990552109
mp-866820,CaSnS3,12
mp-5501,Tl(CoS)2,55.51835134
mp-19958,Gd3PbC,
mp-865008,CeFeO3,
mp-1021659,K2CuO2,
mp-1021667,IClO3,150
mp-566101,FeBiO3,
mp-1099934,CaCoO3,
mp-554465,RbFeF3,
mp-1022722,Bi3O2,
mp-1022728,Cu3O2,110.3974756
mp-2954,Dy(SiAu)2,
mp-19791,Ca(GeRu)2,
mp-3000,Cr3GaN,
mp-1023129,KCuCl3,40
mp-20110,Ce(GePt)2,
mp-20173,Ce(CuGe)2,
mp-20510,Yb(FeGe)2,
mp-20808,Nd3PbC,
mp-1068548,In2Se3,
mp-7121,Dy(AlSi)2,
mp-21132,U(GeRh)2,
mp-30247,Mg(HO)2,46.3699511
mp-21862,VRu3C,
mp-1040464,NaOsO3,
mp-21888,Tm3SnC,
mp-1040467,RbOsO3,
mp-1040469,KMoO3,
mp-21889,Th(GePt)2,
mp-1040471,NaMoO3,
mp-3278,Pr(SiPd)2,
mp-22087,TaRu3C,
mp-10453,Lu(SiRu)2,
mp-3412,Eu(CuSi)2,
mp-3428,SmBPd3,
mp-22181,Gd(GePd)2,
mp-22187,Gd(GeRh)2,
mp-21058,Mn3InC,
mp-22263,Yb3SnC,
mp-22351,NbRu3C,
mp-556424,RbVF3,65
mp-4176,La(SiPt)2,
mp-4228,Nd(CoSi)2,
mp-18770,YCrO3,
mp-4297,U(GePd)2,
mp-1075915,LaVO3,
mp-4343,Sr(MnAs)2,54.25132554
mp-13399,Lu(NiGe)2,
mp-4475,Tl(CoSe)2,46.91650814
mp-11846,Pr(AlZn)2,
mp-4537,Ce(SiNi)2,
mp-12079,K(CoS)2,43.34956916
mp-4593,Mn3AlC,215.3342038
mp-4740,Y(CrSi)2,
mp-4873,Ce2TeO2,
mp-4881,Er(SiNi)2,
mp-654803,Np(OF)2,
mp-582799,EuAl4,
mp-22004,Yb3TlC,
mp-569597,Np(FeSi)2,
mp-569931,Pr(NiP)2,
mp-569974,Nd(NiP)2,128
mp-12565,MnAu4,128.5460805
mp-1013691,Ba3BiP,
mp-1070214,Ba(MgAs)2,
mp-637179,Ca3SnN,
mvc-13651,Mg(FeN)2,
mp-12670,Ho2SO2,
mp-1013530,Sr3BiP,2011
mp-21385,In3Ni2,92.00318752
mp-1834,NdAl4,
mp-1080520,SrTcO3,
mp-12894,Y2SO2,
mp-758371,YbAlO3,
mp-625072,Ni(HO)2,
mp-624739,ScIr3C,
mp-991740,EuGe3Pt,
mp-9610,Li2CN2,49.62196021
mp-769926,EuVO3,
mp-1096982,H2C2S,
mp-20177,Pu(FeSi)2,
mp-1013736,Ba3Bi2,
mp-755877,BaNdO3,78
mp-1013719,Ba3BiSb,
mp-1013710,Ba3BiN,
mp-1070275,Al3Tc2,
mp-1013712,Ba3SbP,
mp-613402,SrZrO3,
mp-613384,CsIO3,
mp-754940,Ba3SiO,
mp-754892,Rb3ClO,
mp-1013584,Ba3BiSb,
mp-754696,PrTiO3,
mp-754678,BaTaO3,
mp-781625,BaOsO3,
mp-998307,CsPdBr3,
mp-754524,CeTiO3,
mp-754046,PrTlO3,
mp-644246,EuH3Pd,
mp-644203,CsCaH3,
mp-753781,EuHfO3,
mp-774411,Li2VO2,111.9685037
mp-627439,Mn3GaN,
mp-626680,Fe(HO)2,44.48940056
mp-626643,Ca(HO)2,
mp-626149,Mg(HO)2,
mp-1070222,La3AlC,
mp-625956,Co(HO)2,
mp-625668,Mn(HO)2,
mp-625557,Cd(HO)2,
mp-625548,Cd(HO)2,
mp-625487,Zn(HO)2,45.85946134
mp-1013713,Ba3BiP,17
mp-771055,EuZrO3,
mp-1013714,Ba3SbAs,
mp-1013716,Ba3BiAs,
mp-27710,CrB4,277
mp-19845,TiPbO3,170.9811304
mp-1068250,Ca(FeSi)2,
mp-1068742,SrZrO3,
mp-1029258,Ca(ZnN)2,120.2801978
mp-1017591,BaRuO3,
mp-1017582,LaPt3C,
mp-1017581,LaPd3C,
mp-1017580,KMgH3,
mp-1017578,HfBRh3,
mp-614013,CsSnI3,
mp-1017577,Ho3AlN,
mp-1017465,BaVO3,
mp-1017447,HgGeO3,172.1491652
mp-1017446,HfCdO3,
mp-1017441,SrRhO3,
mp-1017439,SrSiO3,
mp-1016999,SrGeO3,
mp-1069755,Li2CaN2,
mp-1017000,MgZrO3,
mp-1016938,VHgO3,
mp-1016932,MnZnO3,
mp-1016931,VZnO3,
mp-1016930,ZnGeO3,
mp-1016929,MgRhO3,
mp-1013643,Sr3BiP,
mp-1016928,MgSiO3,
mp-1016927,TiZnO3,
mp-1016926,ZnIrO3,
mp-8219,Zr(CuP)2,128.6344262
mp-1016904,VCdO3,
mp-1016903,CdGeO3,
mp-1016902,ZnSnO3,
mp-1016900,CaOsO3,
mp-1016886,MgVO3,
mp-1016884,CaGeO3,
mp-1016883,ZrZnO3,
mp-1016882,CdOsO3,
mp-1029532,Ca2CoN2,87.75611266
mp-1016881,CdSnO3,
mp-1016880,ZnRhO3,
mp-1016879,CdSiO3,
mp-1016877,HgRhO3,
mp-1016876,ZnSiO3,
mp-1016875,CdRhO3,
mp-1016874,SiHgO3,219.5078579
mp-1016873,CaHfO3,
mp-1016872,CaIrO3,
mp-1016871,ZrHgO3,
mp-1016854,MnCdO3,
mp-1016853,CaVO3,159
mp-1016852,BaMnO3,
mp-1016851,HgRuO3,
mp-1016850,BaRhO3,
mp-1016849,CdRuO3,
mp-1016848,SrIrO3,
mp-1069079,FeBiO3,
mp-1016846,TiCdO3,
mp-1016845,ZrCdO3,232
mp-21400,Ga3Pt2,
mp-1016843,MgOsO3,
mp-1016842,TiHgO3,
mvc-13445,Mg(MnN)2,
mp-1016841,HfHgO3,
mp-1016840,HgOsO3,
mp-1016837,SnHgO3,
mp-1016836,ZnOsO3,
mp-1016835,CaRuO3,
mp-1016833,CaRhO3,
mp-1016831,HgIrO3,
mp-1016829,MgRuO3,
mp-1016828,CdIrO3,
mp-1016827,MgGeO3,178
mp-1016826,MgIrO3,
mp-1016825,HfMgO3,
mp-1016823,BaGeO3,
mp-1016821,BaSiO3,
mp-1016820,MgSnO3,
mp-1016819,HfZnO3,
mp-1099588,SmFeO3,
mp-1013531,Sr3BiN,
mp-30599,Ti2Cu3,131.8063775
mp-1070152,Ca(CoSi)2,
mp-1013734,Ba3AsN,
mp-1070557,Zr2H2Pd,
mp-3216,Li2ZrN2,132.1689018
mp-1013642,Ca3AsP,
mp-1013552,Sr3P2,
mp-1013555,Sr3AsN,
mp-1013549,Ba3BiN,
mp-1013554,Sr3PN,
mp-1013548,Ca3SbN,
mp-1013547,Ca3P2,
mp-1013550,Ca3SbP,
mp-1013545,Ca3BiAs,
mp-1013544,Ca3SbAs,
mp-1013543,Ca3AsN,
mp-1013540,Ca3PN,
mp-1013537,Sr3AsN,
mp-1013528,Ba3N2,
mp-1013533,Ba3PN,
mp-1013529,Sr3N2,
mp-1013524,Ca3N2,74
mp-4322,Pr(CoB)2,
mp-1075905,SmCrO3,
mp-10113,ScBIr3,238.4902797
mp-19167,Rb2NiO2,24.99031217
mp-13121,CeGe3Rh,
mp-5072,Rb2HgO2,23.6795135
mp-21035,Sc3PbC,96.96002458
mp-560663,Rb(CoS)2,49.55654624
mp-865424,CsUO3,
mp-867844,RbAgF3,
mp-5165,Th(SiRu)2,164
mp-570198,Ba(ZnAs)2,48.39607721
mp-561070,FeBiO3,
mp-1013551,Ba3P2,
mp-5323,CeAlO3,190.8848166
mp-1097803,Cr3N2,
mp-5677,Tb(MnSi)2,
mp-571330,Nd3AlC,
mp-571343,Cs(CoSe)2,41
mp-5734,Ce(SiPt)2,
mp-5976,Dy(CoSi)2,
mp-6961,Sr(SbPd)2,
mp-22639,U(NiP)2,
mp-541837,Bi2Se3,12.5017723
mvc-2078,Mg(CuN)2,
mp-10280,Nd3GaC,
mp-1069520,Zr2CuH2,
mp-1013536,Sr3PN,
mp-12668,Tb2SO2,
mp-3525,Sb2Te2Se,
mvc-16070,Ca3SbN,
mvc-16073,Ca3BiN,
mp-644136,Li2H2Pt,46.95393005
mp-1068518,TiPbO3,
mp-644483,Ti3SnH,125.0632529
mp-862606,EuSnO3,
mp-862870,LiTcO3,
mp-1099583,SmTiO3,
mp-863708,KPuO3,
mp-864606,AcCuO3,
mvc-15728,Mn2ZnN2,
mp-913079,BaTbO3,
mp-865322,UTlO3,
mp-30387,HoAu4,
mp-865927,AcTiO3,
mp-866036,EuRuO3,
mp-866645,CeNiO3,
mp-867195,SrOsO3,186.5705767
mp-1099619,EuMnO3,
mp-991257,Mn3SnC,
mp-613961,CsFeF3,
mp-601328,KCrF3,
mp-1076474,KMoO3,
mp-611771,KCoF3,
mp-554884,KCuF3,
mp-614664,NaVF3,
mp-1068036,CrPbO3,
mp-690512,MnPbO3,84
mp-906325,SrRuO3,
mp-1070687,MnNF3,
mp-20325,Ti3InC,144.9694784
mp-623245,RbMnF3,
mp-1076719,LaCrO3,
mp-4505,La3AlN,
mp-1000487,CeAlO3,
mp-454,NaGa4,
mp-1001873,EuTiO3,
mp-1076843,NaMoO3,
mp-1069564,LaMnO3,
mp-849872,Bi2TeO2,
mp-1067925,SrSi3Au,
mp-1068011,SrAlH3,
mp-1067935,Ho2SbO2,
mp-20860,Mn3SnC,
mp-1068021,Sm(MgBi)2,
mp-4170,NaTaO3,
mp-5288,Y(FeSi)2,139.7291058
mp-4316,Sr(NiAs)2,53.84075249
mp-24913,CrPbO3,
mp-1068048,BaSn3Au,
mp-1068010,Ba(MnBi)2,
mp-1068052,Sm(MgSb)2,
mp-1068002,Ca2MgPt2,
mp-1068035,Ca2MgPd2,
mp-1068053,Ca2AgPd2,
mp-19939,La(CoGe)2,
mp-1006146,Eu(MgBi)2,33.41846715
mp-9897,Te3As2,
mp-9570,Ca(CdP)2,56.86736516
mp-7375,KNbO3,102.6478617
mp-5598,Sm2SO2,
mp-3805,Al(FeB)2,202.8198772
mp-1068157,Sr2CdPt2,
mp-1068246,Th(SiIr)2,
mp-1068167,Sr2Ge2Pb,
mp-1068212,Fe2O3,
mp-1068235,SrGe3Ir,
mp-7892,Mn2AlB2,217.7850023
mp-1068239,SrGe3Pt,
mp-1068256,USi3Ir,
mp-1068217,Tb2Ni2Sn,
mp-3448,KMgF3,64.07587783
mp-1068320,CsSO3,
mp-1068042,Yb(MgBi)2,
mp-1068325,Sr(InHg)2,
mp-1068364,CeSi3Os,
mp-4711,Li2CuO2,88.73005107
mp-1068296,Fe(BW)2,
mp-1068389,SnCCl3,
mp-1068489,Pr2Ni2Sn,
mp-560976,KNiF3,74.67599158
mp-18747,SrMoO3,
mp-4148,Ho(SiPd)2,
mp-3108,Lu(SiRh)2,
mp-5660,BaIrO3,
mp-1068348,TmAu4,
mp-3271,Ti3AlC,152.9094272
mp-1068732,ThSi3Ru,
mp-1068331,Y2Ni2Sn,
mp-8074,TaSnO3,
mp-1068734,Ce(SiIr)2,
mp-15805,Mn3ZnN,194.9234924
mp-1068387,LaGe3Ru,
mp-1097065,Li2HfN2,
mp-4668,K(CoSe)2,
mp-8281,Ba(CdAs)2,44.40156355
mp-1068447,BaGe3Pd,
mp-10039,Pr3AlC,
mp-1068583,Hg(NCl)2,
mp-1068446,ScAu4,
mp-1068559,LaCoSi3,
mp-1068587,YSi3Ir,
mp-1068588,TbSi3Ir,
mp-1068639,SmSi3Ir,
mp-1068635,Y(SiIr)2,
mp-5878,KZnF3,68.78847994
mp-5745,Nb2CS2,34.72183134
mp-10521,Y(AlGe)2,71.32991253
mp-10408,K2CN2,30.2318984
mp-1068286,Ca2CdPd2,
mp-1068773,LuAu4,
mp-1068664,ThCoSi3,
mp-550506,KClO3,
mp-1068398,Eu(GeAu)2,
mp-1068746,TlHPd3,
mp-9582,Yb(ZnP)2,70.63361601
mp-9571,Ca(ZnAs)2,57.47084965
mp-31203,Pr(SiAg)2,
mp-4653,Y(SiIr)2,175.1906079
mp-1068782,SmSi3Os,
mp-1068775,NdSi3Os,
mp-1068813,K2Te2Pd,
mp-1068786,InCo3N,
mp-10314,Yb(ZnAs)2,59.71314571
mp-1068843,Sm2BiO2,
mp-1068827,TbSi3Rh,
mp-935811,KNbO3,170.6278144
mp-1068789,K(FeTe)2,
mp-4064,Ca(NiP)2,114.2524086
mp-1068869,ThSi3Ir,
mp-1068850,Sr(BN)2,
mp-1068248,Eu(CrAs)2,
mp-1068795,NiNF3,
mp-3441,Y(SiRh)2,155.5072238
mp-10626,Yb(SiRh)2,
mp-1068954,Tb2BiO2,
mp-1068661,ZrBRh3,
mp-3585,La(SiIr)2,
mp-1068906,CeSi3Ir,
mp-1069041,NdSi3Ru,
mp-1068024,Ho2InNi2,
mp-973451,Nd2BiO2,
mp-1069044,TbCoSi3,
mp-1069057,Sr(CoSi)2,
mp-1068985,SnCCl3,
mp-10881,Ce3AlN,
mp-568673,Y(SiRu)2,150.5132419
mp-1069139,SrSi3Ni,
mp-13401,Yb(CuGe)2,
mp-1068319,Dy2InNi2,
mp-1068908,Ce(GeAu)2,
mp-1068333,SrTcO3,
mp-1069204,NdCoSi3,
mp-33365,CeGaO3,
mp-19763,EuGe3Pt,
mp-22995,Ag3SI,
mp-1069147,PrFeGe3,
mp-1069191,Nd(SiIr)2,
mp-1069105,Co(BMo)2,
mp-8277,Sr(CdP)2,53
mp-1068807,EuSi3Rh,
mp-10435,Y(AlSi)2,76.96407083
mp-13072,PrGe3Rh,
mp-1069250,HgNCl3,
mp-1069270,ZnNi3N,
mp-1069055,Cu(BrN)2,
mp-7101,Ce(AlGe)2,
mp-12097,Sm(SiIr)2,
mp-25119,VPbO3,
mp-2461,CaGa4,
mp-1069054,Fe(NCl)2,
mp-1069375,NdAl3Cu,
mp-5129,Y(CoSi)2,145.1475627
mp-1069346,PrVO3,
mp-1069287,Nd2CdCu2,
mp-1069297,Tb2AlNi2,
mp-561348,KCoF3,
mp-1068966,K,
mp-1069083,Mn(ClO)2,
mp-8276,Sr(ZnP)2,63.21221682
mp-4559,BaCO3,44.93557709
mp-567240,Ba(MnSb)2,
mp-1069330,Nd2AlNi2,
mp-1069288,MnGa4,
mp-1069273,Gd3AlN,
mp-1067986,Er2InNi2,
mp-1069004,U2OsC2,
mp-1069461,HoSi3Ir,
mp-8279,Ba(CdP)2,51
mp-1069533,Hf2SN2,
mp-1069558,Ce2SeN2,
mp-1069296,Eu3InO,
mp-568280,Ba(NiAs)2,63.68376178
mp-13123,LaGe3Rh,
mp-569523,Y2InNi2,
mp-1069561,Dy2BiO2,
mp-571434,La(AsPd)2,
mp-3862,Ca(AlGe)2,57.58760211
mp-560399,NaMgF3,70.41938609
mp-1069603,LaAl3Au,
mp-1069383,Eu(ZnP)2,
mp-24942,FeBiO3,86.69681235
mp-1088,YbGa4,
mp-1069819,Sn(NF)2,
mp-1069477,GdSi3Ir,
mp-1069613,Er2BiO2,
mp-1069706,K2PdSe2,
mp-1069594,LaSi3Ru,
mp-1069695,Sr(MgBi)2,
mp-569199,U2BiN2,
mp-1069708,BaGe3Ir,
mp-3241,Sr(CuGe)2,71.14116981
mp-1069712,Ba(CdGe)2,
mp-22435,CeBPt3,
mp-1068431,Yb(ZnSb)2,
mp-1069771,Rb2PdSe2,
mp-5811,CsPbF3,
mp-1069526,Ce3InC,
mp-8250,La(NiP)2,
mp-1069611,Tm2AlNi2,
mp-8401,CsMgF3,63.62875735
mp-1069765,SmSi3Rh,
mp-19405,Ni(AgO)2,125.5836754
mp-5777,BaTiO3,97.27516386
mp-2056,Ni3Se2,105.4902696
mp-2063,Pr2O3,121
mp-1069809,BaSi3Pt,
mp-1068797,Nd(GeAu)2,
mp-1069707,EuSi3Ir,
mp-1069723,U(CuAs)2,
mp-20595,Eu(AlSi)2,60.70050268
mp-1069815,In3Pt2,
mp-1069697,VAu4,
mp-1968,La2O3,115.743345
mp-5020,BaTiO3,95.07892731
mp-1069824,Ca2CdPt2,
mp-1069882,LaSi3Os,
mp-1069950,Pr2AlNi2,
mp-570835,NiHg4,51
mp-7692,Al(CrB)2,227.108961
mp-1069774,UBRh3,
mp-1069160,U2RuC2,
mp-4805,Gd2SO2,
mp-1069937,Ba(SbRu)2,
mp-1068715,EuGe3Ir,
mp-1069726,Pd(NCl)2,
mp-1069855,Co(ClO)2,
mp-1069129,MnNCl3,
mp-1069751,Pr2Os3,
mp-1069956,Ca(SiRh)2,
mp-1069898,LaGe3Os,
mp-1069825,PrAl3Cu,
mp-7104,CsCaF3,
mp-555123,KMnF3,
mp-4822,Y(SiPd)2,132.0724519
mp-1976,CaGa4,
mp-1068359,Cd(BrN)2,
mp-21293,Li3In2,
mp-1069922,Mg(BrO)2,
mp-1069801,Ho2AlNi2,
mp-4551,SrHfO3,163.2373836
mp-20890,Eu(FeAs)2,
mp-8399,CsCdF3,
mp-8237,Ba(AsPd)2,55.29175032
mp-556891,KFeF3,
mp-1070127,GeH4,
mp-21478,U(CuP)2,
mp-1070147,Cd(NCl)2,
mp-9569,Ca(ZnP)2,66.90452802
mp-9568,Li3Ga2,
mp-7777,Li2PrP2,
mp-1070099,Ca(GaAs)2,
mp-1070116,Ga2Te3,
mp-1070137,BaSi3Pd,
mp-1070124,LaSi3Rh,
mp-1070103,Hf2Pt3,
mp-1070146,DySi3Ir,
mp-1070151,K(FeS)2,
mp-1069841,V2N3,
mp-566131,KCrF3,
mp-8280,Ba(MgAs)2,44.99912184
mp-1070135,Er2Mg2Ru,
mp-1069444,Eu(AsPd)2,
mp-1068685,U2PtC2,
mp-10600,La3AlC,
mp-569018,Mg3Bi2,36.50330714
mp-1070238,ThSi3Rh,
mp-1069042,Eu(ZnSb)2,
mp-5577,Ce(GeRh)2,
mp-5176,Y(SiNi)2,136.1391113
mp-20459,TiPbO3,62.50519895
mp-568747,K(NiSe)2,40.24178115
mp-1070253,Ba(CoGe)2,
mp-1070267,Ba(ZnSi)2,
mp-1070242,Mn3CuN,
mp-19979,La(NiGe)2,
mp-1069658,EuGe3Rh,
mp-1070247,BaGe3Rh,
mp-1099668,SmNiO3,
mp-567808,Tm(CuGe)2,
mp-1070063,CeAl3Au,
mp-1070498,Rb2Te2Pt,
mp-1070356,Rb2Te2Pd,
mp-2721,Ce2O3,
mp-8322,Mn2ZnAs2,
mp-1070321,NdSi3Rh,
mp-6926,Ca(PPd)2,112.3102806
mp-1068340,CsGeBr3,
mp-1068891,Sr(CuSn)2,
mp-7067,Ca(CdAs)2,
mp-1069604,CaSi3Pt,
mp-4370,Sr(AsPd)2,80.80817521
mp-1201,Sb2Te3,18
mp-1068653,CaSi3Ir,
mp-1070375,CsSnCl3,
mp-20151,Eu(AlGe)2,
mp-1070369,NdSi3Ir,
mp-568961,Ba(FeAs)2,77.17965743
mp-19909,Dy(CrSi)2,
mp-1070264,La2Ni2I,
mp-1070580,Al3Ru2,
mp-1070456,Be3N2,
mp-5246,KNbO3,
mp-1068803,YbGa4,
mp-1070440,VPbO3,
mp-29725,YBRh3,
mp-9247,Ba(CuAs)2,57.40217342
mp-1070613,Sr(SbRu)2,
mp-1070394,CeSi3Rh,
mp-1070314,Eu(CdAs)2,
mp-1070625,SO4,
mp-1070510,Y2BiO2,
mp-561947,CsHgF3,
mp-1070333,Fe4C,
mp-3846,LaBPd3,
mp-1068977,K2PdC2,
mp-1070507,Lu2AlNi2,
mp-3834,BaZrO3,148.8673336
mp-1057,Al3Ni2,130.3829416
mp-1070599,CsYbCl3,
mp-1070583,ErAu4,
mp-13398,Yb(MnSi)2,
mp-10036,Ce3AlC,
mp-3323,SrZrO3,152.9320682
mp-1070737,K3CO,
mp-1070301,UGa3Ni,
mp-6940,U2IrC2,
mp-1068283,Tm2InNi2,
mp-5166,Ca(AsPd)2,87.01007819
mp-1069790,U2RhC2,
mp-1070753,CeCoSi3,
mp-1070601,La2BiO2,
mp-1070662,Gd2BiO2,
mp-2763,Nd2O3,
mp-10580,La(AlGe)2,
mp-6931,Sr(AlSi)2,59.04617418
mp-1070665,NClO3,
mp-567130,Nd(SiIr)2,
mp-936,Hg4Pt,59.04800774
mp-20700,Gd(SiIr)2,
mp-1070483,Sr(AlGe)2,
mp-1068300,Ca(FeAs)2,
mp-567513,Ho(SiIr)2,
mp-1068577,ZrPbO3,
mp-1070544,CrGa4,
mp-5986,BaTiO3,105.5288231
mp-1070713,InNi3N,
mp-34202,Bi2Te3,15.00939753
mp-1070631,Sm2InNi2,
mp-1070400,Ba(NiAs)2,
mp-1069443,CeAl3Cu,
mp-1070391,Ti2H2Pd,
mp-1068244,Er2AlNi2,
mp-1070573,LaAl3Cu,
mp-1070572,ThSi3Os,
mp-1070789,CrAu4,
mp-1068164,Tb2InNi2,
mp-1068243,Lu2InNi2,
mp-1069166,MnNF3,
mp-1070735,K(FeSe)2,
mp-1070646,Dy2AlNi2,
mp-1070761,Ni(BW)2,
mp-1070755,Y2GaNi2,
mp-1069193,Pd(NCl)2,
mp-4744,Ca(NiAs)2,83.29367687
mp-5400,Th(CrSi)2,
mp-21116,CeCoGe3,
mp-1070603,Sm(SiIr)2,
mp-20910,LaGe3Ir,
mp-1067937,Ho2BiO2,
mp-1071506,Gd2AlNi2,
mp-1069357,Eu(CuSn)2,
mp-1099818,KWO3,
mp-1000625,K(CoSe)2,
mp-552408,Ni(AgO)2,
mp-19257,SmCrO3,
mp-1075902,EuCuO3,
mp-1075911,RbNbO3,
mp-19025,LaMnO3,166.2610052
mp-1075904,EuFeO3,
mp-1075921,LaNiO3,
mp-19053,LaVO3,
mp-1075933,SmAgO3,
mp-5827,CaTiO3,174.769432
mp-771930,EuCrO3,
mp-976446,MgMnO3,
mp-1075975,EuCoO3,
mp-1075973,SmMnO3,
mp-1076000,LaAgO3,
mp-1076070,LaCuO3,
mp-22246,EuTiO3,
mp-1016830,MgTiO3,
mp-8020,LaTiO3,
mp-1017466,SrMnO3,
mp-5229,SrTiO3,172.7384426
mp-1076317,MgCuO3,
mp-19035,BaFeO3,116.1230184
mp-1076360,RbCrO3,
mp-1076368,MgFeO3,
mp-1076460,EuNiO3,
mp-1013738,Ca3SbAs,
mp-1076534,RbTaO3,
mp-556561,LaFeO3,
mp-510624,SrFeO3,131.3827469
mp-1076633,KVO3,
mp-1076642,NaCrO3,
mp-1076638,RbVO3,
mp-1029479,Ca(InN)2,90.41755025
mp-1018647,YbNiH3,
mp-1018646,YbH3Pd,
mp-1018645,YPt3C,
mp-1018644,YBPt3,
mp-1018643,YBPd3,
mp-570412,Yb(NiP)2,
mp-1018641,Tm3AlN,
mp-1018639,TiSnO3,
mp-1018638,Tb3AlN,
mp-973,U2N3,
mp-20602,U(FeGe)2,
mp-1018636,SnPd3C,
mp-1018635,ScPd3C,
mp-1029385,Li2SnN2,114.1263946
mp-1018633,LaBPt3,
mp-1068464,Ca(FeAs)2,
mp-1029316,Na2ZrN2,36.08885592
mp-1018630,Ca(BeAs)2,
mp-1029309,Na2HfN2,37.77660924
mp-1018629,YPd3C,151
mp-1018628,ScPt3C,
mp-1018627,ScBPt3,
mp-1018631,Dy(CuS)2,
mp-1001571,CaFeO3,
mp-7767,RbAgF3,
mp-758741,Li(FeP)2,133
mp-20830,In2Se3,
mp-10010,Al(CoSi)2,175.4724469
mp-13473,Sm(MnSi)2,
mp-13466,Sm(SiAu)2,
mp-13467,Ce(GePd)2,
mp-10037,AlCo3C,234.4545097
mp-10038,Er3AlC,
mp-2775,SrAl4,53.23524925
mp-10040,AlPt3C,
mp-1818,SiF4,4.934290234
mp-10060,DyBPd3,
mp-10061,ErBPd3,
mp-11596,PrBPt3,
mp-11597,NdBPt3,
mp-13532,La2ZnNi2,
mp-13535,Tb2ZnNi2,
mp-1010,MnB4,
mp-16237,La(SiAg)2,
mp-11397,Ga3Ni2,122.8644877
mp-11651,Yb3SnO,
mp-20978,Ho3TlC,43
mp-11652,Yb3PbO,
mp-10120,NdBPd3,
mp-1001934,Eu(CuSi)2,
mp-16249,Th(GeAu)2,
mp-16250,Th(SiAu)2,
mp-10134,TmBPd3,
mp-10135,YbBPd3,
mp-16251,Yb(SiAu)2,
mp-22412,Ba(MnGe)2,
mp-10133,Sc3BPb,79.32116445
mp-10139,Sc3SnB,82.69104551
mp-16260,Ca(GePd)2,83.27315147
mp-16259,Ca(GeIr)2,
mp-16261,Ca(GeRh)2,
mp-1827,SrGa4,
mp-16287,NdRh3C,
mp-10175,KCdF3,
mp-16290,ZnNi3C,189.9625111
mp-16297,Sc3SnC,102
mp-10185,Mg3ZnC,70
mp-11733,Lu3InN,
mp-12075,Tb(FeB)2,
mp-1017506,SrMnO3,
mp-10198,Mn3PdN,158.3866868
mp-16334,Fe3PdN,187.4804506
mp-11775,RbUO3,
mp-10250,BaLiF3,
mp-11822,Ca3GeN,54.63257842
mp-11824,Ca3PN,
mp-10266,ZnFe3C,213.0769842
mp-10270,ScCo3C,214.4788064
mp-10271,ZnCo3C,217
mp-10274,Er3GaC,
mp-10275,Er3InC,
mp-10279,Ho3GaC,
mp-11859,La(SiAu)2,
mp-13911,Ca(ZnGe)2,59.0362957
mp-13910,Ba(AgGe)2,
mp-11879,BaNiSn3,55.54815519
mp-13918,Sr(GeAu)2,
mp-570631,U(FeP)2,
mp-11917,Mg(BeN)2,185
mp-16471,Np(GeRh)2,
mp-11927,Pr2AlCo2,
mp-13971,Nd2SeO2,
mp-10351,Tm3GaC,
mp-13973,Gd2SeO2,
mp-13972,Sm2SeO2,
mp-10356,Ho3InC,
mp-13976,Yb2SeO2,
mp-10373,Cr3PdN,
mp-10374,Cr3PtN,267
mp-10376,Cr3SnN,
mp-16506,Li3Al2,39.26641302
mp-10405,Yb(AlSi)2,63.5221157
mp-12056,Ba(POs)2,
mp-12059,Sm(PRu)2,
mp-14099,ZnAgF3,80.59923849
mp-12060,Nd(AsPd)2,
mp-12063,Ce(AgGe)2,
mp-10436,Tb(AlSi)2,
mp-12061,Lu(FeB)2,
mp-10437,Ba(CuSe)2,54
mp-12073,Ba(BIr)2,
mp-12076,Tm(FeB)2,
mp-12080,Dy(CrGe)2,
mp-12082,Er(CrSi)2,
mp-1416,NbF4,31.04816676
mp-12088,Dy(SiOs)2,
mp-12091,Tl(FeS)2,
mp-12098,K(PRh)2,
mp-12101,Lu(SiOs)2,
mp-12119,Cs(FeSb)2,
mp-12137,Ca(ZnSi)2,70.02518374
mp-10527,Y2AlSi2,84.14344195
mp-10528,Ho2AlSi2,
mp-10529,Er2AlSi2,
mp-10530,Tm2AlSi2,
mp-10531,Lu2AlSi2,
mp-2336,PrAl4,
mp-10554,Ca3TlN,
mp-10581,Nd(AlGe)2,
mp-16765,Zr2Te2P,26.67885925
mp-10601,Y3GaC,78.8719311
mp-10602,Sm3GaC,
mp-10606,Sm3TlC,
mp-10607,Lu3TlC,
mp-10609,Lu3SnC,
mp-10611,La3PbC,
mp-10666,Mn3AgN,140.8430184
mp-10668,Yb(SiAg)2,
mp-10674,Sm3AlN,
mp-1097716,Ca(CuSi)2,
mp-10675,Ti3AlN,163.2710393
mp-1246,Fe4C,
mp-10697,Sr(GeRh)2,
mp-10698,Ba(GeRh)2,
mp-10699,LuRh3C,
mp-10700,MgNi3C,175.6175469
mp-10706,ZrRu3C,256.8742513
mp-10708,PrRh3C,
mp-10714,TmRh3C,
mp-10712,ScRh3C,214.9677674
mp-10716,YbRh3C,
mp-10718,Sm3SnC,
mp-14625,NdCoGe3,
mp-10732,ThTaN3,
mp-1013737,Ba3SbP,
mp-12527,Ti2Te2P,20.67344647
mp-12572,CaPd3C,
mp-12625,U2TeO2,
mp-1097760,CsYbF3,
mp-12635,TiAu4,143.7843211
mp-10905,Al3Pt2,153
mp-10866,Np(GePd)2,
mp-10140,Sc3TlB,74
mp-1903,BaAl4,50.96427171
mp-12725,NbAgO3,190.2718647
mp-10918,Rb2PdC2,31.25196765
mp-10919,Rb2PtC2,36.77572504
mp-6957,Ce(FeP)2,
mp-10933,Nd2TeS2,
mp-2646,Mg3Sb2,42.20835623
mp-998552,BaHfO3,159.0215443
mp-12783,Sr(CdGa)2,
mp-10996,Yb(MgSb)2,40.84195048
mp-20388,Pr3PbC,
mp-12077,Y(FeB)2,
mp-12856,Pr(AlSi)2,
mp-12863,Ba(AlSi)2,42.06202314
mp-11107,Ac2O3,103
mp-20470,Gd2O3,
mp-11169,Ba(PIr)2,99.06576279
mp-11181,Cs(MnP)2,
mp-13060,Sc2O3,
mp-13063,Tb2O3,
mp-13064,Dy2O3,
mp-13065,Ho2O3,
mp-13066,Er2O3,
mp-13067,Tm2O3,
mp-13069,Er(AlGe)2,
mp-13068,Lu2O3,
mp-11269,BaSn3Pd,55.02000813
mp-13122,CeGe3Ir,
mp-13120,CeSi3Ru,
mp-13125,PrCoGe3,
mp-13146,Ca3N2,
mp-12100,Lu(SiNi)2,
mvc-14685,V2ZnN2,
mp-15608,Ba(MnAs)2,
mp-545750,Li2PdO2,
mvc-15604,AlCrO3,-482
mp-1749,CaAl4,56.92250591
mp-1014454,Cr3N2,
mp-15968,Sm(CoSi)2,
mp-13400,Sm(CuGe)2,
mp-13405,Lu(MnGe)2,
mp-13431,Dy2AlCo2,
mp-13430,Nd2AlCo2,
mp-13432,Tb2AlCo2,
mp-28786,Zn(BIr)2,222.3777152
mp-15856,DyRh3C,200
mp-2123,Nb3Au2,172.8999653
mp-16032,Pr2TeO2,
mp-16033,Sm2TeO2,
mp-16035,Gd2TeO2,
mp-16036,Tb2TeO2,
mp-16037,Dy2TeO2,
mp-2866,Yb(FeSi)2,
mp-2289,CeAl4,
mp-16521,Al3Os2,203.3538908
mp-22609,Eu(CdP)2,55.17988432
mp-4195,Tm(NiGe)2,
mp-27942,Pb2ClO2,
mp-3286,Ce(AlZn)2,
mp-22615,Gd(SiAu)2,
mp-1094130,LiNO3,
mp-19062,NdCrO3,
mp-27962,CI4,
mp-3292,Tb(CoSi)2,
mp-27980,U(OF)2,
mp-20922,Dy3GaC,
mp-3296,Yb(GePd)2,
mp-3299,Sr(FeP)2,92
mp-27986,Np(OF)2,
mp-4229,Nd(AgGe)2,
mp-3301,Dy(SiPd)2,
mp-20933,Ce(CoGe)2,
mp-33029,Nd2O3,
mp-3303,Ce(AlGa)2,
mp-4230,Sc3TlC,97
mp-33032,La2O3,101.6931155
mp-33107,SF4,3.558809471
mp-19183,Li2NiO2,88.15870779
mp-20950,Nd(SiPt)2,
mp-4250,Tb(SiPd)2,
mp-33218,CuI4,
mp-3325,Ce(NiGe)2,
mp-30805,SrNiSn3,56.39793856
mp-3329,Tb(NiGe)2,
mp-4255,Ba(CuS)2,65.95146079
mp-20956,Gd(SiNi)2,
mp-4259,Ca(CoGe)2,97.26342105
mp-20963,Tb3PbC,
mp-20967,GdBPd3,
mp-4275,Sm(SiPd)2,
mp-24419,SrLiH3,
mp-1080191,Pd3N2,
mp-22653,Eu(SiAg)2,
mp-19252,K2NiO2,29.23565309
mp-19253,NdVO3,
mp-22657,Pu(SiRh)2,
mp-4291,Ho(NiGe)2,
mp-1000588,U2IrC2,
mp-22664,HoRh3C,
mp-19279,Li2MnO2,104.3650013
mp-20990,Pr3InN,
mp-20992,Ce3InC,
mp-4302,Nd(NiGe)2,
mp-30811,Ni4W,234.1477491
mp-28056,P2Rh3,
mp-20999,La3InN,
mp-21000,Dy(MnGe)2,
mp-4305,Er(CuSi)2,
mp-21001,Y(GeRu)2,
mp-22679,Ba(MnSn)2,
mp-22687,BaIn4,
mp-19322,BaMoO3,
mp-19328,NaWO3,191.2303738
mp-21022,Nd3InN,
mp-4323,Nd(SiPd)2,
mp-4334,Sm(CoGe)2,
mp-4337,Dy(GeRh)2,
mp-21028,Er3TlC,
mp-19353,PrCrO3,
mp-21031,Pd3PbC,
mp-21033,La(GePd)2,
mp-4354,Tl(NiSe)2,40
mp-22713,Ce2Ni2Sn,
mp-21043,RbPbF3,
mp-4366,Na2PtC2,51.5674167
mp-4384,Nb2CS2,34.30845812
mp-21057,La(GePt)2,
mp-4402,La(CoP)2,
mp-21070,Nd(GePt)2,
mp-4404,Sr(AsRu)2,
mp-4405,Rb3AuO,
mp-21076,EuRh3C,
mp-4415,Ho(CoGe)2,
mp-30834,SrSn3Pd,55.2778149
mp-21079,Tb(GeRu)2,
mp-21080,La(NiSn)2,
mp-21082,Dy(GeRu)2,
mp-4469,Tm(SiNi)2,
mp-22760,La(MnGe)2,
mp-4433,Ce(SiIr)2,
mp-21089,Ce(MnGe)2,
mp-4439,Pr(SiNi)2,
mp-4441,Ca(CuGe)2,78.25515829
mp-4448,Y3AlC,79.64670404
mp-4458,Th(MnSi)2,
mp-21113,Y(FeGe)2,
mp-4466,Tb(SiNi)2,
mp-28166,K3BrO,
mp-21118,Sr(MnGe)2,
mp-28171,K3IO,18
mp-4487,Er(MnGe)2,
mp-4488,Sr(FeAs)2,77.85301701
mp-614034,RbFeF3,
mp-22771,Pu(MnSi)2,
mp-29615,Ca(MnBi)2,32.58142472
mp-4511,La2SO2,
mp-21133,Np(MnGe)2,
mp-21135,Pr3InO,
mp-4520,Y(CuGe)2,
mp-4521,Tb(CuGe)2,
mp-22788,Eu(PRu)2,
mp-4539,Ho(CuGe)2,
mp-4547,La2TeO2,
mp-4562,La(GeRh)2,
mp-4563,Ti3TlC,145.7318275
mp-24851,NdCoO3,249
mp-24852,PrCoO3,
mp-19716,Sm3InN,
mp-24863,GdCoO3,
mp-24865,SmCoO3,
mp-21186,Mn3RhN,
mp-19726,Sc3InB,78.62395174
mp-2967,La(CoB)2,
mp-19743,LaFeGe3,
mp-3333,Eu(NiGe)2,
mp-24915,CeCrO3,
mp-24914,SrCrO3,
mp-29676,Dy3AlC,
mp-4611,Th(SiPt)2,
mp-29677,Ho3AlC,
mp-21206,Yb3GaC,
mp-4614,Tb(SiAg)2,
mp-2968,Sr(MnSb)2,33.70147562
mp-19753,Gd(SiPd)2,
mp-20885,Fe4P,
mp-4633,Yb(SiPd)2,
mp-19758,Sm3PbC,
mp-21221,Pr(FeGe)2,
mp-21224,Sm(GeRu)2,
mp-21225,Pu(SiOs)2,
mp-5135,Dy(CoB)2,
mp-21229,Eu(SiAu)2,
mp-19769,Tb3InN,
mp-19771,Dy(CoGe)2,
mp-4660,Tm(FeGe)2,
mp-19774,Eu(CdSb)2,38.475747
mp-19777,Yb3InC,
mp-21233,Ti3InN,153.11258
mp-19778,Nd3PbN,
mp-19787,Sr(GeRu)2,
mp-21240,Gd(SiRh)2,
mp-21244,Cr3RhN,
mp-25137,SmVO3,
mp-4725,Nd(GePd)2,
mp-25138,CeVO3,
mp-335,BaGa4,
mp-19805,U(GePt)2,
mp-4729,Er(MnSi)2,
mp-22958,KBrO3,15.26773899
mp-29727,Ta4O,
mp-19817,Y3InC,76.5678356
mp-19818,Dy3PbC,
mp-4742,Ho(GePd)2,
mp-21277,Gd(SiPt)2,
mp-19824,Ca(MnGe)2,
mp-22979,GaBiO3,
mp-21280,BaPbO3,
mp-19828,PuRu3C,
mp-22981,TlIO3,
mp-21281,Th(MnGe)2,
mp-29738,TlClO3,
mp-22988,CsGeCl3,
mp-19836,Tb3TlC,
mp-4764,Pr2SeO2,
mp-4767,Ce(SiOs)2,
mp-4768,Eu(SiNi)2,104
mp-19838,Pu(CrSi)2,
mp-19840,GdBRh3,
mp-21287,Gd(SiAg)2,
mp-4783,BaPrO3,
mp-23003,Ce2BiO2,
mp-755570,Li(NiS)2,69
mp-30909,Sm(GaPd)2,
mp-21292,Tm3InC,
mp-19847,Tm3InN,
mp-4793,U(SiPd)2,
mp-23011,RbClO3,
mp-19857,Ba(MnP)2,
mp-25489,Co(HO)2,
mp-2976,PrBPd3,
mp-28377,CsGeI3,
mp-4810,Pr(CoGe)2,
mp-21313,Mn3GaC,208.4227509
mp-4815,Pr(SiRh)2,
mp-19865,Ce(MgSi)2,
mp-21319,Ce3TlC,
mp-20047,Pu(SiPd)2,
mp-25546,Mn(HO)2,
mp-4823,Na2PdC2,45.79440071
mp-3385,Sr(PPd)2,104.7184246
mp-3388,U(SiRu)2,138.4721813
mp-510437,In3Pd2,88.71750013
mp-4836,Yb(MnSb)2,37.04466331
mp-3390,Y(CuSi)2,117.0707493
mp-19881,Dy3InC,
mp-975156,RbWO3,
mp-4861,Sr(CuAs)2,
mp-19897,Eu2TeO2,
mp-4865,Er(NiGe)2,
mp-19899,Dy3SnC,
mp-19900,La(GeRu)2,
mp-21366,Yb(GeRu)2,
mp-3398,Ho2Ni2Pb,68
mp-29798,TlBrO3,
mp-19907,In2Se3,
mp-23080,AlBiO3,
mp-4883,Ba(FeP)2,90.14083009
mp-10041,Tb3AlC,
mp-1097849,Ce(SiIr)2,
mp-4889,Y(GeRh)2,
mp-4896,Sm(SiPt)2,
mp-21383,Eu(SiRh)2,
mp-4903,Tm(CuSi)2,
mp-4904,Pr(SiRu)2,
mp-3097,Tb(SiRh)2,
mp-4908,Y(CoGe)2,129
mp-21392,Tb3InC,
mp-3406,U(SiPt)2,
mp-4911,Th(CuGe)2,
mp-34078,H3ClO,
mp-4920,Nd(GeRh)2,
mp-341,PbF4,30.55956321
mp-4924,Pr(CuGe)2,
mp-1013559,Sr3As2,
mp-21408,Gd(SiOs)2,
mp-4936,Yb(SiPt)2,
mp-1068312,CsCaF3,
mp-4939,Dy(FeSi)2,
mp-21415,Dy(NiGe)2,
mp-4950,KCaF3,
mp-19944,Sr3PbO,
mp-21421,Pu2SO2,
mp-21417,Eu(GeRu)2,
mp-19948,CeBPd3,
mp-4954,La(SiPd)2,
mp-21420,Nd(MnGe)2,
mp-1076711,SrCuO3,
mp-1076706,SmCuO3,
mp-18841,LaCrO3,
mp-1068396,LaCoO3,
mp-1076732,KCrO3,
mp-1017467,CaMnO3,
mp-975292,RbMoO3,158.9916806
mp-1076782,BaCoO3,
mp-542102,SrCoO3,134.2155345
mp-1076800,BaCuO3,
mp-1076820,MgCoO3,
mp-3614,KTaO3,
mp-974769,EuNiGe3,
mp-1076931,Eu(SiPt)2,
mp-1076933,GdAl3Cu,
mp-769864,Cs2NiO2,20.66926266
mp-1068422,EuGe3Pd,
mp-10690,EuCoGe3,
mp-1069379,GdCoSi3,
mp-1068267,SrMoO3,
mp-1076993,Gd2InNi2,
mp-11507,Ni4Mo,222.5206171
mp-4413,Th(SiRh)2,
mp-1077622,EuAgO3,
mp-574235,Yb(NiGe)2,
mp-22793,AlFe3C,230.120279
mp-569298,Ca(CoAs)2,83.22807232
mp-3163,BaSnO3,133.9595424
mp-21006,Ce(NiAs)2,
mvc-13889,Zn(FeN)2,
mp-20550,Ce3PbC,
mp-1068373,Th(CrSi)2,
mp-1013705,Sr3BiAs,
mp-1940,Th2N3,
mp-567522,CsPbCl3,
mp-601409,KVF3,
mp-1096862,CdHCl3,
mp-570100,Tm(NiP)2,
mp-1076324,BaFeO3,
mp-573995,Ho(CoB)2,
mp-1017548,Ca(BeP)2,
mp-13975,Er2SeO2,
mp-571436,SnI4,
mp-755288,LiFeCuS2,
mp-10259,Zr(NiP)2,177.3996733
mp-21128,Ca3PbN,
mp-998196,RbCuBr3,
mp-1080233,CsSrCl3,
mp-1080231,CsTlCl3,
mp-1097026,LaGaO3,
mp-1029330,Hf2SeN2,159
mp-1891,SmAl4,
mp-1096856,Ca3AsP,
mp-1001906,Dy(CrSi)2,
mp-1069538,CsPbI3,
mp-1013704,Ca3BiSb,
mp-3455,Er(NiP)2,
mp-22120,YRh3C,196.6452277
mp-1097006,KAlH3,
mp-1096927,CsCaCl3,
mp-1040472,KWO3,
mp-1094009,YAgO3,
mp-614005,VCuO3,38
mp-753943,Li2FeS2,
mp-1094052,Sm3AlN,
mp-644229,Sr(AlH)2,41.41153397
mp-1094072,Pr3AlN,
mp-1094082,Ni4O,
mp-1094085,Nd3SnN,
mp-1094090,Ni4N,
mp-1013564,Sr3BiAs,
mp-1094101,Nd3PbN,
mp-1094118,Mn3InC,
mp-1097916,CsCaCl3,
mp-1013560,Ba3As2,
mp-1013706,Sr3BiSb,
mp-978854,Sr(GaH)2,
mp-990552,Li2CuO2,
mp-1069676,Na3Cl2,
mp-1013587,Sr3Bi2,
mp-1070216,K(NiSe)2,
mp-1076585,SrFeO3,
mp-991909,LiEuH3,
mp-1017564,Eu2O3,
mp-990207,Mn3N2,
mp-990243,Ti2Cu3,
mp-1096800,LaScO3,
mp-601413,RbVF3,
mp-990876,Eu(AlGe)2,
mp-573479,Fe3NiN,
mp-1099918,NaWO3,
mp-911538,Ce3AlN,
mp-990967,CsEuF3,
mp-1002100,CeGaO3,
mp-675002,La(CoP)2,
mp-21477,RbIn4,
mp-1096854,Ca3As2,
mp-569310,Sr(POs)2,
mp-1099572,MnInF3,
mp-5591,U(NiGe)2,
mp-1018632,Ho(CuS)2,
mp-1018637,Tb(CuS)2,
mp-1018640,Tm(CuS)2,
mp-1018642,Y(CuS)2,
mp-8196,AgNO3,
mp-1096949,CuGeI3,
mp-4342,KNbO3,104.6154996
mp-1096983,H3CI,
mp-1096867,Cd(CuSe)2,
mp-906096,Ce2O3,
mp-755483,Al2O3,212.7614217
mp-1097061,CaTlF3,
mp-1097917,TlNiO3,
mp-1097773,Fe(NCl)2,
mp-1097873,NdB4,
mp-29666,Bi2Te2Se,13.80517488
mp-569344,Zr(CoSi)2,186.2264472
mp-13108,SrHfO3,152.285452
mp-6969,Sc(CuSi)2,120
mp-571147,Hf(SiNi)2,173.5293995
mp-1029337,Zr2SeN2,147.481113
mp-998306,CsPdBr3,
mp-1080226,CsTlBr3,
mp-569529,Ba2Bi3,
mp-11814,Rb2Au3,
mp-1071314,TaSe2,
mp-697836,SrUO4,
mp-7849,AlAsO4,23.85696541
mp-7848,AlPO4,26
mp-972892,MgHg5,21.2206853
mp-3040,TbCo3B2,
mp-782689,CoO2,
mp-6973,CsNaS,
mp-9845,RbCaAs,
mp-1077933,GdCu2,
mp-9827,RbHg2,
mp-982380,Li2Mg,
mp-754163,BeClO,
mp-7786,CsCu3S2,15.2398645
mp-568430,BaRh2,
mp-981747,Sm5Mg,
mp-9835,CoSb2,98.29731306
mp-7524,NbPSe,128.9917324
mp-973455,LiMg2,29.61769912
mp-962,SmZn2,
mp-7474,Cu2As,108
mp-7598,NbAs2,124.4721956
mp-7751,PuPt5,
mp-973307,Mg5As,
mp-9587,TaMoN,290
mp-973374,LiMg2,28.22007122
mp-8211,GaGeTe,14.3513061
mp-9574,NaBeSb,34.76277652
mp-9573,NaBeAs,45.40618523
mp-6954,SrAgAs,
mp-9562,LiBeAs,
mp-766,As2Ru,149.3318386
mp-9556,SrZnSi,49.22280647
mp-973147,Mg5Sc,
mp-982261,PbSe2,
mp-9293,EuGeAu,
mp-1025149,Ti2B,
mp-21471,LiFeAs,68
mp-9488,SmOF,
mp-8456,SrAsPt,72.10731919
mp-8453,RbNaO,
mp-8452,NaLiS,
mp-9463,ZrGeSb,
mp-981935,Li5Mg,17.30918655
mp-973750,LuTe2,
mp-9439,YbCuSb,
mp-981252,YMg5,
mp-1038976,CeMg5,
mp-8407,Li3LaP2,
mp-8406,Li3NdAs2,
mp-8405,Li3LaSb2,
mp-1039275,CaZn,
mp-568083,LaNi2B2C,81
mp-9010,RbAuS,14
mp-9008,RbTeAu,
mp-973585,LuIO,
mp-969,YbAl2,
mp-761,CeCu5,
mp-8374,Na2S,
mp-9386,CsAu3Se2,1
mp-9385,RbAu3Se2,
mp-9384,CsAu3S2,
mp-9351,LuGeAu,
mp-7224,ThC2,
mp-7291,CrP2,
mp-12571,HfBeSi,147.6364567
mp-7438,KZnSb,23.79837325
mp-6948,KNaO,
mp-9350,ScGeAu,100.0612768
mp-973372,MgIn5,
mp-7738,LaSeF,
mp-7437,KZnP,36.08163999
mp-984703,CeGe5,
mp-672290,EuPPt,
mp-8231,ZrSO,168.2000135
mp-684904,K2O,
mp-6919,ScSnAu,82.17715966
mp-6917,TmAgSn,67
mp-973295,Mg5Hg,
mp-7436,KCuTe,28.80313787
mp-8220,LiTb(CuP)2,
mp-7435,KCuSe,34.11182222
mp-7434,NaCuTe,35.71171706
mp-7433,NaCuSe,41.42068771
mvc-13455,MoN2,167.6138424
mp-8146,SrPuO4,
mp-8137,NpSO,
mp-8136,ThSO,
mp-771676,MnSbO4,
mp-8119,PrCuSi,
mp-811,BaPt5,147.6469572
mp-981699,SmZnIn,
mp-7424,BPd2,179
mp-764309,VOF,45.50520438
mp-7421,KZnAs,30.94499424
mp-7420,KHgAs,
mp-9289,ZrSnTe,81.76147776
mp-9277,Ce2CrN3,
mp-1039528,CaMg2,
mp-8121,SmCuSi,
mp-9264,NaTeAu,
mp-7400,NaAlGe,36.21134569
mp-9250,RbLiSe,
mp-33670,NbIrS4,
mp-979459,Sm5Mg,
mp-655234,CrCl2,
mp-9235,LaNiSb,
mp-9219,LaB2Pt2C,
mp-981382,MgHg5,24.55997795
mp-1077715,CoTe2,
mp-7359,BaAgAs,
mp-7723,NaAlF4,
mp-978991,TmMg5,
mp-9025,YSiAu,92.98982128
mp-981214,SrMg5,
mp-9024,LuSiAu,
mp-9023,ScSiAu,113
mp-684,BaS2,
mp-5019,YCo3B2,205
mp-8969,Mg2Ni3P,129.7740293
mp-754466,Li2AgF3,
mp-8950,NdAsPd,
mp-8951,SmAsPd,
mp-8949,NdAsPd,
mp-8948,CeAsPd,
mp-7247,CeZn3Cu2,
mp-1019258,SrF2,
mp-6646,HoNi2B2C,175
mvc-11360,BiOF,
mp-980664,UBiSb,
mp-8911,CuAgS,45.91465236
mp-22085,DyCuPb,
mp-568574,LaGeI,
mp-7225,CeAl2Pt3,143
mp-1094885,Ce5Mg,
mp-8799,RbNaS,13
mp-8790,Ba2CuO3,80.79056355
mp-877,Er2In,
mp-8751,RbLiS,
mp-771686,NbCrO4,164.8897036
mvc-13496,BiF5,
mvc-13461,CrN2,
mp-780811,NbVO4,166
mp-978274,MgCd,42.41226251
mp-978259,Mg2As,
mp-7715,AgF2,
mvc-13391,TiO2,
mvc-13245,SnO2,
mp-998915,K2O,
mp-998914,K2O,
mp-1039536,CaMg,
mp-677,SrCd2,
mp-684653,Cu2Se,
mp-754540,CaPbI4,
mp-9908,Ba2Sb,
mp-977273,MgRh5,197.5571403
mp-977250,Pm5Mg,
mp-907862,UTe2,
mp-753209,LiAgF4,
mp-684604,CuS2,
mp-1039028,CaMg5,
mp-684602,W2C,333.4274177
mp-714975,MnO2,
mp-7192,Sc2Sb,72.740025
mp-753575,BaCaI4,
mp-979081,TmMg5,
mp-7170,UTeP,
mp-7135,TbS2,
mp-10394,CrCoGe,174.5738686
mp-977056,MgPt5,
mp-766325,BaCaI4,
mp-1077425,MnSn2,
mp-1094711,CeMg5,
mp-634979,TbOF,
mp-634900,SrUO4,
mp-9936,DyBC,
mp-7493,CaSb2,
mp-978985,SnBr2,
mp-23163,CsBi2,
mp-976944,Li5Mg,
mp-7097,ThAs2,
mp-976891,MgPb5,
mp-676414,Al4CO,
mp-10137,UB2Ru3,
mp-1112,CeCo2,
mp-976239,LiMg,25.63141097
mp-977122,Li5Mg,
mp-9945,CoTe2,84.59588251
mp-1071734,UBC,
mp-634896,YOF,
mp-978846,SnI2,
mp-980663,Yb2Mg,
mp-1071320,Co2B,
mp-7089,KMgSb,22.60402844
mp-12743,CrTe4Au,
mp-1071569,ZrCo2,
mp-907750,LiMnAs,
mp-684670,PtCl2,
mp-978695,SmFeP,
mp-1080387,GdCo2,
mp-1094327,SrMg,
mp-917643,CeSbTe,
mp-1018699,EuZnGe,
mp-747,BaPt2,103
mp-31324,Li2In,
mvc-11573,VO2,
mvc-11070,FeS2,
mvc-11047,MnS2,
mvc-11038,SbO2,
mp-990536,CeMnNi4,
mp-1077486,YCo2,
mp-681,EuZn2,
mp-611758,MgMnGe,80
mp-978292,MgP,
mp-978288,MgNi,
mp-978090,PrGeRu,
mp-862773,TeI2,
mp-6794,LaB2Rh2C,
mp-2207,NbSe2,22.65757791
mp-3092,DyB2Ru3,
mp-569151,MnGaPt,122.4316308
mp-20639,BaMnGe,
mp-570454,TaN,237.1526736
mvc-15427,WN2,
mp-1024,CaGe2,
mp-1094479,MgZr,
mp-9985,NbNiB,239.2049541
mp-9984,SnS2,
mp-9978,ErSe2,
mp-639756,DyIn3Cu2,
mp-21335,UTe2,
mp-9937,USbSe,
mp-22514,Mn2Sn,94.96224385
mp-754403,ZrO2,174
mp-9930,UPSe,
mp-9919,LiZnSb,46.52381618
mp-20193,DyCo3B2,
mp-9915,LiBeP,
mp-638079,Gd2In,
mp-638018,UGeS,
mp-990436,ScClO,
mp-638,SrZn5,52.98076365
mp-977207,Li2Mg,20.58134217
mp-9899,BaAgP,
mp-9898,BaCuAs,52.67296312
mp-8677,ZrTiTe4,15
mp-636253,GdCu5,
mp-977059,MgPd5,142.3333619
mp-1077053,CsMnBi,
mp-976976,MgPd5,139.0384844
mp-7698,NdS2,
mp-992038,HoNi5,
mp-8658,CsNaSe,
mp-1094723,CeMg2,
mp-1094933,Ce2Mg,
mp-8655,SmSiRu,
mp-8654,PrSiRu,
mp-8653,CeSiRu,
mp-1094213,MgSn2,
mp-975652,PrTe2,
mp-8644,BaF2,
mp-982734,WN2,
mp-1076990,NdCo2,119
mp-745,ThMg2,
mp-2206,LuCo2,
mp-769789,LiFe2O3,127.859577
mp-1025129,TmSnGe,
mp-1072078,CeSi2,
mp-1025115,CdIBr,
mvc-15907,WF5,
mvc-15892,MoF5,
mp-989651,HfTeSe4,
mp-1025023,TbCBr,
mp-974974,RbMg,
mp-1094616,MgGa2,
mp-917274,EuGa2,
mp-1024947,YbBi2,
mp-989197,GeClF,
mp-989196,SbClO,
mp-6191,CeB2Rh2C,
mp-989195,ScClO,
mp-989194,SnBrCl,
mp-989193,SnBrF,
mp-989192,SnClF,
mp-989191,SbOF,
mp-989190,ScBrO,
mp-989189,SbBrO,
mp-988996,FeSbAs,
mp-6140,PrNi2B2C,
mp-9873,EuZnGe,
mp-862871,PbCl2,29.44507687
mp-862868,PbBr2,23.39098578
mp-951,CeRh2,
mp-1077581,EuPPt,
mp-2085,PrCo2,
mvc-3500,CrO2,
mp-542757,EuClO,
mp-864801,YbO2,
mp-21330,EuAgAs,
mp-22335,GdB2Ru3,
mvc-14314,CrF5,
mp-8539,SrSnP,
mp-5992,LaB2Ir2C,
mp-947,Au2S,
mp-985439,BaPAu,
mvc-13958,SbF5,
mp-1094530,Sr5Mg,
mp-946,PrIr2,
mvc-13836,TaF5,
mvc-13742,VS2,
mp-974768,Rb2Mg,
mp-5938,SrCu2O3,93.96889272
mp-9743,SrAsPd,62.63641644
mp-1725,CaZn2,44.50458607
mp-3718,ThTeO,
mp-5606,AlTlF4,58.73576103
mp-606680,CsLi2Br3,
mp-19895,NiSb2,87.51054095
mp-842,CaPt2,132
mp-510098,EuAu5,
mp-7030,LaSiNi,
mp-809,ThCo5,
mp-7025,RbTeAu,
mp-11535,NpOs2,
mp-1909,LaMg2,36.35810301
mp-7915,ZrSiO,
mp-20761,LaCoGe,
mp-7905,SiO2,
mp-1039443,MgCd,
mp-1607,YbCu5,88
mp-973019,LiSm(CuP)2,
mp-18728,NaFe2O3,119.740268
mp-6982,ErB2Rh2C,
mp-972954,MgCd2,43.07799738
mp-7568,ThSb2,
mp-983609,MgIn5,
mp-6754,TmNi2B2C,
mp-675025,SbRhO4,188
mp-7826,HgO,
mp-840,SmRh2,140
mp-5729,YAgSn,
mp-3165,RbMnSb,
mp-5313,HoCo3B2,
mp-8352,SiO2,147.0350081
mp-833,CaPd2,94.2575985
mp-569,NdCo5,
mp-3217,USeO,
mp-819,HfCr2,190.5163595
mp-3208,ZrGeTe,58.04551922
mp-5311,UBN,
mp-5111,YbCuGe,
mp-928,HoIr2,
mp-10059,ZrCo3B2,243.9962071
mp-916,DyPt2,
mp-5919,SmTiGe,
mp-912,LaPt2,
mp-5910,CaCuSb,52.424619
mp-573614,EuCd2,
mp-568,TiSb2,88.85072033
mp-5869,Ca2CuO3,113.4417991
mp-3037,UTeO,
mp-7811,SrSO4,
mp-5848,ErZrSb,
mp-3799,GdSF,
mp-565,Sn2Rh,108.1430195
mp-5646,NdSnAu,
mp-1018806,MoSeS,
mp-5239,NdSiRu,
mp-2903,UAl3Ni2,
mp-319,Sm2Tl,46
mp-890,NdIr2,
mp-5760,NdSF,
mp-3077,SmAlGe,
mp-5068,DyZrSb,
mp-2816,Nd2Tl,
mp-1094984,Ce2Mg,
mp-1025011,FeNiSn,
mp-7028,YbOF,
mp-7950,ThSeO,
mp-11533,ZrZnNi4,166.8199115
mp-7003,CePPd,
mp-7935,USbTe,
mp-685999,Ag4SI,
mp-7932,USiS,
mp-7918,HfGeS,127.3609373
mp-7917,HfGeSe,111.8432058
mp-7916,HfSiS,135.0926709
mp-21055,CeGe2,
mp-1025063,LiAlPt,
mp-1025144,CeGaGe,
mp-1025136,EuAl3Cu2,77
mp-1025128,LaCuPb,
mp-1071400,UGe2,
mp-1025119,LaScSi,
mp-1025108,GdAlGe,
mp-1025102,CeAl3Pt2,
mp-1025099,TbGaI,
mp-1025098,ThSiPt,
mp-1025087,NdNiSb,
mp-1025082,LaSbPd,
mp-1025079,EuAsPd,
mp-1025077,TbSe2,
mp-1025041,ThB2Pd2C,
mp-1025039,PbS2,
mp-1025030,ErPt5,
mp-1025045,TiGaPd,
mp-1025028,PrSiAg,
mp-1025029,PrHSe,
mp-1025025,ThCoSi,
mp-1025017,NdSi2Ru3,
mp-1024999,HoCr2Si2C,
mp-1024998,ScCoSi,
mp-1024989,YB2Pd2C,
mp-976843,Li2Mg,243.1853333
mp-1024988,LiYb(CuP)2,
mp-1024986,CeSbPd,
mp-1024975,CeB2Pt2C,
mp-1024969,NpF5,
mp-1024964,PrSbPd,
mp-1024958,ZrHCl,-41
mp-1024956,LaB2Pd2C,
mp-1094605,LiMg2,
mp-1024955,PrNiSb,82
mp-1024954,HoCuSn,
mp-976425,Nd2Mg,
mp-1024963,TbCo2B2C,
mp-972454,Sm2Mg,
mp-755137,BiO2,
mp-2109,CePt2,
mp-976262,LiMg,25.21674618
mp-622508,GdSi2Rh3,
mp-976244,LiMg,
mp-607182,GdCuSi,
mp-1025043,UAl2Cu3,
mp-1077784,NaMnBi,
mp-1018953,PuSbTe,
mp-1019107,PuTe2,
mp-1018711,GdZnIn,
mp-1018705,GdCuPb,
mp-976982,Li2Mg,21.02533084
mp-336,SmCo2,
mp-976885,Li2Mg,
mp-775621,MnOF,104
mp-775620,CoOF,101.3450864
mp-976802,KF2,
mp-755336,NdIO,
mp-755323,DyClO,
mp-755302,TiNbO4,162.3347737
mp-974603,HgF2,
mp-974591,Rb4NO,
mp-1025051,YbB2Rh3,
mp-1077254,ScAl2,
mp-715,ZrIr2,246
mp-7105,NdSi2,
mp-650,Be5Pd,146
mp-972408,UBiTe,
mp-568559,YbAg2,
mp-752637,HoBrO,
mp-753594,BiOF,
mp-753581,LaUO4,
mp-646926,GdRu2,
mp-868632,MnOF,
mp-33104,Sm2O,85
mp-20195,LaMnGe,
mp-753490,TiCuGe,132.3842491
mp-973981,LuBrO,
mp-976128,Hf5Sc,
mp-973953,NdCl2,
mp-978269,MgZn2,63.30163125
mp-1029357,NaZnN,66.69578712
mp-7804,HfCo3B2,254.5640831
mp-1080313,CeSe2,
mp-1094035,UGaCu,
mp-10112,LaB2Ir3,
mp-643043,RbHO,
mp-753173,HoIO,
mp-753163,HoIO,
mp-753162,Li2BiO3,
mp-764338,FePO4,16.73462545
mp-975666,PrBrO,
mp-753059,TiOF,36.86229612
mp-995184,HC2,
mp-995,EuIr2,
mp-995147,PbBrCl,
mp-705439,CuO2,
mp-752949,BiOF,
mp-676049,KBF4,
mp-684583,CsO2,
mp-764258,MnOF,
mp-637771,ZrInNi4,160.818512
mp-1071822,SnO2,
mp-690490,TiVO4,224.7567765
mp-27702,InClO,
mp-505016,CsMnAs,
mp-690470,NbCrO4,201.8585146
mp-766952,LiVF4,
mp-636614,YPb2,
mp-863076,NbBiO4,75.80996191
mp-634676,KHS,13.78633927
mp-634657,NaHS,
mp-764219,CrOF,
mp-2768,Ba2As,
mp-863764,TeBr2,
mp-4962,CoSbS,112.7891948
mp-19959,LuTiGe,
mp-4973,CeSF,
mp-30993,LaIO,
mp-568006,DyFe5,
mp-21436,GdCuSn,
mp-310,NpCo2,
mp-4997,ZrGeS,119.3588107
mp-23173,HgI2,2.733452376
mp-21463,PrTiGe,
mp-29881,Ca3SiBr2,
mp-31018,SrAgBi,
mp-5031,TaSiAs,
mp-20024,LaCuSn,
mp-23214,CaCl2,31.23958995
mp-973906,LuGe2,
mp-20049,LiFeP,80.3288525
mp-5042,YTiGe,87.26802339
mp-1039233,CaMg2,
mp-31049,NdO2,
mp-28572,LaBr2,
mp-23267,BeCl2,4
mp-20070,GdTiGe,
mp-23279,KBi2,
mp-20074,SrIn2,
mp-20075,TbMn2,
mp-23292,HgBr2,4.235485627
mp-20084,GdRh2,
mp-20089,GdFe2,
mp-34289,TiNbS4,19.41879671
mp-31080,YAlSi,88.44270169
mp-3109,UGeTe,
mp-34337,H4NCl,
mp-21050,UFe2,
mp-1024941,YB2Rh3,
mp-715261,MnO2,
mp-19754,TmCoC,
mp-20119,PtO2,
mp-34380,HoTaO4,
mp-34381,H4IN,
mp-20127,NpAsSe,
mp-34460,Ag3AuS2,
mp-23378,EuAgBi,
mp-30028,YSi2Rh3,174.0869825
mp-31141,SrBiAu,
mp-31145,BaCuBi,36.78057963
mp-31147,BaZnSi,43.93357082
mp-31148,BaZnSn,34.54577155
mp-1071209,ErCo2,
mp-9846,RbCaSb,
mp-30053,NaCN,23.00411666
mp-31184,AlFe2,
mp-773137,KCaBi,
mp-504687,USnTe,
mp-1077714,PuIO,
mp-504691,LiMnP,
mp-504727,EuBrO,
mp-1077048,ZrCo2,
mp-20227,NaMnP,
mp-20230,PuOF,
mp-20233,CaMnSn,
mp-3465,LaB2Rh3,
mp-20237,CoNiSn,
mp-28755,GdCBr,
mp-27246,LuSBr,
mp-20245,CeFeSi,
mp-30139,BeBr2,1.016006016
mp-20304,RhN2,
mp-20338,CeAl3Ni2,
mp-30182,ThAl3Ni2,
mp-21847,KMnAs,
mp-27311,LaCO,
mp-3486,KSnSb,
mp-1011697,Cs2Se,
mp-1077477,CeCo5,
mp-20333,PrMnSi,
mp-551798,AlPO4,
mp-3494,CeGa3Pd2,128
mp-504928,NaCu3Te2,
mp-34982,Ag3AuS2,
mp-21890,NdCoSi,
mp-21891,PrSi2Mo2C,
mp-1025024,LuB2Rh3,
mp-505005,CeSiOs,
mp-1077250,DyFe2,
mp-21899,UZnNi4,
mp-23759,SrH2,
mp-540284,CuPO4,32.07891873
mp-4454,CeCo3B2,
mp-20426,Fe2As,140.2355989
mp-20434,GdSnAu,
mp-755263,CrS2,29.46953909
mp-30273,AcClO,67
mp-30274,AcBrO,
mp-28928,DySBr,
mp-28929,DySI,
mp-35404,Na2CeO3,
mp-3186,TbB2Ru3,
mp-28944,BiTeCl,
mp-28945,Si2NiP3,105.0388825
mp-23859,CaHCl,
mp-23860,SrHCl,
mp-20478,LuTiSi,
mp-23861,BaHCl,
mp-23862,BaHI,
mp-30584,HoCu2,
mp-23891,NaHO,
mp-23896,LuHCl,
mp-30332,BaAgBi,
mp-27439,TmIO,
mp-1039462,Ca2Mg,
mp-570811,PrRe2,
mp-3570,NdPPd,
mp-30352,NaAg2,
mp-20531,NdCoGe,69
mp-23940,NaHO,
mp-30364,BaAu5,
mp-20536,CoSn,126.54192
mp-22108,HoTiGe,
mp-27471,NbPS,135.8227796
mp-3579,UGeSe,
mp-358,HgTe,
mp-20552,Cr2As,165
mp-20553,GdMnSi,
mp-22141,BaIn2,
mp-27484,Tl2O,
mp-22142,SiSe2,
mp-3589,BPO4,60.33753875
mp-2265,TbCo2,
mp-20568,LaAgGe,
mp-31348,Sc2In,65.01425877
mp-22149,DyGeAu,
mp-27496,YUO4,
mp-22152,NaFeAs,50.14053776
mp-27502,CNCl,
mp-20599,PdPb2,66.04928373
mp-29055,KSb2,
mp-505331,CeMnSi,
mp-20608,Tb2In,
mp-505332,LaFeSi,
mp-30418,SnAu5,114.3906678
mp-20612,NaMnAs,
mp-30423,VAu2,126.8553508
mp-361,Cu2O,111.5677674
mp-22179,YTiSi,89.45376046
mp-20626,DyTiGe,
mp-22188,DyCuSn,
mp-30434,BaTl2,
mp-30435,BaZn2,27
mp-510164,Fe2Sn,
mp-22197,UNi4Sn,
mp-27546,CaClF,
mp-1072104,GeO2,
mp-20637,SmCuPb,
mp-1080381,SmB2Ir3,
mp-20644,PuPt2,
mp-22714,LuCoC,
mp-30451,SrCuBi,40.21201767
mp-36248,H4BrN,
mp-22217,CePd5,
mp-20660,NpAl2,
mp-36329,SrUO4,
mp-30481,CaPt5,166.4040268
mp-30487,EuCd2,
mp-22256,NdMnSi,
mp-20686,Ho2In,
mp-27616,ErSCl,
mp-20690,NdFeSi,
mp-22065,UGePt,129.1619006
mp-20698,LiCoAs,54.31116436
mp-24204,CaHI,
mp-24205,SrHI,
mp-20706,EuPPd,
mp-22274,HoTiSi,
mp-29149,Li4NCl,
mp-30507,CeIr5,
mp-22277,EuCuAs,
mp-22282,LaIn2,
mp-36734,CeThO4,
mp-20721,NpTeAs,
mp-3676,MgCu4Sn,100.2738072
mp-1072199,PuB2Ir3,
mp-30521,ThCN,
mp-20732,EuAsPt,
mp-31402,Sm2GeRh3,
mp-27726,SO2,5
mp-1013900,TiSCl,
mp-22331,NdTiGe,
mp-1077506,BN,
mp-31412,PrSnAu,
mp-20756,LaTiGe,
mp-20757,MnAlGe,113.9227652
mp-20760,La2In,
mp-31413,TbSnAu,
mp-20762,USnPd,
mp-31414,DySnAu,
mp-27703,InBrO,
mp-27705,Li2Si,33.18496697
mp-20774,NdCuSn,
mp-27716,KTlO,
mp-16373,UGe2,
mp-780818,TiVO4,
mp-20766,CeCuGe,
mp-27724,BPS4,
mp-30530,TlClO4,
mp-20791,MnVAs,106.475127
mp-31420,CeAgSn,
mp-27743,BiF5,14.56024001
mp-31421,PrAgSn,
mp-1094199,Mg5Sn,
mp-552934,Ba2CuBrO2,40.73780376
mp-31422,TbAgSn,
mp-20803,USbAs,
mp-1038972,MgCd,
mp-29240,LaSi2Ru3,
mp-2723,IrO2,270.023851
mp-29254,PrIO,
mp-20822,TbMnSi,
mp-37949,NdSiAg,
mp-31438,YZrSb,80.08935513
mp-31440,LuZrSb,
mp-1058,PdF2,94.14558132
mp-27823,SmClO,76.36869056
mp-38103,NaClO4,
mp-22475,EuSbAu,
mp-31447,TbAgPb,
mp-20862,CoSe2,106.025249
mp-1094140,MnGe2,
mp-22480,GdScSi,
mp-20865,YCuPb,67.72134881
mp-20869,GdTiGe,
mp-31449,HoAgPb,
mp-22488,Co2C,
mp-20879,CaHgPb,
mp-20880,NdAgPb,
mp-27857,PdBr2,
mp-22505,GdAl3Pd2,
mp-27863,AlClO,29.14356563
mp-38511,Ag2S,
mp-29327,SmBrO,
mp-22532,TbTiSi,
mp-38818,HfNbB4,269.4952465
mp-29352,Ba2PdO3,86.21364609
mp-11594,PrB2Ir3,
mp-30566,Ti2Co,128
mp-1072856,PrZn2,
mp-30571,Tl2Au,
mp-27934,CdBr2,10.43516061
mp-30578,DyCu5,
mp-22595,UAsSe,
mp-3923,Th2MnN3,
mp-30587,MgInCu4,97.07506077
mp-3927,CaAsAu,57
mp-3931,SmSF,
mp-3938,ZrSiS,124.5792581
mp-394,CeZn5,
mp-5339,CsNaTe,
mp-1072507,TiNCl,
mp-1077287,EuOF,
mp-30600,TmCu5,
mp-30621,DySi2Rh3,
mp-3992,PrSF,
mp-30613,ErSn2,60
mp-400,NdAl2,
mp-30620,DyRh5,
mp-30625,Dy2Tl,
mp-30627,DyZn5,
mp-30630,EuTl2,
mp-4075,TbZrSb,
mp-991624,CeAl3Pd2,
mp-4083,MgCuAs,74.48033833
mp-30651,MgGa2,50.11272574
mp-410,YbPt2,
mp-4120,CaCuAs,62.90247144
mp-413,UP2,
mp-12985,PrCo2B2C,
mp-31596,CoReO4,162.7666119
mp-1038937,Ca2Mg,
mp-30683,ZrGa2,99.77553645
mp-30708,HfNi2,
mp-542568,EuAg5,
mp-571387,MgCl2,
mp-567077,SmB2Rh2C,
mp-30717,KHg2,
mp-5334,YbSbAu,
mp-5369,PrB2Rh3,
mp-5347,KAlF4,57.37337895
mp-5365,DyCuSi,
mp-30723,Th2Hg,
mp-556911,FeF2,97.11733904
mp-715488,CrO2,
mp-5353,ErCo3B2,
mp-567197,YSnAu,78.36050635
mp-554962,CsK2CoO2,
mp-569264,NdIr5,
mp-567229,LuAlSi,
mp-5394,LaSF,
mp-540,ScFe2,127.9136822
mp-569272,Cs2Se,
mp-556939,NpIO,
mp-559278,K2S,
mp-505536,CeTe2,
mp-542777,CePt5,
mp-567279,ZnCl2,9.27843353
mp-30743,TmIr2,
mp-1077151,EuZnGe,
mp-567299,KC2IN2,
mp-569294,NdB2Rh2C,
mp-30753,LaPd5,
mp-567406,SmZn5,
mp-1077351,ZrGaCu,
mp-30764,LiPt2,136.4946426
mp-1098706,CeSe2,
mp-15624,Sr2Sb,
mp-773462,MnTeO4,
mp-758558,SbNO,
mp-624668,BaSb2,
mp-1025065,LaMn2Ni3,
mp-628705,YbFeGe,
mp-770997,Li2HfO3,125.1644309
mvc-12894,FeO2,
mp-757070,BaCaI4,
mp-864616,ICl2,4.061161968
mp-861564,VOF,
mp-850131,NiS2,26.76645859
mp-2695,Sb2Os,129.4091123
mp-1018693,Eu2H3Cl,
mp-1077393,TmB2Ir3,
mp-1077743,BC5,
mp-1077442,CeAu2,
mp-761361,VSnO4,202
mp-672705,YbS2,
mp-864918,NpN2,
mp-685150,PbF2,
mp-632,TmCo2,
mp-849971,LiVF4,28.38343792
mp-25214,NbO2,
mp-1638,SrAl2,48
mp-684668,CaC2,58.02749467
mp-1077457,Eu,
mp-755689,ErClO,
mp-2947,SmB2Rh3,
mp-755459,Rb2O,
mp-863016,RbF2,
mp-755455,CuTeO4,
mp-755060,Cs2O,
mp-755056,CaPbI4,
mp-861189,LiCuS,
mp-5678,ErB2Rh3,
mp-774873,NbS2,
mp-754852,BaSrI4,
mp-1094286,SrMg,
mp-21433,TbTiGe,
mp-1039273,CaMg5,
mp-1039136,MgCd,
mp-9220,SmNi2B2C,
mp-1077435,NbO,
mp-850099,CuS2,
mp-6092,TbNi2B2C,
mp-639690,PuS2,
mp-770596,TaCrO4,
mp-770595,Li2CrO3,121
mp-760410,BePO4,19.5335754
mp-760385,In2Ag,
mp-1018948,Re2N,
mp-760382,ThUO4,
mp-6098,ErNi2B2C,
mp-813,ScAl2,87.80571071
mp-6102,NdNi2B2C,
mp-865934,YbF2,
mp-865716,YbCl2,36.0668931
mp-766953,LiVF4,47
mp-863,PuCo2,
mp-1025137,NpNi5,
mp-759883,BiOF,
mp-770485,CrGaO4,
mp-773864,TiSnO4,164.9539797
mp-636316,EuIn2,
mp-635456,EuCuBi,
mp-861891,SeBr2,
mp-861871,SeI2,
mp-778780,VBO4,20.30491719
mp-1077325,ZrBrN,
mp-632657,ZrNCl,28.30483074
mp-2812,HoFe5,
mp-1039217,MgCd2,
mp-677335,GaPO4,26.70547122
mp-1025071,YbB2Ir3,
mp-543019,GdNi2,
mp-773543,Mn2O3F,
mp-773534,TiFeO4,145.8459227
mp-2613,LaCu5,
mp-1594,Ni2Ge,177
mp-773450,TiCrO4,180.7003259
mp-676861,AlSbO4,197.6583593
mvc-11154,VO2,
mp-858,TmAl2,
mp-754526,TmBrO,
mp-603,Be2Ag,129
mp-571044,CeSi2Ir3,
mp-29619,Sr2Bi,
mp-763351,Fe2O3F,133.3754821
mp-20928,Sb2Ru,115.5985679
mp-11363,TbCu5,
mp-21090,MnNiGe,130.5938243
mp-770002,AlCrO4,189
mp-777546,NaSnO,
mp-714944,VO2,
mp-714929,CrO2,
mp-756006,LiSbS,
mp-991142,NdNi5,
mp-714883,MoO2,
mp-318,SrIr2,
mp-754113,TmClO,25
mp-2536,Ni2B,249.784636
mp-5714,TmCo3B2,
mp-756702,PrBrO,
mp-514,HfZn2,113.1587498
mp-25517,FeO2,
mp-675172,TaAlO4,212.3207519
mp-771809,CrSbO4,
mp-675127,FeSbO4,177.65148
mp-644424,Sr2CoO3,79.15211424
mp-28705,CaB2Rh3,
mp-776081,K2O,
mp-529,SmMg2,
mp-7186,NdAl3Ni2,
mp-582,CeIr2,
mp-1072202,TaS2,
mp-753775,BaCaI4,
mp-756134,ZrSeO,143.2560233
mp-672350,ZrNCl,
mp-507,SiNi2,202.7722085
mp-281,YbCo2,
mp-752463,NbNO,178
mp-1019271,TaN2,
mp-1072953,TaV2,
mp-715178,FeO2,
mp-1024990,LuB2Ir3,
mp-20345,GdCoC,
mp-769670,CrIrO4,
mp-8124,YbCuSi,
mp-772598,MnO2,33
mp-769647,VOF,146.1871425
mp-8126,YCuSi,90
mp-1025134,HoCu4Pd,127
mp-755646,LiCuO,37.61959271
mp-1019281,Ta2N3F,
mp-1025124,FeCoSn,
mp-1025116,TmCu4Ag,
mp-601195,CuO2,
mp-1025113,DyInPt4,
mp-626721,RbHO,
mp-20432,Fe2Ge,137.8183596
mp-755594,ZnReO4,
mp-626716,KHO,
mp-614918,YClO,
mp-1025066,ErInCo4,
mp-1025047,FeCoGe,
mp-755565,HoBrO,
mp-1025033,LuInCo4,
mp-755523,TaS2,
mp-1025022,HoInPt4,
mp-613652,PbClF,
mp-1025021,YbMgCu4,
mp-755480,KRbO,
mp-1025013,GdCu4Pd,
mp-755464,CeBrO,
mp-771247,CoTeO4,37.87981483
mp-1025010,Be5Fe,
mp-19983,TiCuSn,102.8130679
mp-1025009,CoNiSb,
mp-1025001,ErNi4Au,
mp-611712,RbNa2NiO2,
mp-1024994,HoCu4Au,
mp-1094773,CeMg,
mp-755435,Tl2Au,
mp-1024987,HoCu4Ag,
mp-1024983,ErInNi4,
mp-1024977,YbNi4Au,
mp-1024972,FeNiGe,
mp-1024962,HoInCo4,
mp-755413,Na2O,
mp-1024957,TmInCu4,
mp-610631,LaGeAu,
mp-1024940,DyInCo4,
mp-755074,CeOF,
mp-755072,Na2O,
mp-772295,TmClO,
mp-769173,PrOF,
mp-755007,CeOF,
mp-754969,TmBrO,
mp-696804,RbHS,
mp-608254,SmClF,
mp-772222,TmClO,
mp-764716,Fe2OF3,116.8685689
mp-623827,EuRh2,
mp-754875,TbSi2Rh3,
mp-754839,SnBiO4,
mp-1014373,CrN2,
mp-774160,NiTeO4,38.60684308
mp-607371,RuN2,
mp-849098,VS2,
mp-30585,HoCu5,
mp-1071439,CeMnNi4,
mp-626506,NaHO,
mp-22662,TiGaPt,162.6027054
mp-647604,PuIO,
mp-1019270,Ta2TiN3,
mp-9387,TbCuGe,
mp-768906,YBrO,
mp-606604,CsLi2F3,
mp-754631,NaCu2O3,71.0801065
mp-9389,HoCuGe,
mp-754534,Li2CeO3,
mp-754516,LiNiP,65.35267917
mp-754515,BaMgGe,32.7885594
mp-754503,ZrBrO,
mp-754478,HfZrO4,204.5846808
mp-754474,USiS,
mp-607004,CeAsSe,
mp-673,HoNi2,
mp-543057,MnO2,
mp-543096,NiO2,46.79277309
mp-30775,PrMg2,
mp-567484,PtCl2,7.891857016
mp-571493,YbHgPb,
mp-5446,Li2PrO3,
mp-1018890,PaP2,
mp-20994,TaO2,
mp-546279,ScBrO,22.34915054
mp-567503,PbI2,4.307422421
mp-545359,KNa2CuO2,
mp-1094772,CeMg2,
mp-571506,TmAlSi,
mp-5456,Sr2CuO3,97.82210364
mp-567572,GdCBr,
mp-570904,GaNi2,164.2362388
mp-546,HoRh2,
mp-546118,NaClO4,
mp-567626,MgZn2,47.85606781
mp-567630,Pr,
mp-546226,Ca2CuO3,
mp-546292,YbClO,
mp-1094875,CeMg,
mp-567695,UMn2,
mp-546633,KClO4,
mp-571542,CeAlCo,
mp-546711,CsClO4,
mp-567712,PrCoGe,
mp-715432,MnO2,
mp-567768,YbCuGe,
mp-569423,Ga,48.61517974
mp-5479,RbAlF4,55.92614218
mp-30808,TbNi5,
mp-567807,TmZrSb,
mp-567872,Ba2Bi,
mp-583202,MnNiGe,
mp-550759,RbClO4,
mp-567969,HoB2Rh2C,
mp-567974,Ca3SiBr2,
mp-5514,TbCuSi,
mp-551,BaAl2,42.32584856
mp-569482,LaSi2Ru3,
mp-568018,RbSb2,
mp-551470,Tl2O,
mp-568050,Ca3SiBr2,
mp-551685,Pb2O,
mp-568058,YbIn2,
mp-551758,AgClO4,
mp-1094873,Ce2Mg,
mp-1094557,MgSb,
mp-5519,HoGeAu,
mp-568100,ReNCl4,
mp-552120,YClO,
mp-7874,LiGaGe,
mp-552537,Sr2CuBrO2,
mp-568171,Nd2Al,
mp-552787,FeClO,27.63790183
mp-568337,ThRh2,
mp-568233,CdI2,5.989510295
mp-568258,Fe2Ge,
mp-553303,CsCu3O2,16.86370809
mp-568313,SiSe2,
mp-31725,CrBrO,
mp-568345,Fe,
mp-568346,HfBrN,38
mp-1039056,MgCd2,
mp-553942,Cu2S,
mp-553946,CoAsS,134.4627471
mp-568384,ScB2,
mp-569595,PbI2,
mp-569601,ErSi2Rh3,
mp-540612,BaMn2O3,
mp-1038724,Ca2Mg,
mp-33009,MnO2,174.7405084
mp-5541,ZrVSi,156
mp-569626,MgCl2,
mp-557483,YbClF,
mp-557523,VS2,10.58069191
mp-573755,CsTeAu,10
mp-557569,SmAsS,80
mp-568526,SrHg2,
mp-554340,CrF2,
mp-574379,CsHg2,
mp-574438,ThRu2,
mp-568722,CdBr2,
mp-568555,SmSi2Rh3,
mp-574599,CsAuSe,
mp-36216,Ag2S,
mp-1072298,Ta2Si,
mvc-13772,TeN2,
mp-568592,ZrNCl,24.12536461
mp-30671,Ti2Ga,120.8488189
mp-579628,Gd2Tl,
mp-917786,EuAl2,
mp-3268,YbB2Ru3,
mp-580136,LuCu5,
mp-540789,PbI2,3.983904751
mp-580364,HoCu5,
mp-569858,UBi2,
mp-567896,CaCl2,
mp-568664,CaAgBi,
mp-1096799,AlO2,
mp-1077263,TiS2,
mp-569912,Ca3SiBr2,
mp-568748,Fe2B,
mp-568752,Ca3SiBr2,
mp-569927,ErZn5,
mp-581665,CaIn2,
mp-632927,CaUO4,
mp-15800,Ti3PO2,166
mp-568791,Ca3SiBr2,
mp-568814,HoSnAu,
mp-570032,Ca3SiBr2,
mp-570050,Yb2Sn,35
mp-570062,ZrTiSe4,
mp-634,HgS,7.854519272
mp-568895,BaSbAu,45
mp-558928,KrF2,41.11772754
mp-754349,GdOF,
mp-1019262,Ta2N3O,
mp-754317,NdO2,
mp-776230,LiFeF4,56
mp-1024996,MnCoSn,
mp-754217,SmIO,
mp-1018785,LiFeAs,
mp-771871,FeCoO4,
mp-8432,CaCuP,74.30143643
mp-1072629,PuB2Ru3,
mp-754149,GdOF,
mp-755300,TiO,207.0136962
mp-754112,CeBrO,
mp-761556,MnCoO4,172.6126761
mp-754064,MnP2,
mp-754038,YIO,
mp-604153,LaCr2Si2C,
mp-754031,YBrO,
mp-974437,Re2C,
mp-603719,AlPO4,
mp-755144,NaLiO,
mp-644271,LiHS,
mp-30579,ErCu5,
mp-774712,LiCuS,53.77038665
mp-756,TbAl2,
mp-753712,YIO,45
mp-1094454,YMg2,
mp-21315,PuNi5,
mp-753671,PNO,53.94990881
mp-1025070,YCo2B2C,
mp-1076981,Mn2As,
mp-849598,CoO2,
mp-601693,YbBrO,
mp-774401,CoSbO4,
mp-1077788,BPt2,
mp-601273,Sc,
mp-1094578,LiMg,
mp-600622,EuIO,
mp-626785,KHO,25.13756241
mp-626620,RbHO,20.87894004
mp-763099,Li2VO2F,
mp-626417,CsH3O2,
mp-763056,FeOF,131.5350199
mp-976181,NaBH4,
mp-765183,FeOF,38.75665574
mp-1014261,IrO2,188
mp-1018710,Hf2TaN3,
mp-768060,VOF,147.9752445
mp-765135,WOF4,12.99645035
mp-626000,NaHO,
mp-625998,LiHO,16.15114207
mp-625996,NaHO,
mp-7790,Ti2N,179.0082469
mp-1071998,SmCo2,115
mp-774156,NbFeO4,162.0796771
mp-774153,CrSbO4,
mp-774148,MnNbO4,152.3657933
mp-774143,MnSbO4,
mp-849092,NiS2,
mp-849086,CuS2,
mp-849059,NiS2,
mp-774117,V2O3F,180.415439
mp-1039765,CeMg,
mp-753670,CaPbI4,
mp-849079,NiS2,
mp-1006399,CeZnIn,
mp-1014478,CrN2,
mp-1014265,Zr2N,173
mp-21859,CuAs2,87.0688561
mp-7099,NdB2Ru3,
mp-11267,BaHg2,
mp-11278,Ta2Be,186.8179921
mp-611701,SrMnSn,
mp-1039574,CeMg,
mp-3055,NdB2Rh3,
mp-6286,YbNi2B2C,
mp-13212,GdCuGe,
mp-1566,SmFe5,
mp-1039495,Mg2Cd,
mp-989178,ScOF,
mp-979265,Ta2CN3,
mp-22698,DyFeSi,
mp-20482,EuAgP,
mp-23019,UNCl,
mp-1072444,UPt5,
mp-2740,ErCo5,140
mp-21295,Nd2In,
mp-1025027,HoB2Rh3,
mp-1072864,Hf2Al,
mp-1072752,ThGeS,
mp-27762,UBrN,15
mp-614006,B2O,24
mp-568354,DyGa2Cu3,
mp-5197,ErB2Ir3,
mp-1039355,CeMg2,
mp-1024993,DyB2Ir3,
mp-921,YRh2,152
mp-1828,ThOs2,213
mp-20473,Mn2Ge,
mp-1018891,PdCl2,
mp-1076984,Th2Au,
mp-8475,ErCoC,
mvc-15971,BiO2,
mp-2483,DyMn2,
mp-568920,CaAu5,98.86852562
mp-570113,BiAu2,
mp-568924,PrB2Rh2C,
mp-11526,TmNi5,
mp-541037,CsCuO,19.92643689
mp-570142,Ca3SiBr2,
mp-570155,PtN2,273.2244889
mp-541073,SmSI,
mp-570157,ZrBrN,15.43005581
mp-2657,TiO2,209.1035319
mp-570172,HgIBr,
mp-907267,USi2,
mp-569008,PdCl2,
mp-570182,Ca3SiBr2,
mp-569017,PdI2,5.946131622
mp-5410,SmCo3B2,
mp-560025,Ag2S,
mp-560030,CaF2,
mp-1072004,UCoGe,
mp-1072051,TbB2Rh3,
mp-569073,LiSn,35.19581139
mp-560054,LuSBr,
mp-1077795,HoFe2,
mp-569117,CsLi2Cl3,
mp-555763,ZnS,69.0318779
mp-555934,VF2,92.98001159
mp-5940,CeB2Ru3,
mp-555850,LuSF,
mp-32536,WBr4O,9.758437402
mp-3263,USO,
mp-560236,MgF2,50.4709394
mp-1071921,CaMnGe,
mp-11113,TiTeAs,83.19476598
mp-3274,NiGePd,157
mp-551456,Ba2CuClO2,
mp-8282,Ti2N,203.9169536
mp-981536,RbMnP,
mp-32791,Ag2S,
mp-546443,LiHO,
mp-1018713,HfCuSn,
mp-990972,ErNi5,
mp-1071337,TbAlGe,
mp-1077792,CeRu2,
mp-1071766,ZrTa2N3,
mvc-11545,NiO2,
mp-2439,ZrNi5,184
mp-570657,Mg2Si,44
mp-505803,MnFeAs,110.4646443
mp-505804,Ti2CuSb3,91.87807045
mp-1077298,TbMgNi,
mp-775909,ZrO2,194.0020277
mp-510087,Pd2N,
mp-510148,UCu5,
mp-510219,Sn2Ru,117.8280884
mp-571041,DyB2Rh2C,
mp-556135,GdSI,
mp-571365,Co2Sn,
mp-570782,MgCl2,
mp-864757,YbN2,
mp-566755,NiF2,107.4258863
mp-571071,HoSi2Rh3,
mp-570800,U2MnN3,
mp-571090,ErMn2,
mp-556520,CoF2,99.51695075
mp-510311,BaZnPb,29.56461603
mp-570832,SrPt5,160.6303851
mp-765892,MnCoO4,18.06898496
mp-570855,SmAgPb,
mp-510378,CsMnSb,
mp-571160,Tl2Pt,65.39589637
mp-556225,Ag2S,22.64365569
mp-570875,Ga2Os,
mp-570886,BeI2,2.269321951
mp-560902,MnF2,85.48020947
mp-571195,ZnTe,
mp-571210,YGaI,
mp-580763,Fe2Sn,
mp-36066,PNO,53.74591374
mp-556646,RbFeF4,48
mp-571249,Tb,
mp-571271,TmPt2,
mp-571283,GdRh5,
mp-571292,ZnI2,
mp-6912,Mn2Sb,
mp-1021503,SiO2,
mp-20714,FeSb2,86.8116296
mp-865014,Mg2Cu,55.79656871
mp-10219,YOF,124
mp-2707,USb2,57
mp-611341,CaMnSi,
mp-2840,PuIr2,
mp-865078,Gd2Mg,
mp-30043,CeSi2Ru3,
mp-19928,Hf2CuSb3,96.17060338
mp-7090,NaMgSb,26.91213054
mp-1023923,O2,2.363388183
mp-556382,EuClF,
mp-20111,EuAl2,61
mp-312,ThIr5,
mp-1077808,VFeSb,
mp-1077346,Hg2N,
mp-3307,BaSO4,
mp-654798,SrPuO4,
mp-569516,HfNi5,169
mp-3481,KSnAs,
mp-3553,KTeAu,26
mp-10729,Pd2O,
mp-2271,NaPt2,123.530769
mp-1094716,CeMg2,
mp-1077557,Ce2MnN3,
mp-20663,TmCuPb,
mp-917215,LiFeAs,
mp-434,SrAu2,
mp-4374,UAsS,
mp-11808,ScNi4Sn,152.3940609
mp-11816,BaCdGe,
mp-4561,UAl3Pd2,
mp-12041,DySbPd,
mp-20350,DyCoC,
mp-31623,Ca2CoO3,
mvc-13111,FeO2,
mp-1179,DyNi5,
mp-1077270,GdB2Ir3,
mp-1039434,Mg5Cd,
mp-22292,EuCuSb,
mvc-10966,FeO2,15.51859964
mp-559798,NiF2,107.9173581
mp-972309,Ta2BN3,217
mp-10200,ZrBeSi,138.2365385
mp-1019086,CN2,82.97452274
mp-1039175,MgCd2,
mp-1019357,ThAsSe,
mp-1019363,ThTeAs,
mp-1019362,ThBiTe,65.70413296
mp-1019361,ThSbTe,
mp-1019360,ThPSe,
mp-1019359,ThSbSe,
mp-1019358,ThAsS,99
mp-1019324,TbTe2,
mp-1019323,Th2HN3,
mp-1019322,Te2W,
mp-1019280,SrZnPb,
mp-1019279,SrZnSn,
mp-1019315,TbSbPd,
mp-10897,PrAl2Ni3,
mp-1019278,TbGeAu,
mp-1019275,TbCuSn,
mp-1019276,TaSe2,
mp-1019277,SrHgPb,
mp-1019269,Sr2H3I,
mp-1019266,SmTe2,
mp-1019259,SrSnHg,
mp-1019257,SmZnGa,
mp-1019256,SmTlZn,
mp-1019255,SmTlCd,
mp-849080,VS2,
mp-1019253,SmSe2,
mp-21064,EuNi2B2C,
mp-1019110,SmPbAu,
mp-1019138,SmSbTe,58
mp-1019109,SmGeRu,
mp-1019108,SmCoSi,
mp-1019105,KMgBi,
mp-1019104,CaSnHg,
mp-1019103,SmSbPd,
mp-1019102,SmMnSi,
mp-6223,DyNi2B2C,
mp-1019101,SmGeAu,
mp-8125,LuCuSi,
mp-1019100,SmFeSi,
mp-1019099,SmCoP,
mp-1019094,PrGeAu,
mp-1019093,PaP2,
mp-1019091,LaSe2,
mp-1019089,KMgAs,
mp-1019087,CaSnHg,66
mp-22478,FeGe,145.2719953
mp-1019080,ReN2,
mvc-7056,NiS2,
mp-1039199,CaMg2,
mp-1667,Co2Ge,199.901511
mp-1019078,ReN2,
mp-1019077,ReN2,
mp-1038991,CaMg2,
mp-1018731,HoSI,
mp-1018954,PuSe2,
mp-11317,CeFe5,
mp-1018952,PrZnIn,
mp-1018949,RbMnBi,
mp-1018946,PrZnGa,
mp-1071991,Th2Pd,
mp-22158,TbCoC,
mp-1018942,PrTlCd,
mp-1018941,PrTeCl,
mp-1018940,PrSe2,
mp-1018936,PrSbTe,
mp-1018902,PrSbPt,
mp-2025,HfBe5,131.2330659
mp-1018900,PrCuPb,
mp-1018899,PrSbPd,
mp-1018897,PrCoP,
mp-20906,HoCoC,
mp-1018896,PrPbAu,
mp-1018895,PrFeSi,
mp-1018893,PrCuSn,
mp-1018892,PrCoSi,
mp-1018880,PaSb2,
mp-1077776,ScB2Ir3,
mp-1018829,NpTe2,
mvc-10954,CoO2,
mp-1018828,NpSeO,
mp-1094212,MgSn2,
mp-1018826,NdGeAu,
mp-1018825,NdPbAu,
mp-1018824,NpSbTe,
mp-1018823,NiPRh,
mp-1018822,NdZnIn,
mp-1018821,NdTlZn,
mp-22229,TbInCu4,
mp-1018819,NdTlCd,
mp-1018818,NdTeCl,
mp-1018817,NdSe2,
mp-1018815,NdSbPd,
mp-1018814,NdSbTe,
mp-1018813,NdCoP,
mp-1025044,AlNi2,
mp-1018812,NbGeAs,
mp-1018811,NbGeSb,
mp-2049,ZrMo2,191.6603815
mp-1018810,Na2Cl,
mp-1018809,MoS2,25.46217465
mp-670,NbCo2,231
mp-1018808,MgCoGe,
mp-1018807,MoSe2,
mp-1018804,MnS2,
mp-1018803,MnCoSb,
mp-1018802,MnGaGe,
mp-1018800,MnCuAs,
mp-1018799,MgSc3Ru2,
mp-1018798,MgCuGe,
mp-1018797,MgAgSb,
mp-2880,LuB2Os3,
mp-1018795,Mg2Sn,
mp-1018796,Mg2Si,
mp-1018794,Mg2Ge,
mp-1018702,EuZnGe,
mp-1018793,LuSe2,
mp-1018792,LuS2,
mp-1018791,LiY(CuP)2,
mp-1018789,LiO2,
mp-1018786,LiMnSb,
mp-725,RhO2,233.6242555
mp-1018784,LiCe(CuP)2,
mp-1018781,Li3SmSb2,
mp-1018782,Li3YBi2,
mp-996,OsO2,281
mp-1018783,LiBeB,55.27380185
mp-1018780,Li3SmBi2,
mp-1018779,Li3PrSb2,
mp-1018770,Li3PrBi2,37.40620536
mp-1018769,Li3NdSb2,
mp-1018768,Li3LaBi2,
mp-5939,PrB2Ru3,
mp-1018766,Li3LaAs2,
mp-1018764,Li3HoSb2,
mp-1018763,Li3DySb2,
mp-1018762,Li3CeBi2,
mp-1039192,MgAl2,
mp-1018761,Li3CeSb2,
mp-1018758,LaZnIn,
mp-1013525,VS2,
mp-1018757,LaZnGa,
mp-1018755,LaTlZn,
mp-1018753,LaTlCd,
mp-774944,CrSbO4,
mp-1018752,LaTeCl,
mp-754375,NaTi2O3,141.5731463
mp-1018747,LaSbTe,
mp-1018746,LaGe2Ir3,
mp-1018745,LaSbPd,
mp-1018744,LaPbAu,
mp-20318,Mn2B,319.7207961
mp-1018743,LaNi3Rh2,
mp-849075,NiS2,
mp-849053,NiS2,
mp-1018742,LaNi2Rh3,
mp-24051,ErHCl,
mp-1018741,LaCuPb,
mp-1018740,LaCoSi,
mp-1018739,KMnBi,
mp-1018738,LaAl2BRu2,
mp-1018737,KMgP,
mp-1018736,KCdAs,
mp-1018735,BaTi2As2O,
mp-1018732,HoTe2,59.42390122
mp-1018730,In2Cu,
mp-1018724,HoCuSn,
mp-1018729,HoZnIn,
mp-1018728,HoSe2,
mp-1018727,HoS2,
mp-1018726,HfVGe,
mp-7868,PtO2,45.9050749
mp-1018725,HoFeSi,
mp-10892,MnAlPt,122.9139843
mp-1018722,HgSe,
mp-1018720,HfVSi,
mp-1018719,HfTaNO3,
mp-1018717,HfSb2,
mp-1018715,Hf5Pb,
mp-1018712,HfGa4Co,
mp-1077146,HfGe2,
mp-1018708,GdTlZn,
mp-715509,MoO2,
mp-1018707,GdSe2,
mp-1018709,Hf2GaSb3,
mvc-10952,MoO2,
mp-1018706,GdS2,
mp-554512,CoReO4,
mp-1018704,GdAlZn,
mp-1018703,EuZnGe,
mp-27760,PrSi2,
mp-23253,RbBi2,29
mp-1018701,EuSnHg,
mp-1014366,CrN2,
mp-1039026,Mg2Cd,
mp-1018700,EuO2,
mp-1025143,DyB2Rh3,
mp-391,HoAl2,
mp-1018697,EuCdSn,
mp-1018659,CeO2,147.519734
mp-24011,CeHSe,
mp-1018698,EuHgPb,
mp-1038873,Ce2Mg,
mp-1018696,EuCdPb,
mp-1018695,EuBiAu,
mp-1072956,MgF2,
mp-1018694,ErZnGa,
mp-1019317,TcB2,
mp-1019319,TcN,
mp-1019316,Tc2N,
mp-1019273,TaTi2N3,
mp-1019272,TaN2,
mp-1018692,ErTe2,
mp-1019083,ReN2,
mp-1019082,RuN2,
mp-1019055,ReN2,379.804087
mp-1018691,Eu2H3Br,
mp-1019054,ReC2,
mp-1019052,ReN,
mp-1019051,ReC2,
mp-1018947,PtN2,
mp-1018886,PdO2,
mp-1018852,OsN2,
mp-1018851,OsN2,
mp-1018690,ErZnGa,
mp-1018689,ErZnIn,
mp-1018688,ErTlZn,
mp-1018850,OsC2,362.2825122
mp-1018849,OsN,
mp-1018687,ErS2,
mp-21092,InNi2,136.1148523
mp-1018685,ErCuSn,
mp-1018684,Er2Mg3Ru,
mp-1018683,DySe2,
mp-1018682,DyZnGa,
mp-1018681,DyZnIn,
mp-1023963,Te2MoWS2,
mp-1018680,DyTlZn,
mp-1023959,TeMoS,
mp-1018679,DyTe2,59
mp-1018678,CsHSO3,
mp-1018677,DyScSb,
mp-1018676,CeSbAu,
mp-1023955,MoW(SeS)2,
mp-1023953,MoSeS,
mp-1018669,CeTlZn,
mp-1018675,DyS2,
mp-1018674,DyAlZn,
mp-1023948,TeMoSe,
mp-1023945,Te2MoWSe2,
mp-1018672,CoAs2,
mp-1018671,CeZnGa,
mp-1023943,TeWSe,
mp-1018734,IrN,
mp-1018733,IrN2,
mp-1018721,HfO2,
mp-1023942,Te2W,
mp-1018716,HfN2,
mp-1023941,Te4MoW,
mp-1018668,CeTlCd,
mp-21149,GdO2,
mp-1023940,MoSe2,
mp-1018667,CeTeCl,
mp-1018686,ErH2,
mp-1018666,CeSi2Mo2C,
mp-1023939,MoS2,16
mp-1023938,Te2Mo,
mp-1018665,CeSe2,
mp-1018664,CeO2,131.9828679
mp-1018663,CeS2,
mp-1023933,WSe2,
mp-1018662,CeSbPd,
mp-1023932,Te2MoWS2,
mp-1018661,CePbAu,
mp-1023931,TeWS,
mp-1023930,MoW(SeS)2,
mp-1023929,WSeS,
mp-1023928,MoWSe4,
mp-1023927,Te2MoWSe2,
mp-1023925,WS2,
mp-1094916,Ce2Mg,
mvc-16068,CaNiN,105.8896428
mp-639978,UMnO4,
mp-13076,IrN2,
mp-13270,CaAg2,48.25808095
mp-867500,PuI2,
mp-23002,TiBrO,14.83316141
mp-1077578,CeGaAg,
mp-1926,HoFe2,
mp-1072971,U2TiH3,
mp-1072192,TiS2,
mp-1077223,Li4NO,
mp-510687,DyAgPb,
mp-1076954,GdSi2,
mp-20842,NdMnGe,
mp-1734,CaZn5,61.28282438
mp-11593,CeB2Ir3,241.1350213
mp-1852,UF5,15.03226986
mp-20189,SrMnGe,
mp-1279,TaN,307
mp-1077462,HgNCl,
mp-1077423,TmAlZn,
mp-421,DyNi2,
mp-1019097,SiC2,160.9204612
mp-1077182,NdSiGe,
mp-571335,ThBi2,66
mp-1072419,SmGe5,
mp-571353,BaSn5,36
mp-5757,CeB2Rh3,
mp-5962,NaMgAs,33.39554646
mp-6258,CeCr2Si2C,
mp-6576,YNi2B2C,
mp-763136,FeOF,132.691326
mp-985805,AlAg2,93.73928709
mp-2317,LaNi5,135.4089241
mp-23192,HgI2,4
mp-1025100,LaGe5,
mvc-6936,SbO2,
mvc-6931,CrO2,
mvc-6945,BiO2,
mvc-7049,SbS2,
mvc-7051,SnS2,
mvc-7052,MoS2,
mvc-7054,TiS2,
mvc-7053,WS2,
mvc-7057,CoS2,
mvc-7055,CrS2,
mvc-7058,BiS2,
mp-1113,BW2,329.8215672
mp-1072037,HoCuGe,
mp-1076971,HoSnAu,
mp-7547,BaSe2,
mp-10132,UB2Os3,
mp-984871,BaAgBi,
mp-19816,Sm2In,
mp-1038862,CaMg,
mp-510408,MnO2,173.3890513
mp-754960,SmIO,11
mp-1039508,Ce2Mg,
mp-24081,ScHCl,18.12958668
mp-1071462,CeRu2,
mvc-11542,MnO2,
mp-1070976,PbClF,
mp-981551,PrGe5,
mp-267,Te2Ru,
mp-1039368,CaMg,
mp-20728,GdNi2B2C,
mp-1039227,Ca2Mg,
mp-1038,MgCu2,94.14784068
mp-8122,ErCuSi,
mvc-13442,Cu2S,
mp-12557,SrCuAs,56.49440325
mp-558544,MoS2,
mvc-14178,CaSnF4,
mvc-16207,Ca2CoO3,
mp-1071473,TbGe5,
mp-865305,UO2,
mp-1077595,CN2,
mp-643273,NaH2Pd3,108
mp-643367,YCBr,22.18691381
mp-1077889,IrC2,
mp-767016,NbVO4,179.157096
mp-861968,ErCl2,
mp-861727,PuBr2,
mp-862329,ScI2,
mp-862373,ScS2,63.68897009
mp-862601,RhI2,
mp-862565,ScBr2,33
mp-1025068,NdB2Ir3,
mp-862845,IrCl2,
mp-862855,PaO2,147.756193
mp-862915,Er2Mg,
mp-863657,PmCl2,
mp-863701,Ho2Mg,
mp-864647,Hf2N,194.8892067
mp-864641,HoCl2,
mp-864888,Dy2Mg,
mp-864941,MgSc2,49
mp-864986,DyBr2,
mp-864996,AcMg5,
mp-865166,HfPd5,169.128163
mp-865323,Tm2Mg,
mp-865534,YBr2,
mp-865604,Li5Mg,17.2247273
mp-865583,Y2Mg,41.49323188
mp-867166,PuO2,
mp-867134,SmCl2,
mp-867259,RhCl2,
mp-867358,PuCl2,
mp-867863,SmCu4Ag,
mp-952566,NaSnSb,
mp-19858,Sr,
mp-774210,CrBrO,
mp-1038779,MgAl,
mp-9813,WS2,27.35765689
mp-570436,CaIr2,162.7462476
mp-1077783,TbNi2,
mp-1077143,HfFe2,
mp-991717,LuFe2,
mp-917168,ScCo2,
mp-1077725,SmRu2,
mp-1018655,CN2,
mp-571262,CaRh2,122.6465863
mp-27763,UIN,
mp-1072486,LaCo5,
mp-16481,TiAlAu,128.1136804
mp-1077771,Sc2Al,
mp-1077440,NbS2,
mp-1077049,SmScSi,
mp-1071694,TmZnGa,
mp-1070916,AlBW,
mp-1071032,GeS2,
mp-1824,NdNi5,
mp-1553,HoNi5,
mp-7100,LaOF,
mp-1071028,LaAsIr,
mp-1070852,YbHCl,
mp-1070808,BaTi2Bi2O,
mp-1077818,PrCo2,
mp-7574,AlBMo,211
mp-12919,LaPIr,
mp-1071163,TiO,
mp-1070844,ThPt2,
mp-22964,PbClF,
mp-567687,CrI2,
mp-8120,NdCuSi,
mp-1070860,EuHCl,
mp-1070912,CsV2S2O,
mp-1070925,LaPRh,
mp-1071260,LaSnAu,
mp-1070917,Nd2Co2SiC,
mp-1071051,NdMgCu4,
mp-1070806,BaTi2Sb2O,
mp-1071293,CsMnAs,
mp-1070869,ZrCu4Ag,
mp-1071078,NiSe2,
mp-1070907,Hf2Sb3Pd,
mp-1070837,TbMgCo4,
mp-7583,SiS2,24.46734814
mp-12563,ErGeAu,
mp-1025059,LaAg2,
mp-1071458,TiNiH,
mp-1071505,Sr2FeO3,
mp-1071208,LaAl2BOs2,
mp-1071269,HgTe,
mp-12773,Zr2Al,100.1124991
mp-1071555,YbAgBi,
mp-991088,YNi5,
mp-1025096,ErZn2,
mp-1071272,CeAl2BRu2,
mp-1071351,UTeP,
mp-23432,BaClF,
mp-16371,ThGe2,
mp-1071625,CSe2,
mp-1071278,CaSnAu,
mp-2455,As2Os,166.0066028
mp-1071036,TbScSb,
mp-3960,CaUO4,
mp-1602,SiS2,5.518721278
mp-20790,InPS4,18
mp-2557,Zr2Al,103.221625
mp-1071422,CeAg2,
mp-1071623,CuSnAu,
mp-10956,LaAsRh,
mp-1873,ZnF2,98
mp-31140,BaBiAu,36.91955456
mp-21298,NpSi2,
mp-1071627,LaSiNi4,
mp-755328,ZrSn2,86.51841113
mp-1071152,CaC2,
mp-1071720,ScZnPd,
mp-1071675,GdSiPt,
mp-1071777,SrAl2,
mp-3637,YOF,131.4231436
mp-1071252,LaGa2Rh3,
mp-1071765,USbS,
mp-907274,NpSi2,
mp-21428,Th2In,
mp-1071768,TbGe2,
mp-1071731,HoSiNi4,
mp-5816,UBC,
mp-1071811,DyCdNi4,
mp-1071862,YAlZn,
mp-628,Zr2Co,107.2591033
mp-1071645,YInCu4,
mp-1071478,CeInPt4,
mp-644607,CO2,4.380799754
mp-1071690,Be5Co,
mp-1071861,RbMnAs,
mp-1575,CaC2,53.32706732
mp-1071889,ThGeSe,
mp-1071956,TiNF,
mp-1071955,AlPS4,
mp-1024991,ErCu2,81
mp-11284,CaGa2,46.98052303
mp-1071737,YZnGa,
mp-1071216,Pr2Co2SiC,
mp-1071492,ErSnGe,
mp-1071791,CNCl,
mp-1070857,NdSiNi4,
mp-1071531,ReN2,
mp-1384,LaIr5,
mp-1071820,SiO2,
mp-1861,Cu2Te,
mp-500,TaSe2,22
mp-1077022,YCo5,
mp-30181,PrAl3Ni2,
mp-853,ErNi5,
mp-1071283,Nb2Fe,
mp-1071360,FeSeN,
mp-1071595,PrSnAu,
mp-2319,P2Os,209.4083536
mp-1071423,VFeSb,
mp-1071868,KN2,
mp-8111,LaOF,
mp-1071876,CaAgBi,
mp-23008,PbBrF,
mp-1071127,Ca2GePd3,
mp-1071985,CeSnAu,
mp-12561,TaAs2,134.3001212
mp-1071948,TmS2,
mp-1071698,EuAu2,
mp-1070955,SmSiNi4,
mp-1071980,SrN2,
mp-9731,RbAuSe,
mp-1071879,GdBC,
mp-20235,CaMnGe,
mp-1071565,CaC2,
mp-16372,ThGe2,
mp-1148,Th2Pd,
mp-1071459,GdZrSb,
mp-1072011,HoCuPb,
mp-1072033,DyCu4Ag,
mp-21096,CaMnSi,44.61172219
mp-1072024,TmAlGe,
mp-1072264,TbCu4Ag,
mp-1072114,HoOF,
mp-1072085,CeSi5,
mp-1072088,TiS2,
mp-4495,KLiTe,
mp-2749,TiBe2,123.6202786
mp-30603,ZrCu5,136.7142299
mp-1072086,TaS2,
mp-1071732,EuCu2,
mp-1072185,PrAsSe,
mp-1072193,ErOF,
mp-2062,LaSi2,77.53835499
mp-1072191,SnCI3N,
mp-1072208,DyOF,
mp-1072087,LaAu2,
mp-1832,LaPt5,
mp-3289,LaMgNi4,106
mp-30572,Hf2Ga,119
mp-1072089,Co,
mp-1001,BaN2,
mp-1072274,KC2,
mp-1072082,YbFeSi,
mp-1072285,ThB2Pt2C,
mp-1072256,Hf2Ge,
mp-1072204,ThN2,
mp-1072286,YSnAu,
mp-1072167,EuN2,
mp-1072076,FeNi2,
mp-2783,Ta2Si,215
mp-1071848,Pr2Sb,
mp-1077131,GdNi4Au,
mp-20710,CeSiNi,
mp-1072255,ScNi4Au,
mp-1072340,K4NO,
mp-1072399,Be5Pt,
mp-1071618,NdCuSn,
mp-1072382,YZn2,
mp-1072327,Sr2GdS3,
mp-1072391,Pr2SiRh3,
mp-1024951,LaScSi,
mp-991078,CeCo5,
mp-1071839,UCu4Au,
mp-1072474,TmSe2,
mp-4785,CeAl3Pd2,
mp-27850,TiNCl,29.01764352
mp-1072437,YSiNi4,
mp-1072492,CaC2,
mp-1072544,Si,
mp-1072023,CrPb2,
mp-1072461,UO5,
mp-1072501,DySnAu,
mp-11385,YFe5,104.7727415
mp-1072543,ZrN2,
mp-10087,CeScSi,
mp-1072518,In2Cu,
mp-13286,CaGe2,
mp-1072381,LuNi4Au,
mp-1072398,MnCu4Sn,
mp-1072553,TmCdNi4,
mp-1731,LaCo5,
mp-1072586,SmCdNi4,
mp-1072244,EuS,
mp-1025056,ThSi2Ru3,
mp-1072537,CeSiNi4,
mp-1072589,Cu2GeS3,
mp-1515,ZrSi2,124.6804954
mp-1072598,ErCdNi4,
mp-1071877,UCu4Pd,
mp-1072633,LiTi(SeO)2,
mp-977388,HoMgSn,
mp-1039090,Ce2Mg,
mp-23188,In2Bi,
mp-1072645,Si2Os,
mp-1072579,ThCo5,
mp-1072429,Ga2Ru,
mp-1072729,TmTe2,
mp-542791,ZrNCl,
mp-1072660,VAs2,
mp-1072655,ZrCu2,
mp-1072712,NbS2,
mp-19177,CrO2,196.6213079
mp-1071890,NdInPt4,
mp-7138,YbSb2,
mp-1025140,USiSe,
mp-6979,ThGeS,
mp-1072744,Hf2Bi,
mp-1072794,CaZnPb,
mp-1072798,ErAlZn,
mp-1071835,DyCu2,
mp-1072802,CaZnSn,
mp-1072852,CdB2,
mp-1072823,LuCuSn,
mp-12772,Hf2Al,113.2198987
mp-548,NbCr2,227.6019846
mp-486,NiP2,106.1321936
mp-22987,BiIO,16.95283322
mp-1072888,TmGeAu,
mp-867348,DyMgSn,
mp-20354,MgMnGe,
mp-1072737,NdAg2,
mp-1018751,LaS2,
mp-1249,MgF2,95
mp-1072756,UCuSn,
mp-1072880,Nd2Fe,
mp-1072982,GdGe2,
mp-1073568,MgSi2,
mp-1072320,HgSBr,
mp-1074714,Mg2Si,
mp-1072041,GdCu4Au,
mp-1076951,CeNiGe,
mp-1018660,CeCoSi,
mp-1018649,BC5,378
mp-1018658,CaCoSi,
mp-1018657,CaBiAu,
mp-1018656,Ca2H3Br,33
mp-1018654,BaMgSn,
mp-1018673,CoPPd,
mp-1077017,HfV2,
mp-1018652,KCdSb,
mp-1018651,Ba2H3I,
mp-1018650,Ba2ClF3,
mp-1018648,AuN2,
mp-21486,Tm2In,
mp-1729,SmFe2,
mp-755690,NbO2,181
mp-21399,CeMnGe,
mp-1018888,PdCl2,
mp-755071,SnO2,140.4699848
mp-1029347,KPtN,64.48062429
mp-570713,TiAlPt,161.5344477
mp-1077375,UPt5,
mp-31160,CaZnSn,46.16295536
mp-1077140,Zr2TaN3,
mp-1018723,HoCo3Cu2,143
mp-1094181,HfMg,
mp-1077802,UGaCu,
mp-21127,EuB2Rh3,
mp-10000,Hf2S,131.4023302
mp-1814,BaAg5,50
mp-11553,TlPt,
mp-11556,PuRu2,
mp-10032,Ge2Os,
mp-11562,TbRh5,
mp-11491,LuNi5,
mp-11565,YRh5,177.6197133
mp-1349,SrPt2,118.0271257
mp-10056,UCo3B2,
mp-2149,NpIr2,
mp-10058,YbCo3B2,
mp-10078,TbTiGe,
mp-2150,BaTe2,
mp-11620,ZnNi3Sb2,
mp-10098,YGeAu,
mp-13548,Cs2Pt,11.99527339
mp-16226,TaS2,
mp-10105,UTeAs,
mp-16228,YS2,
mp-10106,Ca2As,
mp-16236,KAgSe,27.01574865
mp-11644,Li2Ca,15.98497755
mp-1358,DyIr2,
mp-16245,CaSbAu,53.30456871
mp-675,ZrW2,215.1917138
mp-16254,BaCuP,57.26444916
mp-1825,Cu2Sb,92.15223634
mp-1363,Na2Au,
mp-16263,CaZnGe,49.30119921
mp-16266,CaZnSi,54.73355746
mp-1016,PuGe2,
mp-11697,TaSb2,101.896943
mp-11701,YbCuSb,
mp-11700,BaCuSb,44.90048919
mp-16275,CeScGe,
mp-2028,Be2Nb,159.2135369
mp-11743,LiYGa4,
mp-10195,LuS2,
mp-1094247,MgSn,
mp-29771,MgC2,
mp-1831,SrAu5,89.5972044
mp-16321,SrCuP,66.46980461
mp-2498,PrOs2,
mp-10213,YGe2,
mp-16328,DyS2,
mp-16331,ErS2,
mp-10214,Y2GeRh3,
mp-2031,Be2Cu,136.6856902
mp-250,Mg2Ge,41.52499233
mp-11809,TiAl2,108.1747011
mp-11818,BaZnGe,40
mp-11815,SrSbAu,
mp-1383,UCo2,
mp-10247,U2CrN3,
mp-11819,BaSnHg,29
mp-11826,CaPd5,113.4437954
mp-11831,YbZnSn,
mp-1385,CeZn2,
mp-1076960,TmB2Rh3,
mp-1039269,Ce2Mg,
mp-13870,TaSe2,
mp-1388,DyRh2,
mp-16378,HoS2,
mp-1187,ThIr2,
mp-10293,BaC2,39.72885553
mp-10311,ZrVGe,146
mp-1189,PrAl2,
mp-10312,HfVGe,154.7624297
mp-13963,HfSiTe,30.99674071
mp-13962,HfSiSe,82.71397697
mp-13964,HfGeTe,94.97734236
mp-16479,YbS2,
mp-204,CeFe2,
mp-1773,ReB2,337.4765394
mp-10365,MnCoSi,
mp-1036,NpRu2,
mp-1037,PrPt5,
mp-11977,LiSnAu,61.0943724
mp-1200,TbCo5,147.6586306
mp-2529,PrRh2,
mp-1400,HfW2,222.8827651
mp-14000,UCdO4,
mp-12007,HoCdCu4,
mp-2797,YCu5,108.8562145
mp-12008,ErCdCu4,
mp-12009,YbCdCu4,
mp-1401,ZrZn2,102
mp-16519,UAlNi4,
mp-3467,SmB2Ru3,
mp-2537,NdS2,
mp-1854,EuPd2,
mp-2178,YbGa2,
mp-1655,UIr2,
mp-1072130,HoCo2,
mp-1207,NdFe2,
mp-1657,UAs2,
mp-10443,YbSiAu,
mp-1208,ErAl2,
mp-10450,PrAlGe,
mp-10454,SmTiGe,
mp-10455,YTiGe,84.49518407
mp-1209,RbAu5,
mp-2550,NdTe2,
mp-2551,DyCo5,
mp-1859,NpMn2,
mp-10485,BaLiSb,
mp-1422,GdPt2,
mp-12117,PrS2,
mp-10497,SrC2,45.6741838
mp-1665,YbFe2,
mp-1052,NaAu2,
mp-1024968,PuB2Rh3,
mp-1220,Be5Au,137.5780707
mp-16720,ThAl2,
mp-2337,HfCo2,156.4889675
mp-2338,TbZn2,
mp-16741,TmSnAu,
mp-1867,Ta2Ni,215.2817135
mp-16750,HoCuPb,
mp-16751,ErCuPb,
mp-1434,MoS2,26.74203182
mp-16753,LuCuPb,
mp-1229,CuF2,59
mp-16766,LaAl2Ag3,
mp-1061,PrPt2,
mp-1234,LuAl2,
mp-10629,TbS2,
mp-10633,TmS2,
mp-2570,PuFe2,
mp-1871,Fe2C,221
mp-10636,SrSb2,
mp-1444,CaCd2,34.42664601
mp-1241,BaAg2,
mp-10667,SrAgP,55.94812669
mp-10677,CaPAu,
mp-2579,HoPt2,
mp-715486,CrO2,
mp-1687,BaPd2,70.84626504
mp-2066,EuCu5,
mp-2067,ThGa2,
mp-1077037,La2Sb,
mp-1250,Lu2In,
mp-12505,LuAgSn,
mp-10735,Zr2O,
mp-1463,LaIr2,
mp-10749,SrCuSb,47.59843011
mp-1075,SmNi5,
mp-1887,MoP2,
mp-10763,KHgSb,
mp-10769,BaSbAu,
mp-1038887,CeMg,
mp-1077,B2Ru,285.5406954
mp-12584,Th2CrN3,
mp-2606,BaPd5,99.01010275
mp-1260,SrPd5,107.9814368
mp-12602,PrZn5,
mp-2611,BaGe2,
mp-12620,NdSeF,
mp-12621,NdTeF,
mp-10845,Te2Ir,
mp-1697,TbPt2,
mp-2358,SmAl2,
mp-1085,UOs2,238.3912322
mp-1897,PuRh2,
mp-2359,NdPt5,
mp-10868,SmPPd,
mp-10867,PrPPd,
mp-1901,NaO2,
mp-2215,ThHg2,
mp-2363,HfMo2,199.9309732
mp-12701,NdSn2,
mp-1702,LaRh2,134.8300859
mp-1492,CdTe,
mp-12734,NdAl3Pd2,
mp-1018714,HfGaCu,
mp-12737,YB2Rh2C,
mp-12736,TbB2Rh2C,
mp-1704,Tb2Tl,
mp-10930,TbSF,
mp-1495,ErIr2,
mp-10931,HoSF,
mp-10932,ErSF,
mp-2645,YbNi5,
mp-1094686,CeMg2,
mp-10964,CeB2Ir2C,
mp-12769,YSi2,84.83718823
mp-1910,CeNi5,150.6455744
mp-567889,TiGe2,111.622125
mp-2370,PrNi5,
mp-12791,SmCuSn,
mp-12804,SmAlSi,
mp-12806,Cu2GeTe3,49.11982593
mp-493,Co2B,246.7324896
mp-10115,ThB2Ir3,
mp-2373,PrFe2,
mp-2665,PrRu2,
mp-1285,PtO2,204
mp-2666,CrSb2,85
mp-11081,CeSnAu,
mp-12875,ReO2,
mp-12876,ThPS,
mp-2674,YPt2,162.3970784
mp-11106,PaAs2,
mp-2676,TaBe2,167.6019872
mp-12920,CePIr,
mp-12921,PrPIr,
mp-12922,NdPIr,
mp-2689,ThFe5,
mp-1928,PuMn2,
mp-2088,CeAl2,
mp-2694,LaAl2,
mp-12951,ZrGaAu,124.5286801
mp-12952,HfGaAu,130.7629895
mp-15293,TmTiGe,
mp-2016,PrNi2,149
mp-1298,KAu5,
mp-2232,CS2,
mp-12986,PrB2Pt2C,
mp-2708,LaNi2,
mp-1532,NpNi2,
mp-2385,TaCr2,243.9892571
mp-11212,LaAsPd,
mp-11213,BaAgSb,
mp-11215,CeAgGe,
mp-11217,SrAgSb,
mp-13018,UCo4Sn,
mp-2387,Th2Zn,
mp-2235,YbRh2,
mp-13051,Sr2Si,31
mp-1727,SrSi2,53.51330393
mp-1799,TaCo2,243.3929253
mp-2389,NdMg2,
mp-1728,LuRh2,
mp-1543,Ge2Pt,115.4143695
mp-11266,BaCd2,
mp-1127,SmPt2,
mp-13089,Cu2SnTe3,45.73894077
mp-11277,ScBe5,108.4711765
mp-1547,NiS,124
mp-13097,NaZnAs,38.8513401
mp-11283,ZrBe5,126.4365546
mp-1396,Rb2Te,
mp-1310,TbRh2,
mp-13118,CeZn3Pd2,
mp-1950,SrS2,
mp-2098,CeOs2,
mp-763051,Li2VO2F,
mp-1956,TmGa2,
mp-2720,NdPt2,
mp-13203,ScCuSn,84
mp-11382,NdFe5,107.8311405
mp-13200,LuCuSn,
mp-13202,YCuSn,75.82229761
mp-11383,NpFe2,
mp-13208,Mg2Pt,72.7265956
mp-1140,NdCu5,
mp-2404,CaAl2,56.46385601
mp-11412,ScGa2,80.10048373
mp-13240,ScInCu4,112.0466751
mp-15651,NiSe,103.8043843
mp-13276,SrLiP,44.29971812
mp-2725,TbIr2,
mp-13277,BaLiP,39.33309745
mp-1328,SrRh2,
mp-703258,MnO2,
mp-2250,ZrNi2,163.5630741
mp-15681,CrAs2,
mp-2410,SrAg5,59.49802864
mp-13302,LuSnAu,
mp-13303,ErSnAu,76
mp-2726,SrCu5,82.76090981
mp-15691,NpAsS,
mp-15697,Sr2As,
mp-23710,MgH2,49.83938432
mp-15709,LuCo3B2,
mp-11511,LaAlGe,
mp-15779,Mg2SiNi3,126.9595945
mp-19761,LaGe2,64.94486926
mp-13406,LaAgPb,
mp-13407,CeAgPb,
mp-2116,ZrMn2,179.5808885
mp-1343,NdNi2,
mp-15801,Zr3PO2,
mp-15809,Cr2B,
mp-13434,CaMgNi4,106.0120342
mp-15839,NdSbPt,
mp-863661,KMnP,
mp-1584,YbIr2,
mp-2424,LaZn5,
mp-1980,YbNi2,
mp-1761,LuIr2,
mp-1762,ErRh2,
mp-2430,ZrGe2,107.2308113
mp-2263,ScIr2,220.0142527
mp-2435,HoCo5,
mp-704716,CuO2,
mp-2436,EuZn5,
mp-1768,LaOs2,183.2353876
mp-1781,NdRu2,
mp-2000,CuSe2,64.35524564
mp-2462,PrCu5,
mp-2008,FeAs2,133.6514592
mp-2762,YIr2,196.1298857
mp-1805,ErRh5,
mp-2837,PrCo5,
mp-2290,NdRh2,
mp-2295,CaNi2,
mp-690095,CrSbO4,
mp-2851,VSb2,98.37537606
mp-2237,TeO2,144.726231
mp-339,UMn2,
mp-20896,TmInNi4,
mp-27953,Mo2N,299.9928505
mp-21204,ZrNiP,
mp-32884,Ag2S,25.07249421
mp-20913,UGeS,
mp-4219,CeGeAu,
mp-32959,H2O,
mp-20918,ErTiSi,
mp-27981,PuClO,
mp-29723,LaB2Ru3,
mp-27982,PuBrO,
mp-27984,PrClO,
mp-27985,YClO,
mp-27989,CBrN,4.401662326
mp-4233,KMnSb,
mp-30801,NdZn5,
mp-4247,NaZnSb,29.59874241
mp-20954,DyTiSi,
mp-30803,PuNi2,
mp-22631,Co2N,244.7678063
mp-30807,ZrNi4Sn,164.5900358
mp-443,CaAu2,66.5609285
mp-570673,ScNi5,158.6965347
mp-20970,NaMnSb,
mp-24422,CaHBr,
mp-24423,SrHBr,
mp-24424,BaHBr,
mvc-6948,MoO2,
mp-21252,GdCo3B2,
mp-12600,Pr2Tl,
mp-4304,SmSnAu,
mp-28051,SbTeI,
mp-22678,Ce2Sb,
mp-561572,VO2,
mp-28065,ThNCl,
mp-22683,CeCuSn,84
mp-30815,LaAl3Pd2,
mp-28066,ThBrN,22.59183257
mp-28067,ThIN,
mp-4311,HoAgSn,
mp-905838,SmCo5,
mp-29529,NaSnP,
mp-29535,CeSiI,
mp-22707,EuAgSb,50
mp-30822,PuOs2,
mp-4359,Sr2PdO3,95.75418019
mp-796076,VO2,
mp-21049,GdMg2,
mp-4382,YB2Ru3,
mp-21061,GdSbPd,
mp-22740,CeCuSi,
mp-4395,TbScGe,
mp-21068,CaIn2,
mp-442,RhPb,
mp-22117,GdB2Rh3,
mp-1039084,Ce5Mg,
mp-4476,HoCuSi,
mp-22761,CeCuSn,
mp-4938,ScCo3B2,222.5446199
mp-4450,UPS,
mp-558,YMn2,
mp-19756,GdB2Rh2C,
mp-1077278,PuB2Os3,
mp-22783,EuPAu,
mp-13037,TmGe2,
mp-24809,CaH2,
mp-22797,EuPt2,
mp-19712,PrAgPb,
mp-4579,LaSiRu,
mp-30854,UPt2,
mp-1001023,BeC2,82.71614632
mp-19729,EuAsAu,
mp-19733,Ce2In,
mp-19737,LaMnSi,
mp-21201,LaGa3Pd2,
mp-21203,TbCoSi,
mp-21198,DyAgSn,
mp-28248,CdI2,
mp-21194,NdGeRu,
mp-24905,CrClO,
mp-30861,PuZn2,
mp-4628,ZrSiSe,85.62623298
mp-28266,P2Pd,108.6757652
mp-5951,CeMnNi4,
mp-30415,PrAu2,
mp-30865,TmRh2,
mp-22904,CaCl2,32.91860386
mp-21234,EuZnSi,
mp-22909,ZnCl2,6.596709829
mp-1018718,HfTa2N3,
mp-22935,CsBrF,
mp-21249,YMnSi,88.96536415
mp-30875,Ti2Sn,115.3654474
mp-19794,EuSnP,
mp-22941,CaCuBi,
mp-471,CdAs2,
mp-25118,VClO,22
mp-22945,TeRhCl,
mp-3346,HoZrSb,
mp-472,UAl2,82.81155514
mp-22951,BaIF,
mp-22953,YbCuBi,
mp-30877,SrTl2,
mp-22952,CeClO,
mp-1094917,Ce2Mg,
mp-566458,MoO2,
mp-4728,Cu2GeSe3,59.92055061
mp-22957,SrClF,
mp-21260,FeSn,99.9206505
mp-22960,YbCuBi,
mp-21264,OsN2,359
mp-29726,LaSi2Rh3,171
mp-21271,PrMnGe,
mp-29731,HoClO,
mp-22969,PbIF,
mp-19814,NiAs2,113.9029119
mp-4738,PrScGe,
mp-4743,ErTiGe,
mp-30885,YZn5,78.74630396
mp-31900,TaMn2O3,
mp-29736,YAlGe,79.97704701
mp-1094764,CaZn,
mp-22992,TiClO,21.38191354
mp-29742,NdSi2Rh3,
mp-22998,CrSBr,
mp-1039011,MgCd5,
mp-21294,Y2In,53.12359356
mp-4796,GdScGe,
mp-19854,Pr2In,
mp-29754,SrLiN,53.6975242
mp-21305,GdNi5,
mp-480,ErPt2,
mp-19860,CeTiGe,
mp-23023,LaBrO,
mp-23024,SrBrF,
mp-4808,NdAgSn,
mp-23025,LaClO,
mp-764004,NaNi2O3,122.8502455
mp-21318,PtPb2,71.74657002
mp-19867,NpAs2,
mp-19871,PbAu2,
mp-21325,KO2,
mp-4824,NaZnP,44.10297066
mp-23046,SrIF,
mp-33857,CrSbO4,
mp-21373,EuCuP,
mp-4835,LaCuSi,85
mp-19875,GdSiRu,
mp-1039288,Ce2Mg,
mp-23050,GdClO,
mp-23052,ZrIN,19.26679967
mp-21339,CeCoGe,
mp-23058,NdClO,
mp-2985,HoB2Ru3,
mp-21351,Dy2In,
mp-23062,YCI,13.85753209
mp-4854,NdScGe,
mp-21363,TbFeSi,
mp-19898,LaGeRu,
mp-23068,NdBrO,
mp-23070,BaBrF,
mp-23074,BiOF,
mp-29797,GdBrO,
mp-4878,ZrGeSe,102.3875434
mp-20010,DyCuGe,
mp-3402,UTeN,
mp-4895,UTeAs,69
mp-19917,ZrSiTe,35.15704555
mp-21422,YCoC,142.5222925
mp-19923,GdAl2,
mp-21402,PrCr2Si2C,
mp-28458,ErSeI,
mp-1039549,CeMg2,
mp-31098,YB2Ir3,
mp-21416,PuAl2,
mp-20565,MnCoGe,162
mp-1076936,ThSiSe,
mp-1072944,ScCu4Sn,
mp-1072097,GdInPt4,
mp-21192,GdSi2,
mp-567276,TaV2,201.1708984
mp-917,CaC2,55.97385941
mp-1024960,PrScSi,
mp-1072653,UCu4Ag,
mp-1076961,Er2GeRh3,
mp-1076964,GdTe2,
mp-657,YbZn2,
mp-1076973,TiGeSb,
mp-328,Zr2Ni,121.8285346
mp-1882,CaCu5,91.09044692
mp-353,Ag2O,68.15449543
mp-23072,BiBrO,
mp-610522,Mn2As,
mp-1076970,LaScSb,
mp-1076977,DyAlGe,
mp-1076974,Th2Tl,
mp-574,Ta2Co,221.7498221
mp-19876,InNi,103.1395428
mp-1076987,TaNiB,
mp-568411,Th2Ga,
mp-1076992,UIrPt4,
mp-7077,KAuS,
mp-1076988,GdZn2,
mp-8430,KLiS,
mp-19974,In2Ag,
mp-666,UTe2,
mp-321,RhPb2,
mp-1527,TbCu2,
mp-1436,EuAg2,
mp-1077021,TiS2,
mp-10086,YSF,105.7729805
mp-1077015,Na2Cl,
mp-1077029,SmAsSe,
mp-1072824,DyCuSn,
mp-2827,YCo5,
mp-1077026,YSi,
mp-7,S,1.339435265
mp-29210,Li2Ga,
mp-1077016,MgIn2,
mp-9281,ZnTe,
mp-1077038,CeAlIr,
mp-1077045,Ti2H,
mp-1654,CeNi2,121.4274091
mp-1969,NbSb2,96.97265161
mp-227,SmCu5,
mp-570769,CaInCu4,86.93687378
mp-1077033,YbSe2,
mp-759,La2Sb,
mp-8320,SmScSi,
mp-1077056,GdAlGe,
mp-803,DyAl2,
mp-1019888,KNa2BN2,
mp-1077063,La2Bi,
mp-11539,SmAl3Pd2,
mp-611062,EuSb2,
mp-8756,KLiSe,
mp-1024948,LuZn2,
mp-12006,CeCdNi4,
mp-1402,SmNi2,
mp-1077392,TmCuGe,
mp-1077071,GdCo5,
mp-1077089,CdClO,
mp-929,ZrCo2,164.0442765
mp-1077082,TbCdNi4,
mp-1077097,YbZnPb,
mp-1077081,Na2TiO3,
mp-1077099,EuZnGe,
mp-1077144,CdHgS4,
mp-1077096,ReN2,
mp-1077095,LuCdNi4,
mp-1071453,Nd2Bi,
mp-1025122,LuCu2,
mp-1077088,PrCdNi4,
mp-1077107,HgO,
mp-11852,NdCu2,
mp-1077108,SmCuSn,
mp-1077098,Hg,
mp-1077077,CrNi2,
mp-9923,VP2,152.1641923
mp-1077112,EuZnGe,
mp-1821,WSe2,19.9155433
mp-1077125,BC5,
mp-1077116,NbP2,
mp-568746,Bi2Pd,55.08436759
mp-1025069,PrSn2,
mp-8226,ThNF,
mp-1077133,GdCoSi,
mp-1039492,CeMg2,
mp-21117,FeGe2,120.027494
mp-2844,ThSi2,
mp-1077126,DySiNi4,
mp-1567,ThNi5,
mp-7284,USi2,
mp-1077072,GdS2,
mp-1071438,GdNi4Au,
mp-12049,Nd2Sb,
mp-567538,YbCu2,
mp-1024985,ErAlGe,
mp-1077157,IrC2,
mp-1077078,KCN,
mp-998,Al2Cu,99.38560613
mp-1077175,DyCuPb,
mp-1077185,MgTiH4,
mp-1077018,Sm2Sb,
mp-1077165,YbCu4Au,
mp-1077164,LiTi(SO)2,
mp-9939,Hf2Ge,132.6987171
mp-13436,PrMgNi4,
mp-1077183,PrGe2,
mp-1025123,UNi2B2C,
mp-445,NdCo2,
mp-1077023,TiCu2,
mp-602,Te2Mo,15.86164021
mp-1077191,Li2Tl,
mp-1077179,As2W,
mp-5634,NdOF,
mp-22795,Pb2Au,57.22483082
mp-1077201,UAsP,
mp-1025105,LuAlGe,
mp-1077197,CeScSb,
mp-1077167,TmCuSn,
mp-1077156,NdGe5,
mp-1077177,Mg2Ni,
mp-333,HfFe2,162.0429515
mp-1077196,CoO2,
mp-1077109,SmSiPt,
mp-568552,LuNi4Sn,
mp-1077226,YbSnHg,
mp-1034,Th2Cu,
mp-9881,KAuSe,8
mp-1077232,WN2,
mp-1077231,CaClO,
mp-1077228,PrInPt4,
mp-1071588,Zr2H3Pd,
mp-1077233,SmSnAu,
mp-1094926,CeMg5,
mp-1077244,GdZnGa,
mp-12750,SmGe2,
mp-1278,Zr2Si,126.2028532
mp-1077258,Nb2Cr,
mp-1077275,ReN2,
mp-1077554,NaFe2O3,
mp-1077262,TbCu5,
mp-1077251,Er2SiRh3,
mp-1072181,FeSb2,
mp-11329,P2W,189.0923688
mp-10065,UFe3B2,
mp-20155,CoSn2,101.1746849
mp-1077252,Cr2Ni,
mp-1077280,AlNF4,
mp-1077266,KLiS,
mp-1077279,DyNi4Au,
mp-1077288,Na2Cl,
mp-1077225,HfPd5,
mp-22338,EuOF,
mp-1077295,YbAlGa,
mp-1077235,SmO2,
mp-1077267,ErSi2,
mp-1077241,YCu2,
mp-30302,HfBrN,
mp-1077243,K2Zr,
mp-11328,P2W,188.0935501
mp-1077240,NaFeAs,
mp-2699,CaSi2,
mp-1077299,ReN2,
mp-977381,GdMgNi4,
mp-1077297,Zr2Ir,
mp-30849,TaPt2,243.0713449
mp-1077277,UPb2,
mp-1077301,EuC2,
mp-1077293,GdInCu4,
mp-1077290,ErCu4Au,
mp-2129,NdGe2,
mp-1077230,SrMnGe,
mp-1071539,KO2,
mp-1077032,CeZn2,
mp-1072580,CeSiPt,
mp-2152,YNi5,147.8959677
mp-1072113,NbSe2,
mp-1077329,GdPPd,
mp-1077147,HoSi2,
mp-557762,TiS,128.28267
mp-541912,ZrBrN,
mp-1077334,ErMnNi4,
mp-1077332,HoCdNi4,
mp-1077353,TiH2,
mp-22857,CrCl2,
mp-3433,YMgNi4,
mp-19768,NiAsRh,
mp-1077335,U,
mp-1077348,CeInCu,
mp-1077354,ReN2,
mp-569661,YbInCu4,
mp-1077347,UPt4Au,
mp-1077361,BaAsAu,
mp-1077341,YbCu4Ni,
mp-1077340,HoNi4Au,
mp-1077349,ThGeTe,
mp-1077362,YMnNi4,
mp-1077369,RbC2,
mp-1077367,Ce2Bi,
mp-29443,PI2,
mp-1915,Fe2B,227.194006
mp-1077365,YTe2,
mp-32541,WCl4O,4.714975706
mp-1077377,YbCuPb,
mp-570896,Tl2Pd,54.09395869
mp-1077378,CsMnP,
mp-1570,YFe2,
mp-541911,HfNCl,
mp-1077381,Eu2BBrN2,
mp-1077372,Zr2Cu,
mp-1077379,NdCdNi4,
mp-1077374,ThSiS,
mp-1634,MoSe2,17.6045652
mp-21413,RbMnP,
mp-1077386,LiFeP,
mp-1077380,SmInPt4,
mp-568687,TbGa2Co3,
mp-1077383,CsAuS,
mp-1077397,ScCdNi4,
mp-22318,SrAl2,44.76651061
mp-1077404,YbSi2,
mp-1071818,TmCo2B2C,
mp-10910,Al2Ru,167
mp-1077403,SrCoO,
mp-10212,ScGe2,80.50528798
mp-1159,Zr2Fe,124.2649554
mp-14093,TbOF,
mp-1077399,NaAs2,
mp-1077418,USbPd,
mp-1077413,NaPO,
mp-27335,NaAlSi,41.31547099
mp-1522,FeS2,149.8611538
mp-31379,Zr2Sb,106
mp-1077428,NdCu4Ag,
mp-10033,NbS2,23.2779024
mp-2311,NbO,243.4504405
mp-1077429,NbNi2,
mp-2396,HoCo2,
mp-1077443,NdScSb,
mp-19880,FeTe2,
mp-1077452,KMnCl,
mp-695,TiCo2,167.7976708
mp-1077453,HfCuGe,
mp-1077459,YbTe2,
mp-1025034,ThNi2B2C,
mp-1077210,LuGa2,
mp-1077463,ErCuPb,
mp-569833,Zr2Ga,107.1079742
mp-16370,Th2Ge,
mp-1337,MoAs2,
mp-1069,HfSi2,131.919118
mp-9252,HgS,
mp-1077521,GdCo2B2C,
mp-1077469,Li3GdBi2,
mp-1072259,LuSn2,
mp-1077466,CaBi2,
mp-1077471,YbBiAu,
mp-569724,ErAgSn,
mp-1077470,CaNiGe,
mp-2233,Th2Ag,
mp-2463,LuFe2,
mp-22939,BiClO,25.60774561
mp-9938,Hf2Si,141.0716235
mp-1237,UGe2,
mp-1071567,GdSn2,
mp-1077482,TiH2,
mp-2850,B2Os,
mp-1077479,EuBi2,
mp-1077448,TiCo2,
mp-1077485,HoSnGe,
mp-22882,YbBr2,20
mp-1984,TaS2,28.9205591
mp-1077494,NaUO4,
mp-13683,HfGe2,112.6590395
mp-2698,YCu2,79.99769659
mp-1939,ErNi2,
mp-568264,SiSe2,
mp-1077498,ErCu4Ag,
mp-1077305,TlCl2,
mp-470,GeO2,205.74341
mp-1076966,YbS2,
mp-1077510,PrSiGe,
mp-1077512,LaGeIr,
mp-7263,CaGaN,
mp-1077075,CeIr5,
mp-1651,Th2Al,
mp-13010,YSn2,58.12255691
mp-20027,FeP2,179.9904153
mp-20422,KMnP,18.79906697
mp-1071863,PrMgSn,
mp-884,NdSi2,
mp-1077534,PaPt5,
mp-1294,YCo2,114.9434567
mp-1077518,ErCu4Pd,
mp-1077536,ZnSb2,
mp-1024974,YSi2Ru3,
mp-760,FeSe2,117.6128276
mp-7582,GeS2,21.10010567
mp-30147,ZrTiAs,137.6396984
mp-20664,Mn2Sb,86.39035789
mp-861,Hf2Ni,129.6721225
mp-21907,NbSiAs,153.03753
mp-390,TiO2,179.321508
mp-1077545,CaC2,
mp-1025053,ThSiTe,
mp-1077547,TmNi4Au,
mp-1077558,NdScSi,
mp-1070859,TbSiNi4,
mp-1077563,CoTeMo,
mp-20086,MnSn2,64.16086233
mp-1077552,TbNi4Au,
mp-753721,GdOF,
mp-13172,YMgCu4,92.04632059
mp-571664,Zr2Rh,126.2228211
mp-570108,ThC2,
mp-10068,Ce2MnN3,
mp-1077553,Sr2BBrN2,
mp-2322,YAl2,79.60995906
mp-1077556,TbSnGe,
mp-1032,Ta2B,244
mp-607,CeRu2,
mp-1077525,U2S,
mp-1071288,Rb2S,
mp-21105,PuSi2,
mp-1558,SrPd2,
mp-258,ZrV2,140.2010439
mp-850013,VS2,
mp-21419,CeMg2,
mp-580886,ZrIN,22.01514956
mp-1077588,SiNiSb,
mp-1077585,Na4NO,
mp-6947,SiO2,271.7202498
mp-9925,Ca2Sb,
mp-20021,DySn2,
mp-1077599,ScAlGe,
mp-1077596,EuInPt4,
mp-1077589,TaPS,
mp-1072619,PrAg2,
mp-2501,BMo2,293.5094078
mp-1077706,Cr2Co,
mp-1077708,Cr2Fe,
mp-1071230,Zr2Sb3Pd,
mp-1071468,TbMgSn,
mp-992015,TbNi5,
mp-1077718,NdO2,
mp-569426,SrZn2,34.87461381
mp-2801,CeCu2,
mp-1077716,PtO2,
mp-1077722,ScZnPt,
mp-1077723,Zr,
mp-589,TbFe2,
mp-12770,DySi2,
mp-1720,SmRu2,
mp-1077729,YbAlB4,
mp-862,CaSi2,60.05681788
mp-27848,TiIN,23.85153102
mp-1077753,YbZnIn,
mp-1629,Th2Au,
mp-1077034,NdMgSn,
mp-1077736,CeTiGe,
mp-1077735,LaSn2,
mp-1077738,YbCdNi4,
mp-1077744,SmCuPb,
mp-1077745,Fe2Ni,
mp-16421,Zr2CuSb3,91.01215215
mp-1425,TiCr2,198.9108158
mp-1077746,TiFeH,
mp-1077750,YbCu4Pd,
mp-1043,HfV2,144.8665496
mp-9244,LiBC,153.1506113
mp-1077752,TbCu4Au,
mp-1077503,TiSi2,
mp-1025127,UB2Rh2C,
mp-1077762,NdSiPt,
mp-9934,BaMgSi,
mp-2331,B2Mo,295
mp-22752,FeSn2,79.90027782
mp-1077772,NdSnAu,
mp-21284,LiMnAs,
mp-1077768,CeAlAu,
mp-2628,DyCo2,
mp-1077234,Mg2Ru,
mp-1077777,Pr2Bi,
mp-22973,NaMnBi,
mp-1019,YNi2,120.989092
mp-1071904,PrCu2,
mp-1077102,TmSn2,
mp-1077779,ErSe2,
mp-276,TbNi2,
mp-1077209,TmCu2,
mp-11220,Sc2Al,70.28572075
mp-1071448,CeGaCo,
mp-1077785,HoAlGe,
mp-1077593,SmSn2,
mp-1077787,PbCI3N,
mp-474,ErFe2,
mp-568769,LaCo2,
mp-1077797,LaGePt,
mp-2815,MoS2,26.03065306
mp-1077790,NbFe2,
mp-1072248,EuSi2,
mp-1077791,ZrSc2,
mp-1077796,LaInPt4,
mp-2574,ZrO2,168.6405188
mp-1077322,BaAg2,
mp-774,CaNi5,125.0028202
mp-30562,Sc2Co,86.74520096
mp-1077789,ThSiNi,
mp-1025032,PuCu2,
mp-22993,AgClO4,27.0280009
mp-1077811,CuAgS,
mp-2041,HoZn2,
mp-8732,Ta2Se,40.14194079
mp-1077814,Cs2S,
mp-1718,ZrFe2,147
mp-1071319,ZnTe,
mp-1072345,TmMgSn,
mp-13435,CeMgNi4,
mp-537,ErCo2,
mp-862993,ErMgSn,
mp-1077821,NClO4,
mp-1071536,USnAu,
mp-1077398,TbSi2,
mp-764,CeCo5,
mp-1077823,TeO2,
mp-1071541,YbBr2,
mp-1077831,EuScGe,
mp-1077830,Pr2GeRh3,
mp-2582,TiSi2,142.5423545
mp-1077837,LaScGe,
mp-1072865,HoSn2,
mp-1072260,USnPd,
mp-10128,ThGe2,
mp-850,ScNi2,143.6141621
mp-1077900,CeNiSn,
mp-20725,PbO2,116.4959997
mp-1757,DyFe2,
mp-2130,LuNi2,109
mp-1077316,CO2,
mp-2838,UNi5,207
mp-23856,LiHO,13.62062139
mp-1077906,CO2,
mp-22311,EuNi5,
mp-1072735,EuAg5,
mp-1071257,Mn2Sb,
mp-20759,SrMnSn,
mp-1497,TaN,
mp-2769,HoMn2,
mp-568649,Fe2B,
mp-1077013,SmSi2,
mp-20290,TbCuPb,
mp-3223,ThB2Ru3,
mp-1071018,FeGe2,
mp-3093,ErB2Ru3,
mp-1071274,HfV2,
mp-5620,TmB2Ru3,
mp-990985,YFe5,
mp-567353,MnSiNi,
mp-2019,LaRu2,143.39715
mp-1071340,ErFe2,
mp-1077952,EuNi5,
mp-870292,CrO2,
mp-1077803,CaNi5,
mp-571172,In2Bi,
mvc-6929,NiO2,
mp-22787,Fe2Si,236.5235961
mp-1019238,Pd2N,
mp-1080193,MoN2,
mp-1080200,CrN2,
mp-1094928,CeMg5,
mp-1039029,MgCd2,
mp-1080248,CeSe2,
mp-1025095,CeCo2B2C,
mp-1072707,CaGe2,
mp-1080249,CeSe2,
mp-1080252,CeSe2,
mp-1080254,Cs2Se,
mp-1080258,Cs2Se,
mp-1080260,CeSe2,
mp-1080263,CeSe2,
mp-1080271,Cs2Se,
mp-1080276,Cs2Se,
mp-1080275,CeSe2,
mp-1080295,CeSe2,
mp-1080305,CeSe2,
mp-1080330,CeSe2,
mp-1080328,CeSe2,
mp-1080332,CeSe2,
mp-1080340,CeSe2,
mp-1080348,CeSe2,
mp-1077741,YbCu4Ag,
mp-1413,P2Ru,
mp-1080382,ErInPt4,
mp-856,SnO2,171.937217
mp-1080384,DyInCu4,
mp-224,WS2,26.60267032
mp-1080386,PrSiPt,
mp-1080388,PuPt5,
mp-542633,GdCo2,
mp-1898,CeSi2,91.60598273
mp-1080389,ZrTi2,
mp-13955,SmSi2,
mp-903,ZrCr2,181.1426677
mp-571183,TmFe2,
mp-11722,PrGe2,
mp-611471,CaMnSn,
mp-1025067,ReGe2,
mp-1072922,TbSn2,
mp-825,RuO2,251.9744425
mp-1080399,ThB2Rh2C,
mp-1429,SmCo5,144.3837247
mp-1077154,SmCu2,
mp-1080405,DySnGe,
mp-1080407,Ca2CoO3,
mp-1076939,GdMn2,
mp-672702,UInNi4,
mp-38994,NaAlSi4,
mp-10860,CeNi2B2C,
mp-714875,VO2,
mp-910150,CeScSi,
mp-1072182,HoB2Ir3,
mp-1077083,FeSb2,
mp-19372,WO2,228.8055962
mp-1077455,Th2Ag,
mp-1025075,TbB2Ir3,
mp-2533,NbO2,235
mp-6544,LuNi2B2C,
mp-1038949,CeMg5,
mp-1070981,PbBrF,
mp-1094023,V2C,
mp-34688,TiO2,181.9966232
mp-1077355,TbCo2,
mp-1094123,MoO2,
mp-1094135,LiO2,
mp-10116,UB2Ir3,
mp-8123,TmCuSi,
mp-1094156,LiMg2,
mp-1094161,LaMg2,
mp-1094170,La2Mg,
mp-1094189,Mg5Sn,
mp-1094192,Mg2Sn,
mp-1094197,Mg2Sn,
mp-776532,HfO2,217
mp-1094201,La2Mg,
mp-1094215,MgSn,
mp-1094219,MgSn,
mp-1094223,MgSn2,
mp-1094235,MgSn2,
mp-1094228,Mg2Sn,
mp-1094222,Hf2Mg,
mp-1094227,Mg5Sn,
mp-1094240,MgSn5,
mp-1094241,MgSn2,
mp-1094245,MgSn5,
mp-1094253,Zr2Sn,
mp-1094250,MgSn,
mp-1094254,Zr5Sn,
mp-1094271,SrMg,
mp-1094264,Sr2Mg,
mp-1094265,Mg5Ti,
mp-1094282,SrMg2,
mp-1094284,SrMg2,
mp-1094292,Sr5Mg,
mp-1094294,Sr2Mg,
mp-1094299,SrMg,
mp-1094303,Sr2Mg,
mp-1094305,SrMg2,
mp-1094314,Sr5Mg,
mp-1094318,SrMg,
mp-1094319,Mg2Ti,
mp-1094321,SrMg5,
mp-1094322,MgTi5,
mp-1094323,SrMg2,
mp-1094334,SrMg2,
mp-1094332,SrMg,
mp-1094335,Sr2Mg,
mp-1094343,MgTi5,
mp-1094349,MgTi,
mp-1094355,Sr2Mg,
mp-1094362,Mg2Ti,
mp-1094363,YMg,
mp-1094352,Sr2Mg,
mp-1094371,MgTi2,
mp-5578,LuB2Ru3,
mp-1094381,MgTi2,
mp-1094392,Y5Mg,
mp-1094393,Y2Mg,
mp-1094428,MgZn5,
mp-1094429,MgZn,
mp-1094406,YMg2,
mp-1094414,Y2Mg,
mp-1024984,TbInPt4,163
mp-1094423,Y2Mg,
mp-1094426,MgZn2,
mp-1094401,YMg2,
mp-1094431,Mg2Zn,
mp-1094436,MgZn2,
mp-1094435,MgZn,
mp-1094438,Mg2Zn,
mp-1094442,YMg5,
mp-1094441,YMg2,
mp-1094446,YMg2,
mp-1094448,Mg2Zn,
mp-1094457,SrMg2,
mp-1094458,Mg2Zn,
mp-1094462,MgZn5,
mp-1094463,MgZn2,
mp-1094468,Mg2Zn,
mp-1094473,Mg5Zn,
mp-1094450,Mg5Zn,
mp-1094480,Mg2Zn,
mp-1094484,MgZn5,
mp-1094485,MgZn5,
mp-1094487,YMg,
mp-1094492,MgZn2,
mp-1094493,MgZn,
mp-1094498,Mg5Ti,
mp-1094499,MgTi,
mp-1094500,MgZn2,
mp-1094503,Mg2Zn,
mp-1094507,Mg2Sb,
mp-9390,ErCuGe,
mp-1094517,Mg2Sn,
mp-1094420,YMg,
mp-1094532,Mg2Sb,
mp-29403,GaCuI4,4.617064913
mp-1094540,Mg5Sb,
mp-1094541,Mg2Sb,
mp-1094555,Mg5Sb,
mp-1094558,LiMg5,
mp-1094559,LiMg2,
mp-1094569,Li2Mg,
mp-1094576,Li2Mg,
mp-1094580,LiMg,
mp-1094582,LiMg2,
mp-1094581,LiMg2,
mp-1094588,LiMg5,
mp-1094590,Li5Mg,
mp-1094589,LiMg,
mp-1094592,LiMg,
mp-1094606,Mg5Ga,
mp-1094610,Mg2Ga,
mp-1094611,MgGa2,
mp-1094615,MgGa2,
mp-1094617,MgGa,
mp-1094618,MgGa5,
mp-1094620,MgGa,
mp-1094623,Mg2Ga,
mp-1094627,MgGa,
mp-1094628,MgGa2,
mp-1094629,MgGa2,
mp-1094631,Mg5Ga,
mp-1071504,Ti2B,
mp-1094641,MgGa2,
mp-775296,TiMnO4,165.4478906
mp-1094643,MgGa,
mp-1094642,Mg2Ga,
mp-1094651,MgGa5,
mp-1094656,Mg2Ga,
mp-1039435,Ce5Mg,
mp-1094653,Mg2Ga,
mp-1094674,Mg2Ga,
mp-1094684,CeMg2,
mp-715552,VO2,
mp-1071554,LuCo2,
mp-912109,TiBe2,
mp-1094702,Ca5Mg,
mp-913717,SmFe2,
mp-545756,ZnSO4,71.6331706
mp-1094747,Mg2Cd,
mp-1094742,MgCd5,
mp-1072217,DyCo2,
mp-917642,CeGe2,
mp-1071992,YFe2,92
mp-1094930,CeMg2,
mp-932723,EuAg2,
mp-917693,CeMg2,
mp-1094805,Ce2Mg,
mp-905383,ZrNi5,
mp-1039309,Mg2Cd,
mp-1094906,Ca5Mg,
mp-1071670,USnAu,
mp-991086,LaNi5,
mp-1072165,TbFe2,
mp-1076986,TaCo2,
mp-1094983,Mg5Bi,
mp-1097921,CeSe2,
mp-715476,MoO2,
mp-1077579,PuSi2,
mp-1077439,FeSn2,
mp-611183,BaMnGe,
mp-1039208,Ca2Zn,
mp-1072275,CeSiNi,
mp-568069,Ti2Bi,72.34902042
mp-9575,LiBeSb,56.63425445
mp-253,ScCo2,142.1734121
mp-1072572,UB2Ru3,
mp-1038834,Mg2Bi,
mp-1023954,MoWS4,
mp-1097011,IN2,
mp-1096808,BaFeS,
mp-1096897,CeCuPb,
mp-12433,NaSnN,
mp-1094301,SrMg2,
mp-1096995,HfSO,
mp-1097003,FeO2,
mp-1096876,CdO2,
mp-3277,BAsO4,45.95246902
mp-569055,CsLi2I3,
mp-1096880,CaZnPb,
mvc-11221,WO2,
mp-22317,EuGa2,
mp-5046,BeSO4,35.90356394
mp-714880,VO2,232.6783596
mp-571166,CaBr2,25
mp-4336,LaPPd,
mp-1329,LaTe2,52.31131033
mp-1095020,Ce2Mg,
mp-618883,NbSe2,
mp-715508,WO2,
mp-11413,ScGa2,73.94637522
mp-570862,UB2Ru3,
mp-1077474,UGe2,
mp-1098702,CeSe2,
mp-1077476,GdSn2,
mp-1094940,Ce5Mg,
mp-1094766,CeMg2,
mp-550172,SnO2,171.8739339
mp-32669,Ag2S,16.78176553
mp-977218,Li2Mg,21
mp-1011377,CeSe2,58.68502464
mp-12118,InCu2,93.33822814
mp-1029313,NaRuN,93.14066742
mp-976969,MgPb5,
mp-1094659,MgGa2,
mp-9249,NaGeAu,
mp-625136,CsHO,16.87301677
mp-1094907,Mg2Cd,
mp-32497,VBrO,31.91426943
mp-33234,RbO2,
mp-567345,NbRh,218
mp-569406,TmZn2,69
mp-1018653,BaMgPb,
mp-567258,LaZn2,
mp-1039332,Ca2Mg,
mp-861245,LiAgF4,
mp-31053,Ag2S,12
mp-20242,RbMnAs,
mp-1038971,Ce5Mg,
mp-1039334,MgBi,
mp-570093,DyZn2,
mp-569535,Ca2Bi,31
mp-1039318,CaMg5,
mp-27849,TiBrN,32.71611527
mp-1038840,Ca2Mg,
mp-22888,CaBr2,20.73258962
mp-1039463,MgCd,
mp-1025084,HoBC,
mp-30872,ThSn2,70
mp-1039236,MgBi,
mp-1038866,CaMg5,
mp-32758,Ag2Se,
mp-37919,YCBr,
mp-1039393,CaMg2,
mp-30356,SrAg2,41
mp-1039385,Ca5Mg,
mp-15956,YBC,
mp-32811,Ag2Te,
mp-22498,CrSb2,62.12287364
mp-567441,HfIN,23.0496754
mp-147,Se,
mp-1100466,MgSi2,
mp-1077213,KAuSe,
mp-1070802,CaC2,
mp-20583,TlAg3Te2,
mp-1071920,ThGe2,
mp-1072724,MoAs2,
mp-30800,NdZn2,61
mp-782688,Li2FeF4,61.32756472
mp-9578,Ba3(AlSi)2,35.17060471
mp-9577,Ca3(AlSi)2,49.73922939
mp-696904,CaBi2(CO)2,
mp-7443,Nb2CrSe4,76
mp-743752,Al4C3,
mp-9583,K2ZnF4,44
mp-8129,NiC2(SN)2,
mp-676197,Al2HgS4,
mp-686717,Fe2NiSe4,
mp-9498,Nd2C(NO)2,
mp-9499,Sm2C(NO)2,
mp-9211,Tm2Fe2Si2C,
mp-9497,Pr2C(NO)2,
mp-7377,Ba3(AlSn)2,31.02465217
mp-7376,Sr3(AlSn)2,36.40329565
mp-9177,Y2Al3Si2,86.07109888
mp-8335,Ba2ZrO4,106.234863
mp-569396,BaLi2(MgGe)2,34
mp-765406,Nd2NiO4,
mp-8299,Sr4As2O,
mp-8298,Sr4P2O,
mp-8753,K4HgP2,
mp-8752,Na4CdP2,16
mp-979966,Yb2Cr2C3,
mp-7910,Al2HgTe4,25.9994988
mp-9321,Ba2HfS4,57.6061056
mp-569600,Ge3As4,47.01181103
mvc-16803,Li(NiO2)2,
mp-771663,LiV2O4,70
mp-7726,Rb2UO4,
mp-8300,Ba4As2O,37
mp-7725,Na2UO4,
mp-7724,Li2UO4,
mp-675410,Ba2U2O3,
mp-8976,Cu2WS4,13.22156409
mp-8963,Cs2HgF4,
mp-8962,Rb2HgF4,
mp-889,Cr3B4,299.0249865
mp-8861,Rb2MgF4,39.84795146
mp-6574,Er2C(NO)2,
mp-8789,Ca4As2O,
mp-771532,Li(NiO2)2,93.0133031
mvc-13497,AlCuF5,
mvc-13350,Cu2GeS4,
mp-677548,Na(NO2)2,
mp-9799,Yb4As2O,
mvc-13140,Cu2GeSe4,
mp-7068,Sr3(AlSi)2,43.10647914
mvc-13133,Cu2SnSe4,30.89288793
mp-9774,Ba4Sb2O,
mp-1025204,Al2FeS4,
mp-771636,Li(CoO2)2,
mp-676586,Na(VS2)2,42.57189882
mp-673844,Cr(FeSe2)2,
mp-7096,Fe3S4,
mp-9254,Al2Te5,6.272594417
mp-608174,K2MnF4,
mp-685023,Sr4N3,
mp-684963,Fe3Se4,
mp-1078110,Mn(GaS2)2,
mvc-3451,YWF5,
mp-908256,Lu(FeO2)2,
mvc-11142,CrF6,
mp-684588,Sn3P4,
mvc-15785,YSnF5,50
mvc-16811,LiMn2O4,
mvc-10923,Ca(FeO2)2,
mp-9872,K4BeP2,
mp-8682,Ca2SiO4,152
mvc-14755,YCuF5,
mp-675633,Ag4AuS2,
mp-675577,Mn(InTe2)2,
mp-973756,Lu2Mo2C3,166
mp-573,Ni3Se4,91
mp-8672,La2PdO4,
mp-990076,P2O5,
mp-990764,V3Se4,
mp-3776,Er2Mo2C3,
mp-3194,Tb2Al3Si2,
mp-5749,Cr2FeSe4,48.59028886
mp-634817,CaZn2(PO)2,
mp-632442,Al4C3,
mp-1025279,Ti(CrSe2)2,
mp-1025269,Ti2CoS4,
mp-1025268,Pu2W2C3,
mp-1025267,Cs2CaBr4,
mp-1025266,Tb2Cr2C3,
mp-1025264,U2W2C3,
mp-1025262,Sm2Fe2Si2C,
mp-1025249,Sm2Re2Si2C,
mp-1025245,La2Re2Si2C,
mp-1025240,Dy2Re2Si2C,
mp-1025239,Cr2CoTe4,
mp-1025235,Fe(CoSe2)2,
mp-1025232,V2CrSe4,73
mp-1025230,U2Re2C3,
mp-1025224,V(CrS2)2,
mp-1025210,Nd2Re2Si2C,
mp-1025205,Y2Re2Si2C,
mp-1025203,Ti2VSe4,
mp-1025195,Nb2VSe4,
mp-6328,Na2Ti2Sb2O,
mp-1025190,Co2NiSe4,
mp-1025189,Tb2Re2Si2C,
mp-1025185,Cs2CaCl4,
mp-1025182,V2FeSe4,
mp-1025180,Mn(CrSe2)2,
mp-1025181,Tm2Cr2C3,
mp-1025175,Lu2Cr2C3,
mp-1025174,U2Mo2C3,
mp-1025173,Ti(MoS2)2,
mp-28627,K4Br2O,
mp-676398,Rb2CrCl4,
mp-1025151,Cr2NiSe4,75
mp-676144,Ti(CrS2)2,
mp-676089,Fe2CoSe4,
mp-676073,Cr2CoSe4,
mvc-15887,AlCrF5,
mp-1025207,Ti(CrTe2)2,
mvc-15886,AlCoF5,
mvc-15885,AlWF5,
mp-675929,Ti(FeSe2)2,
mp-675747,V(FeSe2)2,
mvc-15700,TeF6,
mp-676036,Ba(FeS2)2,
mp-555347,Sr2CoO4,
mp-3813,Ba2ZrS4,56
mp-1025231,Pr2CrS4,
mp-762221,LiCoSiO4,
mp-1025384,Pr2Re2Si2C,
mp-1025382,Th2Fe2Si2C,
mp-1025380,Cr2FeTe4,
mp-6123,Ba2Pd(OF)2,
mp-1025378,V2FeTe4,
mp-1025372,Y2Cr2C3,
mp-1025369,Tm2Mo2C3,
mp-1025368,Ti2VS4,
mp-1025363,Dy2Mo2C3,
mp-1025362,Er2Re2Si2C,
mp-1025361,Gd2Re2Si2C,
mp-1025357,Lu2Fe2Si2C,
mvc-14726,AlNiF5,
mvc-14725,MnAlF5,
mp-1025347,Ti2CoSe4,
mp-1078223,Eu(Ag2Sb)2,
mp-675943,K3UF3,
mp-1025341,Si2NiSe4,
mp-1025337,Tl2CdTe4,
mp-8608,K(Cu2As)2,52.24311653
mp-8607,Na(Cu2Sb)2,
mp-1025326,Tb2Mo2C3,
mp-1025322,V(CoSe2)2,
mp-1025320,Ho2Re2Si2C,
mp-1025318,Co(NiSe2)2,
mp-1025290,La2Fe2Si2C,
mp-1025289,Ce2Fe2Si2C,
mp-1025285,Ce2Re2Si2C,
mvc-13983,AlVF5,
mvc-13902,AlSnF5,
mvc-13886,TiAlF5,
mp-985304,Cr(GaS2)2,
mp-610992,HgC2(SN)2,
mp-5928,Al2CdS4,38.68606479
mp-755293,Sr4Sb2O,
mp-8079,B5W2,
mp-690475,Cr2HO4,
mp-1025314,Mn(AlS2)2,
mp-7684,Tl3AsSe3,
mp-6867,KCaCO3F,
mp-7907,Al2ZnSe4,38.08905018
mp-7906,Al2HgS4,37.888738
mp-1094008,Zn(GaS2)2,
mp-675334,LiTi2O4,
mp-8499,Ho2Cr2C3,
mp-675078,Ba(FeS2)2,41.80271799
mp-8393,Tl3SbS3,
mp-1025282,Ti(VTe2)2,
mp-3159,Al2CdSe4,33.01027847
mp-1003314,KMn2O4,
mp-690522,Mo2Cl4O,
mp-3808,K2UO4,
mvc-3478,YNiF5,
mp-714961,Ni3O4,143.1684409
mp-569176,Fe3Se4,
mp-5699,K2CuF4,43.41894335
mp-656253,Mn(GaS2)2,
mp-675543,Bi2PbSe4,
mp-1025283,PrIn5Rh,
mp-1025280,Sr2Cu(OF)2,
mp-934697,Rb2CrCl4,
mp-1025277,Pr2AlNO3,161
mp-1025275,Ce2AlNO3,
mp-1025276,Sm2AlNO3,
mp-1025274,Cs2NpO4,
mp-1025273,Cs2YbH4,
mp-1025265,Cs2CuF4,
mp-1025257,TmGa5Co,92
mp-1025246,Er2B4C,
mp-1025242,ScGa5Co,
mp-1025241,ScGa5Fe,
mp-1025237,Ba2RuO4,
mp-1025229,TiGa5Co,
mp-1025225,ErGa5Co,
mp-1025223,Hf4Al3,
mp-1025221,Zn(NF2)2,
mp-1025213,InPPt5,
mp-1025208,Cs2PuO4,
mp-1025206,Eu2AlNO3,
mp-1025200,Eu2TiO4,
mp-1025198,NpGa5Ni,
mp-1025193,HfGa5Co,
mp-1025191,ScGa5Ni,90
mp-1025227,Rb2MgCl4,
mp-1025183,Ho2B4C,164
mp-1025179,Rb2NpO4,
mp-1025177,Rb2CuF4,37
mp-1025176,HfGa5Ni,91
mp-1025170,Ti3B4,224.7979905
mp-1025167,Hf(VGa2)2,
mp-1025166,MgAlF5,
mp-1025163,Gd2C(NO)2,
mp-1025162,K2NpO4,
mp-1025158,K2PuO4,
mp-1025155,LuGa5Co,
mp-1025154,UTl2O4,
mp-1025150,Cu2WSe4,
mp-1025379,Tb2B4C,
mp-1025375,YGa5Co,
mp-1025371,CdPd5Se,
mp-1025366,SiSbPt5,
mp-1025360,Na2Ti2As2O,
mp-1025356,ZnAsPt5,
mp-1025355,ZrGa5Co,
mp-1025353,TlAsPt5,
mp-1025352,Ce2C(NO)2,
mp-7908,Al2ZnTe4,29
mp-1025350,Nb2CoS4,
mp-1025349,Sr2ZrO4,
mp-1025343,Mn(NCl2)2,
mp-1025340,Cu2WSe4,
mp-1025338,Tl2CuF4,
mp-1025334,Cs2TmH4,
mp-1025252,Cs2MnCl4,
mp-1025333,AgWS4N,
mp-1025331,In2AgSe4,
mp-1025325,NpGa5Co,
mp-1025324,SiSnPt5,
mp-1025319,Nd2PdO4,
mp-1025313,TiGa5Ni,
mp-1025312,Mn(NbS2)2,
mp-1025305,Nb2CuS4,
mp-1025306,AlAsPt5,
mp-1025288,TbGa5Co,
mp-1025286,Rb2ZnF4,
mp-624929,CdInGaS4,
mp-7909,Al2CdTe4,25.62153209
mp-1078029,Nd2NiO4,
mp-974690,Rb2CuCl4,
mp-570377,Sn3As4,38.97807225
mp-764366,LiCoCuO4,
mp-690110,VMoO5,81.04217758
mp-755169,Tl6S,
mp-755117,Ba2IrO4,
mp-1078138,Mg6V,
mp-676877,Nb(Cl2O)2,
mp-753380,La(BiO2)2,
mp-676464,Cd3AsI3,
mp-676422,Ta2O5,
mp-753195,Li2WS4,6.513499581
mp-753192,Yb4Sb2O,53.54444842
mp-1097894,MgMn2O4,
mp-3772,Cd(GaSe2)2,
mp-850014,V3S4,
mp-31294,Sr2In3Rh2,
mp-752948,LiAg2F4,
mp-27861,Ce(Re2Si)2,
mp-22934,K2PtCl4,11.79021407
mp-10955,Sn(HgSe2)2,
mp-760417,Rb4I2O,
mp-866818,Ca2SnS4,
mp-752843,Li2CuF4,43.22610033
mp-764226,Li2VF4,41.43217703
mp-762018,LiCoPO4,
mp-1025321,Rb2Cr(BrCl)2,
mp-7700,SiB6,151.4253905
mp-20874,EuB6,
mp-19961,CeIn5Co,
mp-28483,WBr6,
mp-31002,Rb2Te5,
mp-19988,SmGa5Co,72
mp-29896,Y2B3C2,149.4116885
mp-21479,LaIn5Rh,2
mp-2991,Cs2UO4,
mp-26477,LiCuPO4,
mp-28591,Na4HgP2,
mp-28599,Na4Br2O,
mp-20098,Ba2PbO4,85
mp-31082,Li4ZrGe2,
mp-23353,Cu2HgI4,13.63447456
mp-30004,Rb4Br2O,
mp-28637,Li4FeN2,
mp-34467,Zn(GaS2)2,44.93718836
mp-20476,In2CuO4,
mp-571420,Ba(NiP2)2,97.72926753
mp-20174,Ni3Sn4,98.4362048
mp-28702,Gd2B3C2,
mp-27243,K2PtBr4,10.76261564
mp-1025351,Sr4Bi2O,
mp-27207,K2MgCl4,21.6167251
mp-31212,K2MgF4,46.74536118
mp-23485,Ag2HgI4,10.77721445
mp-27263,Rb2MnBr4,
mp-34735,Ho2CdS4,
mp-21863,Pd3(PbS)2,57.08461774
mp-28838,U3(SiC)2,
mp-561689,CsLiMoO4,
mp-20374,Ho2C(NO)2,
mp-570771,BaLi2(MgSi)2,
mp-23752,Cs2MgH4,13.41411091
mp-3513,Dy2Al3Si2,
mp-1001581,LiC6,152.1862491
mp-28895,Ba(P2Pd)2,87.62806671
mp-5051,Ho2Mo2C3,
mp-28927,Ba(NiP2)2,97.56234514
mp-27410,Sn4P3,
mp-35539,Zn2GeSe4,34
mp-30315,Ca3BN3,80.91642822
mp-35663,Sr(InTe2)2,
mp-23956,K2MgH4,22.76613216
mp-35777,Mg(InTe2)2,22.50376086
mp-35795,BiPbF5,
mp-30410,Mn2Au5,126.6441166
mp-27512,Cr2NiS4,111.8021523
mp-20627,YbGa5Co,64
mp-20635,TbIn5Rh,
mp-36194,Ba2TiO4,
mp-24148,LiLa2HO3,123.0091789
mp-24150,LiNd2HO3,
mp-22234,Eu2C(NO)2,
mp-27607,Bi4Se3,
mp-22253,Zn(InS2)2,34.17757586
mp-27617,Ce2SeF4,
mp-22266,GdB6,
mp-36577,Sr(AsS2)2,
mp-505534,PuB6,
mp-27660,Ba(FeS2)2,40.61712628
mp-22304,Cd(InSe2)2,23
mp-20731,In2HgSe4,
mp-22306,Eu2CuO4,
mp-554212,Tl2Ni3S2,53.92508063
mp-37163,Ag2HgI4,
mp-29216,Cs2PtCl4,
mp-20793,Ga2FeS4,19.49299192
mp-37458,Na2HF4,
mp-27816,Ag3BO3,
mp-38117,Ba(GaTe2)2,
mp-27840,Cr3Se4,66
mp-38394,Ba(AlTe2)2,21.45806695
mp-38605,Sn(BiTe2)2,17.82744069
mp-29342,Ca3PCl3,
mp-29889,Tl2PdCl4,13.90291248
mp-1094006,Zn(GaS2)2,
mp-22978,Rb2MnCl4,
mp-7983,Mg2SiO4,
mp-18724,Sr2CoO4,112.428606
mp-31507,Sb2Te4Pb,
mp-18839,Pr2NiO4,
mp-18854,Sr2CrO4,91
mp-18972,Sr2VO4,130.664021
mp-18978,Sr2MnO4,
mvc-3272,YMnF5,
mp-542615,Bi3Se4,
mp-5380,Ca4P2O,
mp-569270,V3B4,278
mp-568032,Cd(InSe2)2,
mp-571461,K4ZnAs2,
mp-30766,Li5Sn2,30.72297231
mp-676250,Bi2Te4Pb,
mp-1025315,Mn(AlTe2)2,
mp-624688,Ta2O5,
mp-770986,LiVBO4,
mp-675475,Li2MnBr4,
mp-752483,LiBiF5,
mp-767409,Li5SbS,
mp-675701,Ca(HoSe2)2,
mp-675163,Mn(CuCl2)2,47.36221751
mp-643260,Na2H4Pd,23
mp-762809,LiNiSnO4,
mp-643257,K2H4Pd,14
mp-861184,Li2WS4,
mp-863745,RbSrCO3F,
mp-767069,LiVSiO4,
mp-1078075,Sr2RuO4,
mp-770606,Eu2CoO4,
mvc-3524,YVF5,
mp-865427,KSrCO3F,
mp-636565,YbIn5Ir,
mp-770352,Eu2NiO4,
mp-1025345,Ti2CrTe4,49
mp-763348,Li2MnF4,
mp-675748,Zn2GeS4,41.61930247
mp-656887,Ni3O4,145.6887385
mp-611385,Rb2CoF4,
mp-765875,LiMnPO4,
mp-769951,Ba2MnO4,
mp-623006,UGa5Ir,
mp-765859,LiMnPO4,
mp-19735,La2CuO4,144
mp-753833,Li2CrS4,
mp-21063,U4S3,
mp-777130,Li2FeF4,27.44181425
mp-755875,Ti3O4,178.426684
mp-777005,Li2FeF4,24
mp-1025250,RhF6,
mp-655275,HgC2(SN)2,
mp-1025192,Ta4C3,
mp-1025168,RuF6,
mp-762631,LiFeSiO4,
mp-768368,K4I2O,
mp-1025156,NpB6,
mp-793791,Sm(FeO2)2,
mp-765445,Li2VF4,59.17639583
mp-1025374,ReF6,
mp-1025373,TcF6,
mp-34169,Zn(InSe2)2,30.17187345
mp-754808,La2MgO4,
mp-626503,V2HO4,159.5694063
mp-772012,LiFePO4,
mp-1014460,Cr3N4,
mp-754434,Hf3N4,
mp-754364,Y2CuO4,145.0785111
mp-754363,Ba2HfO4,109.9035023
mp-571491,HoB6,
mp-545481,Ca2Cu(BrO)2,
mp-16337,Ga2HgTe4,24.13775026
mp-561317,Rb2NiF4,41.08776352
mp-545788,Ba3ZnN2O,
mp-567655,Sr2C(NCl)2,
mp-546679,Nd2AlNO3,
mp-546862,HgPb2(ClO)2,
mp-546864,Y2C(NO)2,
mp-546898,Sr2Cu(BrO)2,
mp-549308,LiGeBO4,
mp-549487,Sr2Cu(IO)2,
mp-550751,BaBeSiO4,
mp-569496,Ce(SiAu2)2,
mp-551826,NbTlBr4O,
mp-551873,Ca4Bi2O,43
mp-571653,C3N4,
mp-568319,DyB6,
mp-568349,Cr(FeSe2)2,68.52216165
mp-1025297,SmC6,
mp-557373,Cu2WS4,15.51527825
mp-557427,K2CoF4,47.15396529
mp-569662,V2NiSe4,22.90335888
mp-568505,As4C3,
mp-554304,Bi2Pd3S2,
mp-568541,Dy2B4C,
mp-559634,Ni3(BiS)2,
mp-568598,Cu2HgI4,18.23687833
mp-568624,Tb2B2C3,
mp-33880,Sr(GaTe2)2,
mp-554907,Co3(SnS)2,
mp-555370,V(MoS2)2,94.71245933
mp-558547,K2MnF4,
mp-558836,MoF6,
mp-582618,Eu2C(NCl)2,
mp-570097,Sr(Li2P)2,42.29355769
mp-754353,Zr3N4,
mp-754327,Ho2CuO4,
mp-754322,Sr2CuO4,105.6946207
mp-1096797,HgB6,
mp-761486,LiFePO4,
mp-15669,Ti3Te4,59.54604187
mp-553952,Li(CoO2)2,89.22784857
mp-753654,LiSnPO4,
mp-768305,Sr2HfO4,123.4101521
mp-763098,Li2MnF4,
mp-29873,Rb2CdCl4,
mp-697133,Cs2CaH4,
mp-778079,BaYF5,
mp-763012,Li2MnF4,
mp-30244,Mg2H2O3,51.12563165
mp-625281,U(HO2)2,
mp-972048,Zn6Mo,
mp-866522,Ca2SnS4,
mp-21376,Nd2CuO4,
mp-980193,Ti2H4Pd,
mp-865,CaB6,149.1799557
mp-1078069,Al2ZnS4,
mp-1096816,Al2ZnS4,
mp-568925,Ni2Sn4Au,
mp-559959,Rb2CoF4,40.29270105
mp-1025219,Ti2VTe4,
mp-1025278,V2CrTe4,
mp-570256,Ag2HgI4,14.02493813
mp-570272,Tb2Mg3Ni2,67
mp-568661,Cd(InSe2)2,25.46710883
mp-569167,Nb4N3,280.4287283
mp-1077959,Cr3S4,
mp-32554,Ta2I5,
mp-7502,K2Sn2O3,
mp-8628,Te4Pt3,49.2522932
mp-541885,In3Te4,
mp-1025309,Pr(Re2Si)2,
mp-5090,Ti2FeSe4,58.55160895
mp-30207,La3GaBr3,
mp-584660,LiCuPO4,
mp-570744,Si3As4,59.04197594
mp-556546,K2NiF4,46.78901388
mp-28497,Cs2CrCl4,
mp-570910,Rb2CrCl4,
mp-510564,NdIn5Rh,
mp-560610,Sr2Co(ClO)2,
mp-10188,Fe3S4,
mp-1022723,Ce2Cu(NO)2,
mp-1096844,BiB6,
mp-1023124,Co2MoS4,
mp-21042,Te4Pt3,
mp-11800,Co3Se4,94.90787667
mp-24931,In(FeO2)2,
mp-4860,Gd2CuO4,
mp-601193,Pt3O4,205.8202701
mp-242,SrB6,147
mp-1004377,HfB6,
mp-8874,LiSiBO4,
mp-19171,Y(FeO2)2,
mp-12940,HoIn5Rh,
mp-1096772,Ni3Cl4,
mp-1474,Re3P4,186.9315495
mp-917351,Rb2CrCl4,
mp-15776,Zn(GaSe2)2,36.79493593
mp-1078106,Mn2SnS4,
mp-19415,Er(FeO2)2,
mp-1077970,Fe3Se4,
mp-571352,TmB6,
mp-643141,K2Si2Pb2O,
mvc-3449,YCrF5,
mp-7863,Rb2Sn2O3,24.06674225
mp-20972,YbIn5Co,
mvc-16029,Ca(TiS2)2,
mvc-16231,AlFeF5,
mp-9791,Tl3AsS3,
mp-546142,Na2UO4,
mp-866819,Ca2SnS4,
mp-554575,In2Co3S2,
mp-1096825,B6Pb,
mp-27138,K2PdBr4,9.369522796
mp-1003311,CaMn2O4,
mp-1002571,NaMn2O4,
mp-917343,Ga2NiS4,
mp-27294,Ca3AsBr3,
mp-1002568,MgMn2O4,
mp-1001788,ZrB6,179.2738819
mp-690521,K3CrF3,
mp-690578,Nb2SiTe4,
mp-10055,Co2B4Mo,303
mp-10118,Mn3B4,
mp-13649,Cs2AgF4,
mp-13650,Ca2GeO4,
mp-13660,Ca4Sb2O,
mp-11705,Dy2Fe2Si2C,
mp-11719,K4ZnP2,
mvc-3515,YCoF5,
mp-10254,Sr2IrO4,
mp-11873,TlAsPd5,136.269461
mp-12004,Er2Al3Si2,88
mp-12005,Tm2Al3Si2,
mp-12039,Gd2Mo2C3,
mp-10441,Sr(Cu2As)2,
mp-10442,Eu(Cu2As)2,
mp-1756,ThB6,196.5284265
mp-10669,Ba3(AlGe)2,33.26892458
mp-10670,Ca3(AlGe)2,46.68804016
mp-10671,Sr3(AlGe)2,40.5862518
mp-12531,Sn4As3,
mp-1076,KB6,
mp-557156,Sr2Co(BrO)2,
mp-14790,Ge(Te2As)2,23.05373475
mp-12660,LuB6,
mp-2643,Ti3Cu4,132
mp-12762,PrB6,174
mp-12763,TbB6,175
mp-15157,Cs2CaF4,
mp-12872,ErIn5Co,
mp-11100,YbIn5Rh,
mp-1077913,Ga2HgS4,
mp-1929,NdB6,174.3163752
mp-1296,ErB6,
mp-11175,LiZnPS4,30.39434866
mp-13038,Dy2C(NO)2,
mp-13039,Tm2C(NO)2,
mp-13041,Yb2C(NO)2,
mp-13263,Ce2Mo2C3,
mp-13264,Sm2Mo2C3,
mp-11445,Y(TiGa2)2,95.20266229
mp-15660,Nb4C3,
mp-15722,Fe2B4Mo,308.273524
mp-15780,MgPPt5,197.5695253
mp-570122,Cr3Te4,29.6715726
mp-1591,Al4C3,160.1544918
mp-1595,Nb2O5,138.7185983
mp-16052,Ba(Cu2As)2,74.36703137
mp-419,YbB6,
mp-22607,Zn(InSe2)2,22.80599816
mp-4210,Sm2CuO4,
mp-20911,LaIn5Ir,
mp-19102,Sr2FeO4,111.4710483
mp-15777,Zn(GaTe2)2,28.30616821
mp-32994,Hf4N3,224.9520228
mp-28006,Ca(Cu2As)2,
mp-3328,Ho2Al3Si2,
mp-29484,K4HgAs2,
mp-1096814,Al2ZnS4,
mp-19237,Sr2MoO4,
mp-20975,CeIn5Ir,
mp-20996,DyIn5Rh,
mp-569898,Ce3GaBr3,
mp-28069,Ca3AsCl3,
mp-21020,Sr2UO4,
mp-24517,Rb2CaH4,
mp-4410,Yb(Al2Mo)2,
mp-29584,K4BeAs2,
mp-29585,K4CdAs2,
mp-28163,K2PdF4,23.98128508
mp-24840,Sr2Co(ClO)2,
mp-24866,Sr2Co(BrO)2,
mp-28229,Bi4Te3,
mp-29674,Al2B2Ru3,229.8246884
mp-33397,Cd(GaSe2)2,
mp-28302,K4CdP2,
mp-25091,La2NiO4,
mp-22937,Na4I2O,
mp-21251,UGa5Ni,
mp-25120,Eu2VO4,
mp-4732,UGa5Co,
mp-22967,Li2FeBr4,20.32197836
mp-3359,Ba2SnO4,95.98002234
mp-22980,Li2CoCl4,24.95887865
mp-28376,CuAuF5,28.44548964
mp-20294,CeIn5Rh,
mp-29761,UCO5,
mp-3376,Sr2SnO4,
mp-33916,Nd2CuO4,
mp-4856,HoGa5Co,
mp-33985,Ba(InTe2)2,
mp-19911,TmIn5Co,
mp-4909,V2NiS4,101.4367375
mp-21398,HoIn5Co,
mp-23102,Sr2Cu(ClO)2,
mp-21414,LaIn5Co,
mp-23143,Ca2Cu(ClO)2,
mvc-16010,YFeF5,
mp-1025201,Rb2PdCl4,
mp-1077852,SrB6,
mp-665152,Mn(GaSe2)2,
mp-954,BaB6,
mp-1077840,Mn(BiTe2)2,
mp-2203,YB6,
mp-2680,LaB6,173.8756416
mp-21343,CeB6,
mp-6996,SmB6,174.8347689
mp-1077893,Ba(FeSe2)2,
mp-1077875,Sr2RhO4,
mp-8560,SF6,6
mp-1077902,Li(Mg2Si)2,
mp-1077915,HgAsPd5,
mp-1077874,Tm(FeO2)2,
mp-5532,Sr2TiO4,126.9818819
mp-1025304,Zr(TiGa2)2,
mp-1025271,AlPPt5,
mp-1077903,Tl2Pd3Se2,
mp-1025302,HgPPd5,
mp-1025329,TlSiPt5,
mp-1077918,Sr2TcO4,
mp-1077925,Na5Sn2,
mp-1077911,UGa5Os,
mp-1025261,MgPPd5,
mp-1077904,CdPb2(ClO)2,
mp-1077928,Tm2Mo2C3,
mp-1025358,Er(Al2Mo)2,
mp-1077930,Ta(MnB2)2,
mp-1077935,V2CoS4,
mp-1077939,Cr(Te2Rh)2,
mp-1025383,TlPPt5,
mp-1025159,Te4Rh3,
mp-6624,Tb2Fe2Si2C,
mp-1077954,Ce(ZnAu2)2,
mp-1077953,Eu4As2O,
mp-19317,Yb(FeO2)2,
mp-1025187,CdPPt5,
mp-1077942,Rb2TeSe4,
mp-1025335,Lu(TiGa2)2,
mp-964,Cr3S4,
mp-1077948,Te4Pt3,
mp-1025359,Fe(NiSe2)2,
mp-3167,Hg2GeSe4,
mp-4152,Ga2CoS4,44.19598604
mp-9479,Mg(AlSe2)2,14.71967451
mp-10142,Ta3B4,
mp-22596,Ni3(PbS)2,
mp-467,Th3N4,
mp-1025386,HgPPt5,
mp-1077975,Sm4Bi2O,
mp-1077988,Mn2B4W,
mp-1077960,Er2Mo2C3,
mp-571518,WCl6,
mp-1077994,SiSnPd5,
mp-12752,Zr4Al3,108.1282594
mp-1025364,Dy(TiGa2)2,
mp-1078003,DyGa5Co,
mp-1025377,Cd(AgI2)2,
mp-1025339,Y2Fe2Si2C,
mp-1077996,Cr(RhSe2)2,
mp-1077982,Tb2Fe2Si2C,
mp-1077991,Cs2TmCl4,
mp-1078002,Mn(GaSe2)2,
mp-1078008,CaNi5H,
mp-23521,Rb2CrCl4,
mp-1025218,SiPt5Pb,
mp-1078000,Mn(CrS2)2,
mp-1078005,K(Cu2Sb)2,
mp-1078010,YIn5Co,
mp-1025172,Ho(TiGa2)2,94
mp-1078014,SiSbPt5,
mp-1078015,Al2FeS4,
mp-4158,Nd2CuO4,130
mp-1078018,La(ClO)3,
mp-1025248,TlPd5Se,119
mp-1025293,InAsPd5,131
mp-1025323,Dy2Cr2C3,
mp-1025348,TlPPd5,
mp-697096,Na2H4Pt,23.22986087
mp-1025346,GaAsPd5,144
mp-19191,Nd2NiO4,
mp-7229,B5Mo2,
mp-1078033,UGa5Rh,
mp-541937,Zn(InS2)2,31.97065343
mp-1078035,Sm2Cr2C3,
mp-865146,MgAsPt5,181.857661
mp-4181,Pr2CuO4,129.4157747
mp-10255,Nb3B4,273.9442218
mp-1025236,Sc(TiGa2)2,
mp-1025299,Tl2CdTe4,
mp-1078049,Zn(GaS2)2,
mp-1077866,BaZnBO3F,
mp-1078053,Ga2FeSe4,
mp-1078054,Sn2Rh3S2,
mp-1077905,InRh3PbS2,
mp-1025258,ZnPPd5,
mp-1078058,Ti(CrS2)2,
mp-1025161,InPPd5,
mp-1025253,Tb(TiGa2)2,
mp-1078064,Ca(CdAu2)2,
mp-22700,V3Se4,80.00974869
mp-15652,Rh3(PbS)2,
mp-1025291,Ti(NbSe2)2,
mp-1025220,SiAgPt5,
mp-19765,In2HgTe4,19.82071545
mp-1078074,UGa5Pt,
mp-4596,Sr2RuO4,
mp-1078077,V2CrS4,
mp-1078079,AgPPd5,
mp-1078078,Co(SiSe2)2,
mp-6959,Ga2NiS4,20.15615724
mp-1078081,K2CuF4,
mp-1025296,SnPPd5,
mp-5350,Zn(GaS2)2,44.02883664
mp-8102,W3N4,
mp-1078085,Cs2PdCl4,
mp-1078086,In2Ni3Se2,
mp-19747,Ni3(PbSe)2,55
mp-1025370,InSiPt5,
mp-27948,Ge(BiTe2)2,
mp-1078092,PrIn5Ir,
mp-1078093,CaNi5H,
mp-20025,Mn(GaS2)2,
mp-1025194,Pr2Fe2Si2C,
mp-1025165,Zr(VGa2)2,127
mp-5528,Ni3(SnS)2,
mp-1078098,UGa5Fe,
mp-1078100,CdPPd5,
mp-1025385,AgPPt5,
mp-19804,In2Co3S2,
mp-1078104,Fe2CoSe4,
mp-21139,Mn2SnS4,
mp-1078107,CaNi5H,
mp-1078108,Mn2B4Mo,
mp-1078111,CuMoS4N,
mp-1078113,V(FeSe2)2,
mp-1078114,ReCl6,
mp-1077985,Pd(NCl2)2,
mp-1025270,GaPPt5,
mp-1077883,In2Rh3S2,
mp-1077979,InPd5Se,
mp-19807,Co3(SnS)2,
mp-1025222,ZnPd5Se,
mp-1078123,Ti4H3,
mp-1077978,Ti3Se4,
mp-1078125,NdIn5Co,
mp-20708,In2Ni3S2,72.40304358
mp-4452,Cd(GaS2)2,36.40083141
mp-1025263,Ti2NiS4,
mp-1077901,InCo3SnS2,
mp-4809,Ga2HgS4,
mp-1078132,La2Fe(SeO)2,
mp-1077854,Rh3(PbSe)2,
mp-3038,Al2HgSe4,31.6788029
mp-1077944,HgPd5Se,
mp-1078140,Mn(InSe2)2,
mp-7604,Mg3NF3,108.5596344
mp-1077922,Tl2Rh3S2,
mp-1078133,U2Re2C3,
mp-1025238,Tm(TiGa2)2,
mp-1078142,DyIn5Co,
mp-4730,Ga2HgSe4,31.55165641
mp-1025365,Sc(VGa2)2,
mp-1025301,GaPPd5,
mp-1025311,CdAsPt5,
mp-20261,Mn(GaSe2)2,
mp-1078150,Pd(Br2N)2,
mp-1078089,Pd3(PbSe)2,
mp-1025212,InAsPt5,
mp-1077938,Pr2CrSe4,
mp-19366,Lu(FeO2)2,158.3606003
mp-21374,Cd(InTe2)2,21.11336555
mp-1078155,SnPPt5,
mp-11435,Er(TiGa2)2,
mp-2780,Fe3Se4,88.34754073
mp-1078159,Ce2Fe(SeO)2,
mp-1025294,CdAsPd5,
mp-1078162,Fe(RhSe2)2,
mp-1078164,Ba3Sc4,
mp-1078168,In2CuSe4,
mp-6638,Nd2Fe2Si2C,
mp-1081,V3S4,98.16222095
mp-570572,C3N4,
mp-1025272,ZnPPt5,
mp-1078160,Cr2CoSe4,
mp-611386,Rb2NiF4,
mp-1078183,CaNi5H,
mp-1078184,Eu4Bi2O,
mp-1077929,La2CuO4,
mp-1078190,Er2Cr2C3,
mp-1078192,Eu4Sb2O,
mp-1025354,Er2Fe2Si2C,
mp-9942,Ti2FeS4,61.19013948
mp-1078200,V2CoSe4,
mp-1025316,Ho2Fe2Si2C,
mp-1078219,C3N4,
mp-4852,Ni(RhSe2)2,87.37503142
mp-1025281,Ti2NiSe4,
mp-7823,V2NiSe4,83.71312148
mp-1078036,U2Mo2C3,
mp-1078247,Cr2FeS4,
mp-1078248,Gd2Cr2C3,
mp-1078249,Co(RhSe2)2,
mp-1078265,Cs2YbCl4,
mp-561419,V2FeS4,90.43167771
mp-1078167,PrIn5Co,
mp-1078325,Pu2W2C3,
mp-1078338,TbIn5Co,
mp-1078343,UGa5Ru,
mp-1078385,SrZnO5,
mp-569240,Fe3Se4,
mp-10498,Pr2CuO4,
mp-1080242,Pb3N4,
mp-12283,Li5Tl2,
mp-1077950,Tl2Pd3S2,
mp-27947,Sn(SbTe2)2,
mp-11436,Er(VGa2)2,
mp-1094049,SnB6,
mp-1094068,SrEr2O4,
mp-1094076,SrEr2O4,
mp-1094084,Ni4N3,
mp-1094096,Ni4O3,
mp-558973,Ga2CoS4,
mp-1096807,Al(OF)3,
mp-8873,LiGeBO4,
mp-1096947,DyMn2O4,
mp-849062,V3S4,
mp-1077855,CeB6,
mp-1077989,Nb2VSe4,
mvc-15370,YTiF5,
mp-1077914,EuB6,
mp-20832,Zn(InTe2)2,23.58149764
mp-1096879,BaHo2O4,
mp-1097794,Ti2H2O3,
mp-13949,Cd(GaTe2)2,
mp-771637,LiFe2(ClO)2,
mp-677072,Ca(InTe2)2,
mp-1096810,Al2ZnS4,
mp-1096860,Ca2TiO4,
mp-1028,V3Te4,53.18368939
mp-37091,Sr(AlTe2)2,23.09068194
mp-561597,Ba2Mn2As2O,
mp-819107,Yb(FeO2)2,
mp-1077980,Sr(Ag2Sb)2,
mp-656045,Rb2MnCl4,
mp-690089,Cr2HO4,
mp-1078026,Ti2FeS4,
mp-1078012,Cr3Te4,
mp-569023,Co3Se4,
mp-991284,V3Te4,
mp-16755,Mg(AlS2)2,18.60706773
mvc-16808,Li(CoO2)2,
mp-1025344,V(CrTe2)2,
mp-567474,Li2CrCl4,
mp-866922,Ca2SnS4,
mp-22956,K2PdCl4,12.69569281
mp-2371,Ga2Te5,14.43583221
mp-37888,In2HgTe4,
mp-38170,Cd(InSe2)2,
mp-24149,LiCe2HO3,
mp-28250,Li2MnBr4,
mp-33500,Cr2HO4,
mp-29009,Li2MgBr4,20.67743349
mp-1077968,Mg(AlSe2)2,
mp-1078170,Mg(AlS2)2,
mp-675271,Na2CO5,11.91626818
mp-764949,MnF3,45.89184455
mp-782698,Li2TiMnO4,
mp-10736,Ba3N,12.66997502
mp-984699,BaSr3,
mp-7472,RbAuO2,27.75850626
mp-7467,RbCuO2,32.48779643
mp-984358,Au3O,115.9161704
mp-984353,AsAu3,
mp-984351,CuAg3,
mp-982511,HoGa2Pd,
mp-7542,GeP3,46.55289555
mp-982376,SrHg3,
mp-9527,NdMnSi2,
mp-984106,Na3Re,
mp-984100,PPb3,
mp-7540,Cu3P,124.5572699
mp-7774,Na2SbAu,
mp-982013,Sr3Tm,
mp-983607,V3Cd,
mp-7773,Na2AsAu,
mp-983603,ErZnAsO,
mp-8446,K2CuP,22.34341127
mp-7785,CsCu4S3,
mp-983582,CaNd3,
mp-983565,CuBSe2,
mp-8411,Na2AgAs,
mp-983562,Na3Nd,
mp-767,Yb3Ge5,
mp-983550,Pa3Nb,
mp-6964,NaTbO2,
mp-983509,Na3Cd,
mp-9636,CsSbF6,
mp-971647,NaMnO2,
mp-983479,Sm3Si,
mp-983458,Tl3Cl,
mp-9632,CsReF6,
mp-983445,Na3Pt,
mp-9631,AlAgO2,153.9719837
mp-8360,RbTe,
mp-983407,HPd3,
mp-7439,K3Cu3P2,
mp-7489,CsUF6,
mp-7486,BaNiS2,59.87967461
mp-1100171,CsMg6Mo,
mp-984629,Cr3CdTe4,
mp-672325,TbIn2Ni,
mp-983235,Tl3Pb,
mp-764314,LiMnF6,
mp-983152,Li3Re,
mp-982981,Na3Rh,
mp-8234,BaTe3,
mp-982778,Zn3Se,
mp-9586,NbSnS2,71
mp-982729,Sm3Np,
mp-9580,TlGaSe2,
mp-9579,AlTlSe2,25.02175181
mp-982619,Ho3Tm,
mp-672244,GdAl4Ge2Au,
mp-7576,CrSi,187.0040521
mp-982557,HoGa3,
mp-7660,BaRhF6,
mp-982377,YbNd3,
mp-982321,Yb3W,
mp-982244,Pa3H,
mp-982243,Y3Sn,
mp-9517,SrTiN2,121.349893
mp-9274,Rb3Sb2Au3,16
mp-9273,K3Sb2Au3,
mp-27315,CaTiF6,58.37707264
mp-9821,RbSbF6,
mp-982070,VIr,
mp-982064,Tl3Br,
mp-8470,NaPrO2,
mp-7392,Na2AgSb,
mp-7643,K2AgSb,
mp-982044,Sm3Zn,
mp-949029,Cs,
mp-982016,Tm3Ga,
mp-9490,KAg2SbS4,
mp-8179,LiTlO2,
mp-9486,K2AlF5,26.17856328
mp-611430,CrMoF6,
mp-9820,CsAsF6,
mp-9819,RbAsF6,
mp-981748,TbAg3,
mp-973626,Hg3Au,40
mp-973615,LuSb3,
mp-7642,K2AgAs,
mp-981211,ZnIn3,
mp-973599,Hg3As,
mp-7303,ErCd3,
mp-1099324,NaCeMg6,
mp-7611,Li2CaGeO4,
mp-9400,CeAlSi2,
mp-980769,SmCu,
mp-973545,Ga3Te,
mp-980760,SmNiGe2,
mp-665747,EuAg,
mp-7610,Li2CaSiO4,
mp-1080618,RuF3,
mp-973539,LuAl3,
mp-685155,ZrCl3,
mp-1078949,BaMnSbF,
mp-8365,MnB,
mp-685138,U2AsSe,
mp-8354,LaF3,
mp-8348,TlSbF6,
mp-973493,LiLu3,
mp-1078281,CeAl4Si2Rh,
mp-1100169,CsMg6W,
mp-685068,YbBr3,
mp-973465,Ho3In,
mp-8311,Si3NiP4,104.8148081
mp-8291,BaTiF6,48.68661773
mp-8290,BaSnF6,
mp-8287,SmCuP2,
mp-973415,LiLa3,-2.442981318
mp-973352,NaCo3,
mp-8256,ZnPtF6,34.81888937
mp-8255,CaPtF6,14.72432769
mp-7639,Na2CuP,33.79341575
mp-685941,In4SbTe3,42.41508902
mp-973316,NaLi3,
mp-980004,SmGa2Co,
mp-973300,Lu3Ga,
mp-979983,Cs3Yb,
mp-973266,Lu3Al,
mp-8159,TlCu4S3,46.01045008
mp-973199,Sb3Pb,
mp-1099109,CaMg6Ni,
mp-973166,NaCd3,
mp-973165,Lu3U,
mp-8128,NaNdO2,
mp-973157,Ge3P,
mp-1079783,EuAl,
mp-8743,HoCoSi2,
mp-771675,Li2MnVO4,
mp-973155,Ge3C,
mp-771665,Li2MnNiO4,
mp-981563,YbPm3,
mp-771664,Li2VNiO4,
mp-981549,Y3Th,
mp-9304,DyCuSeO,
mp-669573,EuBi2IO4,
mp-32564,NdO3,
mp-7394,BaAg2GeS4,
mp-739,TiP,138.5426346
mp-1099331,CeMg6Bi,
mp-669431,EuBi2BrO4,
mp-9195,BaCuSeF,
mp-720,TlF,4
mp-9194,SmCuSeO,
mp-9144,LiAsF6,
mp-1079544,KTl,
mp-9143,LiPF6,
mp-981375,HfMg3,
mp-981364,YbSm3,
mp-984315,Be3Ni,
mp-981310,Tl3Ge,
mp-1099306,CsMg6Co,
mp-9056,ZrPdF6,
mp-981249,Y3Tm,
mp-33333,NaSbSe2,
mp-9037,CsPrS2,
mp-7095,CeCoSi2,
mp-8996,Sc3RuC4,180.1818319
mp-980944,Yb3Y,
mp-978919,Ba3Tb,
mp-648086,GdGa2Co,
mp-980750,YAs3,
mp-980667,SrBr3,
mp-980660,Tm3Mg,
mp-675376,HoAgSe2,
mp-980429,Sm3Hg,
mp-1080664,CrB,
mp-7083,LaSi,66.48015091
mp-6625,LaAgSO,
mp-980200,Zn3Rh,127.5527964
mp-980109,SnAu3,
mp-19902,UCuAs2,
mp-6562,Ba2CuHgO4,
mp-980061,TbAs3,
mp-980038,Tl3Ru,
mp-979985,YbAu3,
mp-979980,VPd3,
mp-979973,Sm3Tm,
mp-755287,Ca3CdO4,
mvc-13472,CaBiF6,
mvc-13470,MgBiF6,19
mp-978101,PrFeGe2,
mp-978092,PrCuGe2,
mp-979933,Tm3Si,
mp-978016,LaSn2Pd,
mp-20717,CrAs,
mp-6781,AgCNO,
mp-9778,K2AgP,22.8728578
mp-979923,SmMn3,
mp-97,Pr,
mp-979900,TmAs3,
mp-1099335,BaMg6Si,
mp-979899,Sm3Ho,
mp-979714,Sm3Ag,
mp-7204,CaZnSO,68.97573291
mvc-5774,CrWO6,
mp-979614,Sm3Er,
mp-997088,KAgO2,
mp-997052,RbAgO2,
mp-997024,CsAuO2,25.62846083
mvc-5693,MoWO6,
mp-979465,SmCd3,
mp-9968,PrSi,
mp-9967,NdSi,
mp-7548,BaSe3,
mp-983567,CaAc3,
mp-979355,Sm3Dy,
mp-979339,Sm3Cd,
mp-971657,Au3N,
mp-979293,Sm3I,
mp-979292,SmY3,
mp-979271,TbAgSe2,
mp-676682,In2AsSe,
mp-979266,Sm3Al,
mp-979263,ThMg3,
mp-979234,Sm3Y,
mp-7194,TbCuAs2,
mp-1094309,Sr3Mg,
mp-11525,TmNi,
mp-1099298,CsMg6Ti,
mp-571143,TiCl3,5.47996379
mp-979040,TmAl3,
mp-979026,SmTm3,
mp-1095057,VCo3,
mp-979013,SmGe3,
mp-644143,LaSb2Au,
mp-1078315,PrBi2Au,
mp-1091413,CdCu2SnTe4,
mp-979001,SmAs2Au,
mp-635425,AlF3,
mp-1099307,KSrMg6,
mp-30663,Ga3Pt5,
mp-1099117,CaCeMg6,
mp-1080550,KO2F,
mp-6950,BaSb3,
mp-945779,DyCuTe2,
mp-945184,YCuTe2,42.49628147
mp-1100158,BaHfMg6,
mp-1099295,KMg6Sn,
mp-771605,Li2CrFeO4,
mp-20765,NpSi,
mp-14017,K3Sb,
mp-1099327,CeMg6Cr,
mp-978963,Ti3Be,
mp-8361,CsTe,
mp-672389,MnTe,
mp-9769,BaAs2Pt,
mp-9768,BaSb2Pd,54.66715006
mp-9767,BaAs2Pd,
mp-1039347,SnBi3,
mp-978927,SmEr3,
mp-1078419,Na3PSe4,
mp-676410,LuAgS2,
mp-7092,TiSi,145.859655
mp-672241,Cs,
mp-672195,CeAgAs2,
mp-675105,TiNiO6,
mp-985554,Ac3Nd,
mp-675286,Ca3UN4,
mp-9122,CaP3,
mp-652312,BaCrF6,
mp-978845,Sm3Sc,
mp-1099320,LaMg6Bi,
mp-1100152,CeMg6C,
mp-1094302,SrMg3,
mp-775825,Li2VCrO4,
mvc-11457,WO3,
mp-25,N2,1.309883686
mp-978806,Si3Ag,
mp-1080771,NaCl7,
mp-684706,LaO3,
mp-978744,SmBi3,
mp-978652,SiHg3,
mp-975422,RbF3,
mp-863695,PmI3,
mp-1079296,HfAu3,
mp-4953,CdGeAs2,51.93082305
mvc-11097,CrO3,
mvc-11096,MoO3,
mvc-11084,CaMoF6,
mp-1079468,ZnCu2SnTe4,
mp-978567,SiAs3,
mp-9998,MoAs,
mp-978525,Si3Mo,130.0687493
mp-978510,Si3As,
mp-675977,AgBiS2,
mp-978270,MgZr3,79.91078008
mp-978264,MgW3,151.1763615
mp-978262,MgTl3,
mp-978257,MgSn3,
mp-862986,PmBr3,
mp-978255,MgTi3,
mp-978254,La3Ag,
mp-975195,RbAc3,
mp-1025460,MgZrF6,
mp-862800,PrI3,2.711179764
mp-978088,PrLu3,
mp-675832,SrCeN2,
mp-978086,PrMo3,
mp-978008,Tb3Nd,
mp-975109,RbNa3,
mp-1078988,Mg7V,
mp-1100174,CsMg6Bi,
mp-677445,Y4SiS3,
mp-9989,Nb2AsC,205.6520377
mp-1099278,BaMg6Fe,
mp-9988,Nb2CS,193.1569962
mp-9987,Nb2PC,223.5579444
mp-1100149,CsRbMg6,
mp-773326,Li2FeNiO4,
mp-10165,KAlTe2,16.39277257
mp-977426,NbCo3,
mp-644693,Si,52
mp-640073,FeCuS2,52.23309356
mp-1094016,YbMnSb2,
mp-7801,CaGeN2,
mp-775531,LiMnO2,108.7507173
mp-9961,Ti2CdC,111.7885024
mp-9958,Ti2GeC,153.4480206
mp-9957,V2GeC,179.5363259
mp-9956,AlCr2C,188.8129346
mp-9954,HfAs,127.394612
mp-9953,HfP,148.4763087
mp-974887,LiNdSn2,
mp-1099293,HfMg6Ni,
mp-973457,LuO3,
mp-9928,CaRhF6,
mp-9927,MgRhF6,26.85775109
mp-9926,SrRhF6,
mp-675224,LaSb2Au,
mp-977349,NpPa3,
mp-977296,NpSb3,
mp-973954,LuFeGe2,
mp-676764,InCuSe2,
mp-977242,Hg3Sb,
mp-977229,Li3Cr,
mp-977225,LaNd3,
mp-3182,Th3B2C3,
mp-977216,NpAl3,
mp-5170,NdCoSi2,
mp-5150,HoSi2Ni,
mp-3213,LaMnSi2,
mp-977195,Li3Er,
mp-977188,Li3Dy,
mp-513,ErGe3,
mp-977165,Li3Co,14.41232157
mp-2437,IrF3,
mp-5918,Hf2NiP,167
mp-977129,HgPd3,
mp-5901,CeMnSi2,
mp-977126,Li3Ag,
mp-991676,NbCu3Te4,29.95029737
mp-977119,Li3Be,
mp-1038916,MgAl3,
mp-5792,BaCuSn2,
mp-977053,Pm3Er,
mp-9907,SrAs3,
mp-1078213,CrAs,
mp-5215,NdNiGe2,
mp-3734,NdSi2Ni,
mp-582212,USb2Au,
mp-21328,HfSn,102.1156516
mp-632348,YbHO2,
mp-976953,Ni3Te,
mp-1023382,CaMg6Ni,
mp-1023367,CeMg6Al,
mp-1023365,Mg6AlC,
mp-1023362,BaMg6Al,
mp-1023325,LaMg6Al,
mp-7061,NdZnAsO,
mp-1023360,CsMg6Al,
mp-1023338,CaMg6Cu,
mp-7060,LaZnPO,
mp-1023336,CaMg6Si,
mp-1023320,LiMg6Al,
mp-1023319,CaYMg6,
mp-1023314,CaMg6Cu,
mp-1023313,CaMg6Fe,
mp-1023312,CaMg6Zr,
mp-1023304,RbMg6Al,
mp-1023310,Mg6AlB,
mp-1023308,CaMg6Zn,
mp-1023306,Mg6AlCd,
mp-976935,Ni3Hg,
mp-1023303,NaMg6Al,
mp-1023302,Mg6AlCr,
mp-1023301,CaMg6Ti,
mp-1023300,RbMg6Al,
mp-1023299,LaMg6Al,
mp-1023298,Mg6AlMo,
mp-1023297,Mg6AlW,
mp-1023296,Mg6NbAl,
mp-1023295,NaMg6Al,
mp-1023293,CaMg6Fe,
mp-1023294,Mg6AlMo,
mp-976591,GdMn3,
mp-1023291,RbCaMg6,
mp-1023290,SrMg6Al,
mp-1023288,CsCaMg6,
mp-1023289,Mg6AlW,
mp-1023287,Mg6AlSi,
mp-1023286,CaMg6Mn,
mp-1023285,Mg6AlSi,
mp-1023284,HfMg6Al,
mp-1023281,Mg6AlSb,
mp-975651,PrTm3,
mp-1023280,Mg6AlCr,
mp-1023270,Mg6AlGa,
mp-1023279,Mg6AlB,
mp-1023278,BaMg6Al,
mp-1023277,HfMg6Al,
mp-1023276,Mg6AlC,
mp-975649,LiTm3,
mp-1023275,Mg6AlCd,
mp-1023274,CaMg6Mn,
mp-1023273,Mg6NbAl,
mp-1023272,Mg6AlSb,
mp-1023268,Mg6AlBi,
mp-1023267,CaMg6Zn,
mp-632711,InHO2,
mp-1023266,Mg6AlGa,
mp-1023263,KCaMg6,
mp-1023265,CaMg6Sn,
mp-975612,GdEr3,
mp-975601,Pr3Cl,
mp-975599,Pr3Er,
mp-975592,Pr3I,
mp-1023262,Mg6AlBi,
mp-958,Cr3Rh,
mp-975586,Pr3Y,
mp-1023257,CaMg6Ti,
mp-1023256,KCaMg6,
mp-1023255,CaMg6Sn,
mp-1023254,CaMg6V,
mp-1023253,LiCaMg6,
mp-34127,K2NaAs,
mp-1038783,CaZn,
mp-676284,YAgSe2,
mp-1023252,CaMg6V,
mp-676248,GaCuTe2,
mp-1023250,NaCaMg6,
mp-1023248,CeMg6Mn,
mp-1023247,CaMg6C,
mp-1079788,Sr4SO3,
mp-1023239,SrCaMg6,
mp-1023234,Mg6MnCo,
mp-1023224,CaHfMg6,
mp-1023215,CaMg6B,
mp-1023213,CaMg6B,
mp-1023211,CaLaMg6,
mp-863658,PmCl3,
mp-1023204,Mg6ZrMn,
mp-1023192,CaMg6Ga,
mp-675942,AgClO2,
mp-9884,KFeSe2,17.79135264
mp-1099329,CeMg6Ga,
mp-1025568,MnAg2GeTe4,
mp-1023188,CaMg6Cr,
mvc-15861,MgWF6,
mp-1093995,ZnAg2SnSe4,
mp-1025560,Ce2(CuGe)3,
mp-1023181,CaMg6Ga,
mp-675843,CsCrI2,
mp-1025559,TbFeSi2,
mvc-15860,MgMnF6,
mp-1025558,CeNiSn2,
mvc-15858,MgNiF6,
mp-1023179,BaCaMg6,
mp-1025554,PrSi2Ag,
mp-1025553,EuSi2Ni,
mp-1023169,Mg6MnCu,
mvc-15856,MgFeF6,
mvc-15850,MgCoF6,
mvc-15849,CaVF6,
mvc-15848,MnZnF6,
mp-676117,Li2CuGe,59.7027391
mp-1025545,EuBrO2,
mp-1025537,TmTe3,
mvc-15847,CaMnF6,
mvc-15846,CaWF6,
mvc-15843,ZnFeF6,
mvc-15842,ZnCoF6,
mvc-15840,CaFeF6,
mvc-15835,ZnWF6,
mvc-15834,CaNiF6,
mvc-15833,CaCoF6,
mp-1025523,CeFeSi2,
mp-1025520,BaIn2Pd,
mvc-15707,MgSbF6,
mp-1025513,ZrGe,
mp-1025511,NdBrO2,
mvc-15694,CaSbF6,
mp-1025508,ErGa2Ni,
mvc-15684,TiZnF6,
mvc-15683,MgSnF6,
mvc-15677,ZnBiF6,
mp-1025495,NdSi2Rh,
mp-1025494,EuClO2,
mp-1025493,HoClO2,
mp-1025491,TbGe3,
mp-975341,La3Mg,
mp-1025489,SmSi,
mp-1025485,LaZn2Co,
mp-975321,LiSi3,50.52281163
mp-1025482,DyTe3,
mp-1025478,TbAu3,
mp-1025472,NpTe3,
mp-1025470,LuTe3,
mp-1025468,CeAu,
mp-1025461,PrBrO2,
mp-1025458,SmAl2Ni,
mvc-15458,ZnNiF6,
mp-1025453,SmSi2Rh,
mp-1025450,CeFeSi2,
mp-1025448,YPt,
mp-1025444,ErPt,
mp-5414,NaSbS2,23
mp-37297,U2PS,
mp-1025438,LuPt,
mp-1025431,SmPt,
mp-1025424,TmMnSi2,
mp-1025422,HoGe3,
mp-673673,NdO3,
mp-1025420,SmSi2Ni,
mp-656615,Rb,
mp-1025413,ThSi2Ni,
mp-6188,LuNiBC,
mp-1025409,TmPt,
mp-1025411,CeSi2Rh,
mp-1025400,YbCl3,
mp-1025399,LaAu,
mp-1025395,HoTe3,
mp-6166,PrCuSO,
mp-1025390,LaSi2Ag,
mp-1025389,LuAl2Ni,
mp-1023504,Mg6AlCo,
mp-1023505,Mg6AlFe,
mp-613910,BaNiF6,
mp-1023501,YMg6Al,
mp-1025567,NbCl2O,
mp-862983,InCl3,5.530770294
mp-1023500,YMg6Al,
mp-1023494,Mg6AlFe,
mp-1023491,Mg6AlCo,
mvc-14991,SrCuSO,
mp-1023487,CaMg6Al,
mp-975170,RbHg3,
mp-1023486,Mg6MnAl,
mp-1025502,TiCuF6,
mp-975140,RbZn4P3,
mp-1023485,Mg6AlZn,
mp-1023484,Mg6AlCu,
mvc-14834,CaTiF6,
mp-1023483,Mg6AlZn,
mp-985702,AgPb3,
mp-1023482,Mg6AlCu,
mvc-14721,MgVF6,
mvc-14714,ZnMoF6,
mvc-14713,VZnF6,
mp-1023481,Mg6MnAl,
mp-6088,LaCuSO,
mvc-14678,MgTiF6,
mp-1023480,Mg6AlNi,
mvc-14665,ZnSbF6,-7
mp-975079,MnZn3,
mp-1025442,IrI3,
mp-1023479,CaMg6Al,
mp-975059,MnTl3,
mp-1023416,KMg6Al,
mp-1023409,CsMg6Al,
mp-1025426,CeI3,
mp-1023403,Mg6ZrAl,
mp-1025418,LaTe3,
mp-1023402,Mg6ZrAl,
mp-1023401,KMg6Al,
mvc-14413,TeO3,
mp-1023400,Mg6TiAl,
mp-1025388,YbCl3,
mp-1023399,LiMg6Al,
mp-1023398,Mg6AlSn,
mp-1023397,Mg6TiAl,
mp-1023396,Mg6AlNi,
mp-1023395,Mg6AlSn,
mp-8547,PdPtF6,35
mp-1080726,Zn3CrS4,
mp-1023394,Mg6AlV,
mp-1079191,TbCuSb2,
mp-985561,Ac3Sc,
mp-1023393,Mg6AlV,
mp-36800,MgTaN2,243.5690116
mp-1023164,CaMg6C,
mp-1023160,SrCaMg6,
mp-1023163,LiCaMg6,
mp-1023159,BaCaMg6,
mp-1023158,CaMg6Cr,
mp-1023157,Mg6MnFe,
mp-1023156,CaMg6W,
mp-1023155,Mg6ZrMn,
mp-1023154,CaMg6Cd,
mp-1023153,CaMg6Bi,
mp-1023152,CaMg6Bi,
mp-984359,DyO3,
mp-985506,Ac3Tl,
mp-1023151,Mg6MnCo,
mp-1023149,CaMg6Sb,
mp-1023150,CaMg6Mo,
mp-1023147,CaLaMg6,
mp-1023148,Mg6MnFe,
mp-1023146,CaMg6Sb,
mp-1023145,Mg6MnZn,
mp-1023144,Mg6MnCu,
mp-1023143,CaMg6Cd,
mp-1023142,CaMg6Nb,
mp-1023047,BaMg6Mn,
mp-1023139,CsCaMg6,
mp-1023140,CeMg6Mn,
mp-630019,GdAl2Ni,
mp-1023122,CeYMg6,
mp-1023121,CsMg6Mn,
mp-1023076,RbMg6Mn,
mp-1023083,YMg6Mn,
mp-1023074,YMg6Mn,
mp-1023063,SrMg6Mn,
mp-1023061,YMg6Ni,
mp-1023052,YMg6Co,
mp-1023141,Mg6MnZn,
mp-1023027,Mg6MnNi,
mp-1023014,KMg6Mn,
mp-1023013,RbMg6Mn,
mp-1023012,Mg6MnNb,
mp-1023005,Mg6MnSi,
mp-1023001,YMg6Ti,
mp-1023003,KMg6Mn,
mp-1023000,NaMg6Mn,
mp-974906,MnSn3,
mp-1022997,Mg6TiMn,
mp-1022987,LaMg6Mn,
mp-1022985,Mg6MnNi,
mp-1022984,Mg6TiMn,
mp-1022983,Mg6MnNb,
mp-1022982,BaMg6Mn,
mp-1022981,LaMg6Mn,
mp-1022980,Mg6MnV,
mp-1022979,Mg6MnSn,
mp-1022978,Mg6MnSn,
mp-1022976,Mg6MnV,
mp-1022975,NaMg6Mn,
mp-1022974,Mg6MnSi,
mp-1022972,LiMg6Mn,
mp-1022971,Mg6MnCr,
mp-1022968,Mg6MnC,
mp-1022970,LiMg6Mn,
mp-1022967,YMg6Fe,
mp-1022964,YMg6Cu,
mp-1022962,CeYMg6,
mp-1022960,Mg6MnW,
mp-1022955,Mg6MnW,
mp-1022954,Mg6MnMo,
mp-1022952,Mg6MnB,
mp-1022947,Mg6MnMo,
mp-1022946,Mg6MnCd,
mp-1022940,Mg6MnBi,
mp-1022939,Mg6MnCd,
mp-1022934,Mg6MnCr,
mp-1022926,Mg6MnSb,
mp-1022931,Mg6MnSb,
mp-1022924,LaYMg6,
mp-1022917,YMg6Fe,
mp-1022910,YMg6Co,
mp-1022889,Mg6MnB,
mp-1022875,YMg6Zn,
mp-1022874,Mg6MnGa,
mp-1022869,Mg6MnGa,
mp-1022862,KYMg6,
mp-1022847,YMg6Zr,
mp-1022844,YMg6Sn,
mp-1022836,LaYMg6,
mp-1022834,HfMg6Mn,
mp-1022832,YMg6Sn,
mp-1022831,YMg6Si,
mp-1022827,YMg6Zn,
mp-1022825,Mg6MnBi,
mp-675626,Cu3AsSe4,61.65068362
mp-1022820,HfMg6Mn,
mp-1022818,YMg6Ti,
mp-1022817,YMg6V,
mvc-13940,MgMoF6,
mp-623460,GdSn3,
mp-1022815,KYMg6,
mp-1022813,LiYMg6,
mp-1022814,YMg6V,
mp-1022812,LiYMg6,
mp-1022811,YMg6Nb,
mp-985437,ErLu3,
mp-1022806,BaYMg6,
mp-1022805,SrYMg6,
mp-1022793,CsYMg6,
mp-1022718,CsMg6Zn,
mp-1022736,YMg6Nb,
mp-1022712,CsMg6Zn,
mp-1022715,CeMg6Zn,
mp-1022713,YMg6C,
mp-600449,DyCuSb2,
mp-1022711,Mg6ZrFe,
mp-1022698,Mg6ZrFe,
mp-1022684,YMg6C,
mp-1022685,YMg6Mo,
mp-1022683,YMg6Mo,
mp-1022677,SrMg6Zn,
mp-1022676,Mg6ZnNi,
mp-1022672,Mg6ZnB,
mp-1022665,Mg6ZrCu,
mp-1022659,RbMg6Zn,
mp-985305,Ac3In,
mp-1022658,SrMg6Zn,
mp-1022657,YMg6W,
mp-1022656,Mg6ZnB,
mp-1022654,YMg6Ga,
mp-1022651,Mg6ZnFe,
mp-1022652,BaMg6Zn,
mp-1022650,YMg6Cd,
mp-1022649,YMg6Cr,
mp-1022647,Mg6ZnSi,
mp-1022646,YMg6W,
mp-1022643,KMg6Zn,
mp-985303,Ac3Th,
mp-1022642,Mg6ZnSb,
mp-1022638,NaYMg6,
mp-1022640,Mg6ZnCu,
mp-1022637,RbYMg6,
mp-1022636,CsYMg6,
mp-1022635,YMg6Si,
mp-1022634,YMg6Bi,
mp-1022633,NaYMg6,
mp-1022632,YMg6Cd,
mp-1022631,YMg6B,
mp-1022630,Mg6ZrZn,
mp-1022629,YMg6B,
mp-1022628,YMg6Sb,
mp-1022626,Mg6ZnNi,
mp-1022627,YMg6Cr,
mp-1022625,Mg6ZrZn,
mp-1022624,Mg6ZnCo,
mp-1025415,CePd7,
mp-1022623,YMg6Bi,
mp-1022622,BaMg6Zn,
mp-1022621,Mg6ZnCu,
mp-2670,Nb3Ga,165.3824893
mp-1022620,YMg6Sb,
mp-1022619,Mg6ZnCo,
mp-1022618,Mg6ZnCr,
mp-1022617,Mg6ZrCu,
mp-1022616,Mg6ZnGa,
mp-1022615,Mg6ZnW,
mp-1022614,Mg6TiZn,
mp-1022613,LaMg6Zn,
mp-1022612,Mg6ZnSn,
mp-1022611,Mg6ZnSn,
mp-1022610,Mg6VZn,
mp-1022609,Mg6VZn,
mp-1022608,Mg6TiZn,
mp-1022607,Mg6ZnCd,
mp-1022606,HfMg6Zn,
mp-1022604,Mg6ZnSi,
mp-1022603,YHfMg6,
mp-1022602,Mg6NbZn,
mp-1022601,LiMg6Zn,
mp-1022600,Mg6ZnMo,
mp-1022599,NaMg6Zn,
mp-1022598,Mg6NbZn,
mp-1022597,LiMg6Zn,
mp-1022554,RbMg6Zr,
mp-1022596,Mg6ZnW,
mp-1022595,Mg6ZnMo,
mp-1022594,Mg6ZnGa,
mp-613206,EuGe2Ir,
mp-1022593,NaMg6Zn,
mp-1022592,Mg6ZnBi,
mp-1100160,Mg6CdB,
mp-1022591,Mg6ZnCr,
mp-1022590,HfMg6Zn,
mp-1022589,Mg6ZnCd,
mp-1022588,Mg6ZnBi,
mp-1022582,CeMg6Zr,
mp-1022583,KMg6Zr,
mp-1022587,BaMg6Zr,
mp-1022586,CeMg6Ni,
mp-985291,Ac3Hg,
mp-1022581,CeMg6Zr,
mp-1022576,Mg6ZnC,
mp-1022578,Mg6FeNi,
mp-1022553,Mg6ZrC,
mp-1022551,Mg6ZnC,
mp-1022547,KMg6Fe,
mp-1022545,Mg6ZrTi,
mp-985288,As3W,
mp-1022543,Mg6ZrSn,
mp-1022542,LaMg6Zr,
mp-1022541,Mg6ZrTi,
mp-1022540,Mg6ZnSb,
mp-1022538,Mg6ZrV,
mp-985287,AgAu3,122.35523
mp-1022537,LiMg6Zr,
mp-1022534,LiMg6Zr,
mp-1022532,Mg6ZrV,
mp-1022531,Mg6ZrSn,
mp-1022526,KMg6Co,
mp-1022517,RbMg6Zr,
mp-1022515,Mg6ZrCo,
mp-1022513,Mg6ZrCo,
mp-1022509,Mg6ZrNi,
mp-1022507,KMg6Fe,
mp-1022503,Mg6ZrW,
mp-1022494,SrMg6Zr,
mp-1022493,Mg6ZrB,
mp-1022492,SrMg6Zr,
mp-1078899,LuNi,
mp-1022489,Mg6ZrC,
mp-1022485,Mg6FeCo,
mp-1022484,Mg6ZrW,
mp-985284,Ce3Pa,
mp-1022479,Mg6ZrGa,
mp-1022478,Mg6ZrNb,
mp-1022477,Mg6ZrMo,
mp-1022476,Mg6FeCo,
mp-1022474,CsMg6Ni,
mp-997569,AlP,8.303022383
mp-1022473,Mg6ZrMo,
mp-1022472,Mg6ZrCr,
mp-1022471,Mg6ZrNi,
mp-1022468,Mg6ZrB,
mp-1022467,Mg6ZrCd,
mp-1022466,Mg6ZrNb,
mp-1022465,LaMg6Zr,
mp-1022464,Mg6FeCu,
mp-1022463,Mg6ZrGa,
mp-1022462,Mg6ZrSb,
mp-1022461,NaMg6Zr,
mp-1022460,Mg6ZrCr,
mp-1022459,Mg6ZrSi,
mp-1022458,Mg6ZrCd,
mp-997109,PbAuO2,
mp-1022457,Mg6TiFe,
mp-1022456,Mg6ZrSi,
mp-1022455,Mg6ZrSb,
mp-1022454,Mg6ZrBi,
mp-1022451,SrMg6Co,
mp-1022452,CsMg6Cu,
mp-1022415,Mg6FeCu,
mp-1022387,BaMg6Fe,
mp-1022384,HfMg6Zr,
mp-1099323,CeMg6Cu,
mp-1022353,LiMg6Fe,
mp-1022348,CsMg6Fe,
mp-1022345,Mg6ZrBi,
mp-1022329,Mg6TiFe,
mp-1022326,HfMg6Zr,
mp-1022325,Mg6FeB,
mp-1022318,CeMg6Fe,
mp-1022315,LaMg6Fe,
mp-1022314,Mg6FeSn,
mp-1022266,NaMg6Fe,
mp-1022263,Mg6FeSi,
mp-1022246,Mg6VFe,
mp-997046,AuClO2,
mp-1022242,NaMg6Fe,
mp-1022235,LaMg6Fe,
mp-1022236,CeMg6Fe,
mp-1022230,Mg6FeSn,
mp-1022221,BaMg6Co,
mp-1022216,Mg6GaFe,
mp-5588,BaSiF6,
mp-1609,Cr3Ir,275.7963194
mp-8044,V2PC,227.1604322
mp-8096,ZrCuF6,
mp-8033,PuF3,116.0785155
mp-8015,CsRuF6,
mp-8014,RbRuF6,
mp-8013,KRuF6,
mp-7759,BaSn3,
mp-1079454,InSe,
mp-1039262,CaZn3,
mp-7984,KOsF6,
mp-974571,Mn3Be,
mp-7977,CsSmO2,
mp-7962,YbAgS2,
mp-685956,In4As3Se,
mp-690760,TiH,128.4010942
mp-997028,AgO2F,
mp-675433,Mn2SbTe,
mp-7897,K3P,
mp-801,Mo3Os,291.9445305
mp-675369,NaNO2,
mp-7565,SbRu,146.5875848
mp-973065,LaP3,
mp-984873,Al3Fe,125.4330538
mp-3098,AlCuO2,170.5333024
mp-984765,Ba3Te,15
mp-972941,NaBi3,
mp-757,Li3As,34.75555949
mp-972937,ScAlCO,
mp-984754,PmHo3,
mp-7569,KAsF6,17.2491302
mp-984744,Ca3Tl,
mp-776136,Li2VCrO4,
mp-984725,BaTl3,
mp-9687,K2PAu,21.11939422
mp-972895,ScAu3,
mp-972310,Tb3Si,
mp-971768,Ti3Br,
mp-984729,BaSr3O4,
mp-971740,Sr3As,
mp-984597,Au3S,
mp-984555,CsDyS2,
mp-1025393,TmSi2Ni,
mp-1025408,TmCoSi2,
mp-1022217,Mg6NbFe,
mp-1022213,Mg6NbFe,
mp-997036,CdAuO2,
mp-1022209,Mg6FeW,
mp-1022208,Mg6CrFe,
mp-1022207,Mg6FeC,
mp-1022206,Mg6VFe,
mp-839,V3Au,186.3335874
mp-997023,CuBrO2,
mp-1022205,Mg6CrFe,
mp-1022203,Mg6CdFe,
mp-1022201,Mg6CoNi,
mp-1022199,Mg6GaFe,
mp-1022196,NaMg6Co,
mp-1022195,Mg6FeW,
mp-1022188,BaMg6Cu,
mp-1022174,SrMg6Cu,
mp-1022184,Mg6FeBi,
mp-1022181,Mg6FeB,
mp-1022169,Mg6CuC,
mp-974002,OF3,
mp-1022162,Mg6FeMo,
mp-1022159,Mg6CdFe,
mp-1022157,RbMg6Fe,
mp-1022140,RbMg6Cu,
mp-1022135,CsMg6Co,
mp-1022143,KMg6Cu,
mp-1022119,Mg6CuC,
mp-1022148,SrMg6Cu,
mp-1022142,CsMg6Cu,
mp-1022141,Mg6CoCu,
mp-1022134,LiMg6Cu,
mp-997000,AgHgO2,
mp-1022136,HfMg6Fe,
mp-1022127,HfMg6Fe,
mp-1022132,Mg6FeSb,
mp-601371,GdSi,
mp-1022131,Mg6VCu,
mp-1022130,Mg6FeSb,
mp-1022124,Mg6CuNi,
mp-1022123,Mg6CuSi,
mp-1022117,Mg6FeBi,
mp-1022116,Mg6CuB,
mp-1022111,Mg6TiCu,
mp-1022114,CeMg6Co,
mp-1022112,LaMg6Cu,
mp-1022110,LiMg6Cu,
mp-1022113,Mg6CuSn,
mp-1022109,KMg6Ni,
mp-1022106,SrMg6Ni,
mp-1022107,BaMg6Cu,
mp-1022108,CeMg6Co,
mp-672337,VGe3,
mp-1022105,Mg6TiCu,
mp-7599,BeO,
mp-1022103,Mg6VCo,
mp-753316,Li2AgF5,
mp-1022102,NaMg6Cu,
mp-1022104,RbMg6Cu,
mp-1022101,Mg6CuMo,
mp-1022100,KMg6Cu,
mp-1022099,Mg6CuW,
mp-1022096,Mg6CuSn,
mp-1022098,Mg6CuW,
mp-922991,Cr2GeC,
mp-1022097,Mg6CrCu,
mp-1022095,Mg6VCu,
mp-1022094,Mg6SiNi,
mp-1022072,Mg6CoBi,
mp-1022093,Mg6CoCu,
mp-1022091,LaMg6Cu,
mp-1022092,Mg6CrCo,
mp-1022090,NaMg6Cu,
mp-1022089,Mg6CuSi,
mp-1022088,Mg6CoB,
mp-1022087,LaMg6Co,
mp-1022086,Mg6GaCu,
mp-1022084,Mg6GaCo,
mp-1022085,Mg6CuB,
mp-1022078,Mg6NbCu,
mp-642890,LaSe,
mp-1022082,Mg6VCo,
mp-1022083,Mg6CuSb,
mp-1022079,Mg6CdCu,
mp-1022081,Mg6CoC,
mp-1022076,Mg6CdCu,
mp-1022077,BaMg6Co,
mp-1022064,Mg6CrCu,
mp-1022073,Mg6CoNi,
mp-5058,FeAgS2,
mp-1022070,Mg6CuMo,
mp-1022071,Mg6CoMo,
mp-1022069,Mg6NbCu,
mp-5137,Zr2SbP,113.2382823
mp-1022075,HfMg6Cu,
mp-1022068,Mg6CoSn,
mp-1022065,Mg6GaCo,
mp-1022062,Mg6CoSb,
mp-1022067,Mg6CoSn,
mp-1022060,Mg6TiCo,
mp-1022074,HfMg6Cu,
mp-1022063,Mg6CuSb,
mp-1022059,Mg6CoW,
mp-1022061,LaMg6Ni,
mp-1022053,NaMg6Co,
mp-1022057,Mg6CoB,
mp-3871,Ti2SnC,135.3963472
mp-1022052,HfMg6Co,
mp-1022055,BaMg6Ni,
mp-1022054,Mg6CoSi,
mp-1022056,Mg6CuBi,
mp-7425,TbPt,
mp-1022051,Mg6CoC,
mp-1022048,Mg6CrCo,
mp-1022058,Mg6CuBi,
mp-1022049,Mg6CoSi,
mp-1022050,Mg6GaCu,
mp-1022042,LaMg6Ni,
mp-1022047,Mg6NbCo,
mp-1022045,Mg6NbNi,
mp-1022043,HfMg6Co,
mp-1022046,CsMg6V,
mp-1022044,Mg6CoW,
mp-1022040,LiMg6Co,
mp-1022039,Mg6VNi,
mp-1022041,Mg6CoMo,
mp-1022036,Mg6SiNi,
mp-690817,SrFeMoO5,
mp-1022037,Mg6NbCo,
mp-1022032,Mg6CoBi,
mp-1022033,Mg6CoSb,
mp-1022038,Mg6CdCo,
mp-1022027,Mg6TiCo,
mp-1022031,Mg6CdCo,
mp-1021965,Mg6VNi,
mp-1022026,BaMg6Ni,
mp-1022005,NaMg6Ni,
mp-1021972,Mg6NiBi,
mp-1021959,KMg6Ni,
mp-981386,ScH4Pd3,
mp-1021984,Mg6TiNi,
mp-1021999,LiMg6Ni,
mp-1021906,Mg6NiC,
mp-1021909,Mg6NiSn,
mp-1021905,SrMg6Ni,
mp-1021904,Mg6TiNi,
mp-1021757,Mg6NiW,
mp-1021896,Mg6NiSn,
mp-1021900,Mg6NiC,
mp-1021876,Mg6NbNi,
mp-1021897,Mg6NiMo,
mp-1021777,Mg6GaNi,
mp-640416,Rb,
mp-1021796,Mg6NiB,
mp-1021779,Mg6VB,
mp-1021751,RbMg6V,
mp-1021776,Mg6VMo,
mp-1021869,Mg6CrNi,
mp-1021731,RbMg6Ni,
mp-1021878,Mg6CrNi,
mp-1021788,Mg6NiW,
mp-1021790,HfMg6Ni,
mp-1021760,Mg6CdNi,
mp-1021772,Mg6CdNi,
mp-1021747,RbMg6V,
mp-1021737,Mg6NiMo,
mp-1021721,NaMg6Ni,
mp-1021705,KCeMg6,
mp-1021726,Mg6VC,
mp-1021728,Mg6GaNi,
mp-1021720,BaMg6V,
mp-1021712,Mg6VSn,
mp-1021709,Mg6VSn,
mp-1021716,SrMg6V,
mp-1021710,Mg6VMo,
mp-1021701,KMg6V,
mp-1021708,Mg6TiV,
mp-1021700,LaMg6V,
mp-1021706,Mg6NiSb,
mp-1021703,Mg6NiBi,
mp-1021698,BaMg6V,
mp-1021699,Mg6NbV,
mp-1021702,Mg6TiSn,
mp-1021694,Mg6VSi,
mp-1021697,Mg6TiV,
mp-1021691,LiMg6V,
mp-1021696,Mg6VB,
mp-1021695,Mg6VCr,
mp-1021693,SrMg6V,
mp-1021690,Mg6VCr,
mp-1021692,LaMg6V,
mp-1021689,Mg6VW,
mp-1021688,Mg6NbV,
mp-1021683,NaMg6V,
mp-1021687,Mg6VSi,
mp-1021686,Mg6VGa,
mp-1021678,HfMg6V,
mp-1021685,Mg6VGa,
mp-1021681,Mg6VCd,
mp-1021680,HfMg6V,
mp-1021684,NaMg6V,
mp-1021656,LiCeMg6,
mp-3829,CdSnAs2,47.32665628
mp-3155,Sc3FeC4,178.0412975
mp-1021679,Mg6VCd,
mp-1021682,LiMg6V,
mp-1021571,SrMg6Ti,
mp-1021677,Mg6TiSn,
mp-1021658,Mg6VSb,
mp-1021654,CeMg6Sn,
mp-1021496,CsKMg6,
mp-1021676,Mg6VBi,
mp-1080673,PuPd,
mp-588,GaF3,
mp-1021675,Mg6VBi,
mp-994911,S,
mp-1021540,Mg6SnC,
mp-1021653,Mg6VSb,
mp-1021487,Mg6TiC,
mp-1021545,CeMg6Ti,
mp-1021467,KMg6B,
mp-1021483,CsMg6Sn,
mp-1021471,KHfMg6,
mp-1021521,LiCeMg6,
mp-1021417,BaMg6Sn,
mp-1021462,BaMg6Ti,
mp-1099308,BaLiMg6,
mp-1021450,KMg6C,
mp-1021415,LaMg6Sn,
mp-1021420,KLaMg6,
mp-1021414,NaMg6Sn,
mp-1021449,Mg6VC,
mp-1021448,Mg6SnB,
mp-1021425,RbMg6Sn,
mp-1021416,CeMg6Ti,
mp-1021418,KMg6Sn,
mp-1022275,Mg6CoC,
mp-1021421,Mg6SiSn,
mp-1021412,Mg6SiSn,
mp-1021408,NaMg6Sn,
mp-1021410,Mg6SnW,
mp-1021409,RbMg6Sn,
mp-1021407,SrMg6Sn,
mp-1021411,LaMg6Sn,
mp-1021401,Mg6GaSn,
mp-1021405,LiMg6Mo,
mp-1021406,KMg6B,
mp-1021403,LiMg6Sn,
mp-1021404,CsMg6Sn,
mp-1021399,Mg6NbSn,
mp-1021394,Mg6GaSn,
mp-1021396,Mg6SnMo,
mp-1021398,LiMg6Sn,
mp-1021395,SrMg6Sn,
mp-1021397,Mg6NbSn,
mp-1079063,Na5LiN2,
mp-1021391,Mg6SnSb,
mp-1021390,Mg6SnMo,
mp-1021389,KMg6Si,
mp-1021392,Mg6SnC,
mp-1021382,NaMg6Ti,
mp-1021355,KMg6Ga,
mp-1021388,KLaMg6,
mp-1021387,Mg6SnW,
mp-1021386,LaMg6Ti,
mp-1021384,Mg6TiW,
mp-1021385,Mg6CrSn,
mp-1021380,Mg6CdSn,
mp-1021381,Mg6TiMo,
mp-1021373,LaMg6Ti,
mp-1021379,Mg6CrSn,
mp-5858,CdPtF6,
mp-1021378,HfMg6Sn,
mp-1021377,Mg6SnBi,
mp-1021376,CsKMg6,
mp-1021374,Mg6TiC,
mp-1021372,Mg6SnBi,
mp-1021371,Mg6SnSb,
mp-1021370,HfMg6Sn,
mp-1021369,Mg6TiSi,
mp-1021365,NaMg6Ti,
mp-1021366,KRbMg6,
mp-1021368,Mg6TiSi,
mp-1021359,LiMg6Ti,
mp-1021362,Mg6TiBi,
mp-1021357,BaLiMg6,
mp-1021361,Mg6TiCd,
mp-1021360,KMg6Si,
mp-545730,AgCNO,
mp-1021364,KMg6Nb,
mp-1021358,LiMg6Ti,
mp-1021347,Mg6TiCd,
mp-1021345,KBaMg6,
mp-1021356,Mg6TiMo,
mp-1021354,Mg6TiCr,
mp-1021353,KLiMg6,
mp-1021350,KMg6C,
mp-1021348,KRbMg6,
mp-1021349,Mg6TiCr,
mp-1021351,Mg6TiW,
mp-1022327,CeMg6Co,
mp-1021352,Mg6TiNb,
mp-1021346,KNaMg6,
mp-1021344,Mg6TiNb,
mp-1021341,Mg6TiSb,
mp-1021322,LiMg6W,
mp-1021319,Mg6TiB,
mp-1021321,Mg6TiSb,
mp-1021320,Mg6TiBi,
mp-1021342,LiMg6C,
mp-1021318,Mg6TiGa,
mp-1021314,Mg6TiB,
mp-981103,Sr3CdO4,
mp-1021316,LiMg6Nb,
mp-1021317,SrLiMg6,
mp-1021315,RbLiMg6,
mp-1021312,Mg6TiGa,
mp-1021307,KMg6Cr,
mp-1021308,CsLiMg6,
mp-1021313,KHfMg6,
mp-1021309,KLiMg6,
mp-1021310,HfMg6Ti,
mp-1021303,HfMg6Ti,
mp-1021311,KMg6Nb,
mp-1021304,KNaMg6,
mp-1021302,KSrMg6,
mp-1021306,LiMg6B,
mp-1021305,LiMg6Mo,
mp-1021299,KBaMg6,
mp-1021301,KMg6Cr,
mp-1021300,KMg6Ga,
mp-1021295,KMg6Bi,
mp-1021298,KMg6Cd,
mp-1021297,KMg6Sb,
mp-1021296,LiLaMg6,
mp-1021294,KMg6Bi,
mp-1021287,LiMg6Si,
mp-1021293,LiLaMg6,
mp-1021290,RbLiMg6,
mp-1021292,KMg6Cd,
mp-1021285,LiMg6B,
mp-1025526,LuAu3,
mp-1021289,CsLiMg6,
mp-1021286,SrLiMg6,
mp-1021291,LiMg6Cr,
mp-1021284,LiMg6Nb,
mp-1021283,LiMg6Si,
mp-1021288,RbLaMg6,
mp-1021279,LiMg6C,
mp-1021278,LiMg6Ga,
mp-1021280,LiMg6Bi,
mp-1021282,NaLiMg6,
mp-1021276,LiMg6Cd,
mp-1021419,CsMg6Ti,
mp-1021277,LiMg6Sb,
mp-1021281,NaLiMg6,
mp-1021204,NaLaMg6,
mp-1021275,LiMg6Cr,
mp-1021170,NaCeMg6,
mp-1021210,CeMg6W,
mp-1021256,LaMg6Si,
mp-1021271,CeMg6Cd,
mp-1021211,CeMg6W,
mp-1021273,LiMg6Bi,
mp-1021169,CeMg6Mo,
mp-1021274,LiMg6Cd,
mp-1021209,NaLaMg6,
mp-1021272,LiMg6Sb,
mp-1021166,NaMg6Si,
mp-1021168,CeHfMg6,
mp-1021167,CeMg6Mo,
mp-1021164,CeHfMg6,
mp-1021159,BaLaMg6,
mp-1021161,CsLaMg6,
mp-1021158,SrLaMg6,
mp-1021165,NaMg6Si,
mp-1021157,CsMg6Si,
mp-1021162,CeMg6C,
mp-1021155,LaMg6Nb,
mp-1021163,LaMg6Ga,
mp-1021156,LaMg6Sb,
mp-5256,KCuC2,
mp-1017498,CeMg6Bi,
mp-1017497,LaMg6Si,
mp-1017493,CeMg6Si,
mp-1017492,CsLaMg6,
mp-1017491,CeMg6B,
mp-1017490,LaCeMg6,
mp-1017489,CeMg6Cd,
mp-1017486,LiHfMg6,
mp-1017488,RbLaMg6,
mp-1017487,BaLaMg6,
mp-1017484,LaMg6Nb,
mp-1017483,LaMg6Mo,
mp-1017482,LiHfMg6,
mp-1017481,LaMg6Cr,
mp-1017478,LaMg6Cd,
mp-1017477,LaMg6W,
mp-1017476,LaMg6Cd,
mp-1017475,LaMg6Bi,
mp-1017367,Mg6SiW,
mp-1017474,LaMg6Mo,
mp-2918,YCuO2,114
mp-1017473,LaMg6W,
mp-1017463,LaHfMg6,
mp-1017460,CeMg6Nb,
mp-1017462,LaMg6Sb,
mp-1017461,LaMg6C,
mp-1017459,LaMg6C,
mp-5244,Ti2SbP,114.2523733
mp-1017457,BaCeMg6,
mp-1017456,SrMg6Si,
mp-1017454,CeMg6Sb,
mp-1017455,LaHfMg6,
mp-1017453,CeMg6Cr,
mp-1017442,BaMg6Si,
mp-1017452,CeMg6Nb,
mp-1017451,Mg6NbSi,
mp-1017436,Mg6NbSi,
mp-1017418,CsMg6Si,
mp-1017427,Mg6SiB,
mp-1017401,Mg6CdSi,
mp-1017390,RbNaMg6,
mp-1017387,RbMg6B,
mp-1017385,Mg6CdSi,
mp-5782,AlAgS2,63.3971991
mp-1017381,Mg6CrSi,
mp-1017379,Mg6SiW,
mp-1017377,Mg6SiB,
mp-1017370,Mg6GaSi,
mp-1017362,Mg6GaSi,
mp-1017366,Mg6SiC,
mp-33683,AgSbSe2,58.04121236
mp-1017360,NaSrMg6,
mp-1017359,Mg6SiMo,
mp-1017357,NaSrMg6,
mp-1017356,Mg6SiC,
mp-1017354,Mg6CrSi,
mp-1017350,Mg6SiMo,
mp-1017352,Mg6SiSb,
mp-1017349,Mg6SiSb,
mp-1017347,NaMg6Nb,
mp-1017345,RbNaMg6,
mp-1017340,NaMg6C,
mp-1017343,BaNaMg6,
mp-1017342,CsNaMg6,
mp-1017243,NaMg6Bi,
mp-1017336,NaMg6W,
mp-1017330,Mg6SiBi,
mp-1017325,NaMg6Mo,
mp-1017323,CsRbMg6,
mp-5088,NaGdO2,
mp-1017322,Mg6SiBi,
mp-1017321,NaMg6Mo,
mp-1017320,HfMg6Si,
mp-1017318,BaNaMg6,
mp-1017317,NaMg6Cr,
mp-1017314,HfMg6Si,
mp-1017309,NaMg6Cr,
mp-1017305,NaMg6Sb,
mp-1017302,NaMg6Ga,
mp-1017292,RbSrMg6,
mp-3744,NaNbO2,
mp-1017291,NaMg6Cd,
mp-1017289,NaHfMg6,
mp-1017288,NaMg6Ga,
mp-1017287,NaMg6Cd,
mp-1017277,Mg6GaC,
mp-1017272,HfMg6B,
mp-1017269,Mg6GaSb,
mp-1017263,Mg6BSb,
mp-1017258,Mg6BiB,
mp-1017254,Mg6GaSb,
mp-1017252,Mg6GaC,
mp-1017247,HfMg6B,
mp-1017245,NaMg6Sb,
mp-1017341,NaMg6B,
mp-3078,CdSiAs2,59.41053149
mp-1017242,NaMg6Bi,
mp-1017120,HfMg6C,
mp-1016653,Mg6CrW,
mp-1017229,Mg6BC,
mp-5213,CdSnP2,56.89749845
mp-1017221,Mg6CdC,
mp-1017215,CsBaMg6,
mp-1017101,HfMg6Ga,
mp-1017201,Mg6CdSb,
mp-1017200,HfMg6Cd,
mp-1017199,RbMg6Nb,
mp-1017197,RbMg6Cr,
mp-1017195,HfMg6Cd,
mp-3732,Ti2CS,179.8031024
mp-1017192,RbBaMg6,
mp-1017189,RbHfMg6,
mp-1017186,Mg6CdSb,
mp-1017184,Mg6CdBi,
mp-1017183,RbMg6Cr,
mp-1017180,Mg6CdBi,
mp-1017179,RbSrMg6,
mp-5190,ZnSnAs2,52.21037274
mp-1017172,Mg6BiC,
mp-1017171,RbBaMg6,
mp-1017167,HfMg6C,
mp-1017155,HfMg6Bi,
mp-1017157,HfMg6Sb,
mp-1017152,HfMg6Bi,
mp-1017143,Mg6BiSb,
mp-1017129,Mg6BiSb,
mp-1017132,HfMg6Sb,
mp-1017128,Mg6BiC,
mp-1017241,Mg6GaB,
mp-1017230,Mg6BiB,
mp-1017117,Mg6SbC,
mp-1017037,Mg6CdGa,
mp-1017110,HfMg6Ga,
mp-1017099,CsMg6Cr,
mp-1017207,Mg6CdC,
mp-1017097,CsMg6Mo,
mp-1017095,Mg6GaBi,
mp-1017091,RbMg6Cd,
mp-1017090,CsBaMg6,
mp-1017086,CsSrMg6,
mp-1017085,CsSrMg6,
mp-1079030,Fe3Ge,
mp-1017082,Mg6GaBi,
mp-1017081,RbMg6Ga,
mp-1017072,CsMg6Nb,
mp-1017080,CsMg6Cr,
mp-1017075,RbMg6Cd,
mp-1017066,RbHfMg6,
mp-630519,ZrVF6,
mp-1017065,RbMg6Bi,
mp-1017064,RbMg6Bi,
mp-1017159,RbMg6C,
mp-1017063,Mg6GaW,
mp-1017062,Mg6WC,
mp-1017057,Mg6BW,
mp-1017056,Mg6BW,
mp-1017055,Mg6CdGa,
mp-1017054,Mg6WC,
mp-1017053,Mg6CdB,
mp-1016654,Mg6MoW,
mp-1017119,Mg6SbC,
mp-1017051,HfMg6W,
mp-1017036,Mg6BiW,
mp-1017035,Mg6SbW,
mp-1017034,Mg6GaW,
mp-1017033,HfMg6W,
mp-1017022,Mg6SbW,
mp-1017021,Mg6CdW,
mp-556830,CoCu2SiS4,
mp-611093,CaCrF6,
mp-1016680,Mg6NbGa,
mp-1016677,Mg6CrC,
mp-1016669,Mg6BMo,
mp-1016666,Mg6MoC,
mp-796,Nb3Al,161.1389591
mp-7956,Na3Sb,
mp-7955,Li3Sb,27.76190133
mp-700,GeSe,21.11667054
mp-7650,RbScO2,95.00692296
mp-7940,KNbSe2,57.21190752
mp-7939,NaNbSe2,61
mp-775845,NaCoO2,101.2744958
mp-7938,KNbS2,73.12442879
mp-7937,NaNbS2,75.46345341
mp-7936,LiNbS2,82.54434857
mp-7922,CaPdF6,17
mp-7921,MgPdF6,32.17062332
mp-1016662,Mg6CrB,
mp-1016661,Mg6GaMo,
mp-1016660,HfMg6Mo,
mp-1016659,BaMg6C,
mp-1016658,BaMg6C,
mp-1016655,HfMg6Mo,
mp-1017052,Mg6BiW,
mp-1016651,Mg6CrMo,
mp-1016648,Mg6BMo,
mp-1016647,BaMg6B,
mp-1016646,Mg6SbMo,
mp-1016645,Mg6SbMo,
mp-1016643,Mg6MoC,
mp-1016642,Mg6GaMo,
mp-1016641,Mg6CdMo,
mp-1016640,Mg6BiMo,
mp-1016638,Mg6CdW,
mp-1016637,Mg6CrGa,
mp-1016636,Mg6CrGa,
mp-1016635,Mg6CrBi,
mp-1016632,Mg6NbCr,
mp-1016630,Mg6NbC,
mp-1016629,Mg6CdMo,
mp-1016626,HfMg6Cr,
mp-1016628,Mg6MoW,
mp-1016625,HfMg6Cr,
mp-1016624,Mg6BiMo,
mp-1016623,Mg6CrSb,
mp-1016622,Mg6NbMo,
mp-1016609,BaMg6Sb,
mp-1016621,Mg6CrB,
mp-1016620,Mg6CrBi,
mp-1016619,Mg6CrCd,
mp-1016618,BaMg6Sb,
mp-1016617,Mg6CrMo,
mp-1016616,Mg6CrSb,
mp-1016614,Mg6CrW,
mp-1016607,BaMg6Bi,
mp-1016605,HfMg6Nb,
mp-1016606,Mg6NbCd,
mp-1016604,BaMg6Cr,
mp-1016603,Mg6CrCd,
mp-1016601,Mg6NbC,
mp-1016600,Mg6NbBi,
mp-1016599,BaMg6Mo,
mp-1016595,Mg6NbCr,
mp-1016598,Mg6NbB,
mp-1016597,HfMg6Nb,
mp-1016596,Mg6NbGa,
mp-1016588,Mg6NbSb,
mp-1016592,Mg6NbSb,
mp-1016593,Mg6NbBi,
mp-1016587,Mg6NbW,
mp-1016585,Mg6NbB,
mp-1016582,BaMg6Cd,
mp-1016580,Mg6NbW,
mp-1016576,BaMg6B,
mp-1016572,CsMg6Ga,
mp-1016571,Mg6NbMo,
mp-1016570,BaMg6Ga,
mp-1016569,Mg6NbCd,
mp-1016566,BaMg6Bi,
mp-1016560,BaMg6Cr,
mp-1016552,BaMg6Nb,
mp-1016551,BaMg6W,
mp-1016332,SrMg6Ga,
mp-1016442,SrMg6Ga,
mp-1016514,SrMg6C,
mp-1016475,CsMg6Ga,
mp-1016429,CsMg6W,
mp-1016428,SrMg6C,
mp-1016422,CsMg6B,
mp-1016401,SrHfMg6,
mp-1016377,CsHfMg6,
mp-1016372,CsMg6Sb,
mp-1016359,SrMg6Bi,
mp-1016353,SrMg6Sb,
mp-1016352,SrMg6Bi,
mp-1016343,BaSrMg6,
mp-1016338,SrMg6Cd,
mp-1016342,SrMg6Sb,
mp-1016549,BaMg6Cd,
mp-1016334,SrMg6B,
mp-1016337,SrMg6B,
mp-1016322,SrMg6Cd,
mp-1016321,SrMg6Nb,
mp-1016318,SrMg6W,
mp-1016304,CsMg6B,
mp-1016300,SrMg6Cr,28.36585857
mp-1016280,SrMg6Cr,
mp-1016278,BaSrMg6,
mp-1016275,CsHfMg6,
mp-1016273,CsMg6Cd,
mp-1016267,CsMg6Cd,
mp-1016266,SrMg6Mo,
mp-1012640,CrFeCoNi,173.5803549
mp-1025565,HoO3,
mp-1025564,LuAl2Pd5,
mp-1025557,CoMoP2,
mp-1025531,LaAs2Au,
mp-1025525,DyInPt2,
mp-1025524,Zr2TlC,
mp-1025519,RbCu4S3,
mp-1025510,FeCu2SiSe4,
mp-1025498,Tb2CBr,
mp-1099110,NaCaMg6,
mp-1025496,LiNbSe2,
mp-1025490,TmU2S3O2,
mp-974672,Rb3Er,
mp-1025483,ErO3,
mp-974662,Rb3Pr,
mp-974658,Rb3Ac,
mp-1025473,Li2NdGe,
mp-974635,Rb3Ca,
mp-1025467,Cu2SnHgS4,
mp-764819,VOF2,35
mp-1025457,HfAl5Ni2,
mp-1025455,LiNb2O,
mp-1025451,HfNi2Sb,
mp-1025449,TbInPt2,
mp-3827,KFeS2,18.64919103
mp-3128,ErCoSi2,
mp-5787,SrCuO2,88.06034833
mp-1025447,TlCu4Se3,
mp-1025445,CeAl2Pd5,
mp-974572,Rb3Si,
mp-1025443,ThCd3,
mp-976583,K3Co,
mp-1025440,CuGe3,
mp-1025439,CsCuC2,
mp-1025437,CeBi2SeO4,
mp-1025436,YU2S3O2,
mp-1025427,Ta2GaC,
mp-1025421,SmO3,
mp-1025410,LuU2S3O2,
mp-1025406,LiP3,
mp-1025404,Ce3Pd5,
mp-1025503,Cr3Co,242.9235682
mp-1025387,TbO3,
mp-7226,V3Ni,201
mp-976409,K3Nb,
mp-976373,K3Y,
mp-974399,HoNiGe2,
mp-972423,TbGa2Pd,
mp-997108,RbAgO2,
mp-997104,CuClO2,
mp-997102,KAgO2,
mp-997101,AgO2F,
mp-972406,YbSi2Ni,
mp-997094,SrAuO2,
mp-997092,AuClO2,
mp-997090,PdAuO2,
mp-997086,SrAgO2,
mp-1099284,LiMg6Co,
mp-997082,BiAuO2,
mp-997055,CuBiO2,71.14107118
mp-997054,CuBiO2,46.04676875
mp-997043,PbAuO2,
mp-997042,TlCuO2,17.06584956
mp-778922,V2(OF)3,
mp-997040,AuBrO2,
mp-985475,Fe3Mo,
mp-997038,AgPdO2,
mp-626102,FeHO2,
mp-624889,C,
mp-997034,BaCuO2,77
mp-997033,AuBrO2,
mp-997027,AuO2F,
mp-997026,CuClO2,
mp-997022,AgAsO2,
mp-654791,ZrCuF6,
mp-997021,AgPbO2,
mp-997020,CuClO2,
mp-622628,Cu2SbO5,
mp-997019,AgPbO2,
mp-997018,AuClO2,
mp-21255,FeGe,152.6404394
mp-1099305,KMg6Sb,
mp-612670,YNiBC,
mp-997017,AgClO2,
mp-976223,K3Sr,
mp-997016,AgClO2,
mp-976221,K3Sm,
mp-997014,PbAuO2,
mp-997013,AgClO2,
mp-997011,CuBrO2,
mp-997009,BaAuO2,71.96381695
mp-997007,AgPtO2,
mp-997006,AgPtO2,123
mp-997002,KAuO2,
mp-972175,Zn3In,
mp-605060,CeFeAsO,
mp-997001,AgHgO2,
mp-996998,HAuO2,
mp-996989,LiAgO2,
mp-1099334,CeMg6Sb,
mp-976115,K3Rb,
mp-973938,LuCoGe2,
mp-1099277,LiMg6Fe,
mp-1087540,CdCu2SiTe4,
mp-996983,AgAuO2,65.3276468
mp-996979,BaAgO2,
mp-996970,AgBiO2,
mp-996969,AgBiO2,
mp-996968,AgBiO2,
mp-1080045,SrHBrO,
mp-996963,CdAgO2,
mp-972055,Rb3Yb,
mp-972051,YbGa2Pd,
mp-996961,LiAuO2,
mp-996960,AgNO2,19.70156988
mp-996958,AgHO2,
mp-764372,KCoO2,43.86318746
mp-1100156,RbMg6Sb,
mp-1022514,BaMg6Zr,
mp-975872,K3Pr,
mp-975857,K3Mg,
mp-975838,K3Nd,
mp-1006815,CsH3,
mp-1005895,Sm3Gd,
mp-1005762,Sm3Au,
mp-1005761,SmGd3,
mp-11875,CO,
mp-908953,Sc3In,
mp-972889,ScSn3,
mp-995200,HC3,
mp-972876,Sc3Cd,
mp-971806,TmFeGe2,
mp-972868,SiAu3,
mp-976867,Pm3I,
mp-976838,Ni3Au,173.3980827
mp-972794,SiSb3,
mp-974747,MnCu3,
mp-976829,NaDy3,
mp-972784,SiTc3,
mp-976823,LaPm3,
mp-972763,Si3Pt,115
mp-573957,CsCu4Se3,
mp-976806,NiAu3,146.1111378
mp-972748,Si3W,144.8843293
mp-976797,Pm3Sc,
mp-764277,VO2F,22.46321604
mp-976751,Nd3Zr,
mp-974625,Re3Ru,351
mp-752928,LiCoS2,77.33224945
mp-976679,HoSb3,
mp-690526,VCl2O,15
mp-974589,Re3Mo,
mp-976593,Nd3Si,
mp-972557,SmAg3,
mp-972551,U3Nb,
mp-974568,Re3Bi,
mp-972549,SmLu3,
mp-974525,ReAg3,
mp-976582,HfSb3,
mp-972534,SmDy3,
mp-976581,Nd3I,
mp-18782,LiFeO2,127.4638189
mp-974492,ReTc3,
mp-755252,DyHO2,
mp-752753,SbO2F,
mp-972494,SmMg3,
mp-974426,Re3Sn,
mp-974425,Re3Si,
mp-755141,NaHoO2,
mp-974411,Re3Tc,
mp-997162,MnAgO2,
mp-997159,CrAuO2,
mp-997158,CoAuO2,
mp-755128,SmTlO2,
mp-997107,CuO2F,
mp-976356,NdSc3,
mp-972416,Tm3Lu,
mp-997106,AgRhO2,
mp-974372,Rh3Se,
mp-997100,SrAgO2,79.97782489
mp-997099,PdAuO2,
mp-974365,RuAu3,
mp-997098,CuPtO2,
mp-997095,NiAuO2,
mp-974326,OsRu3,
mp-974325,NdDy3,
mp-974322,Ho3Mg,
mp-978844,SrCa3O4,
mp-974313,NaMg3,
mp-974307,NdCuTeO,
mp-997044,CuO2F,
mp-997041,NaCuO2,51
mp-997180,VCuO2,
mp-972318,TiSn3,
mp-997035,CuO2F,
mp-972286,SrCe3,
mp-752561,SbO2F,
mp-997032,MgAuO2,
mp-997031,MgCuO2,133.5767158
mp-972257,LaTb3,
mp-997029,TlCuO2,
mp-974049,Hf3Pt,
mp-1080678,LaFeAsO,
mp-976249,NdS3,
mp-974023,In3Cu,
mp-972220,TiPt3,234
mp-997015,PbAuO2,
mp-997012,CuPdO2,
mp-997010,TlAgO2,88.27499356
mp-973983,NiPd3,172.8491656
mp-972199,CsTbS2,
mp-997008,TlAuO2,
mp-997005,CaAgO2,
mp-997004,CaAgO2,
mp-997003,LaAuO2,
mp-752467,NbO2F,101.4320912
mp-984102,Fe3H,
mp-973965,Nd3Ag,
mp-996999,CuHO2,
mp-972147,UZn3,
mp-996997,LiAgO2,
mp-1099266,YMg6Ni,
mp-972130,Tl3Cr,
mp-972125,LiTb3,
mp-976126,K3Rh,
mp-996987,LiCuO2,
mp-996986,LiCuO2,
mp-996985,HAuO2,
mp-972099,YbMg3,
mp-972095,Zn3Hg,
mp-752415,NbO2F,136.3910353
mp-1098047,CeMg6B,
mp-996980,AgAuO2,
mp-976080,Ge3B,
mp-996977,AgAuO2,
mp-19848,PrCuSb2,
mp-973911,Pa3Re,
mp-972063,YbGe3,
mp-996965,AgBiO2,
mp-996964,CdAgO2,
mp-33618,AgBiSe2,
mp-996959,LiAuO2,
mp-753315,Mg3ZnO4,155.9889202
mp-972042,Zn3Cu,96.14196592
mp-686712,InAgSe2,
mp-996956,CuHO2,
mp-973876,PaBi3,
mp-676540,TlSbS2,13.54498482
mp-753277,LiAgF2,
mp-975921,HfRu3,
mp-973866,LuOs3,
mp-1275,SiMo3,252
mp-971920,TmMg3,
mp-973815,Pa3Ta,
mp-971919,ZnSn3,
mp-643033,KPH2SO3,
mp-971909,ZnPd3,151.1981758
mp-971901,ZnPb3,
mp-975821,K3Ir,
mp-975799,LiZn3,
mp-567262,NiCN2,
mvc-5744,ReWO6,
mp-973689,Ho3Lu,
mp-973685,NdHo3,
mp-973684,LuMg3,
mp-995193,Si3H,
mp-971794,YMg3,
mp-975658,PrHo3,
mp-971788,VRu3,
mp-995183,CO,
mp-775112,Li2CoSnO4,
mp-975653,PrS3,
mp-771847,Li2CuNiO4,
mp-771456,TeWO6,76.83588494
mp-752998,U3O5,
mp-752927,LiAgF2,
mp-1017109,CsMg6Nb,
mp-1099294,Mg6NiB,
mp-690539,CrNiF6,
mp-38593,Sm2AsSe,
mp-977343,H3Pt,
mp-863028,SmI3,
mp-8675,HgPd,
mp-752910,Na3BiO4,
mp-775035,Li2NiSnO4,
mp-1078370,CeBi2Au,
mp-1099326,CeMg6Si,
mp-568002,HfI3,4.352280129
mp-863757,K2SbAu,
mp-767101,WO2F,18.92943927
mp-863264,TbI3,
mp-1099330,CeMg6Ga,
mp-639496,EuIn2Au,
mp-1099269,BaYMg6,
mp-1099114,CaMg6Co,
mp-866003,ErI3,2.826961829
mp-985540,Ac3La,
mp-764227,Ca3MnO4,
mp-12781,ScAl2Ni,106.787656
mp-865605,YBr3,
mp-865521,LuI3,3.341967713
mp-865353,TmI3,3.110471825
mp-865005,DyI3,
mp-864982,DyBr3,3.660477891
mp-864657,HoI3,3.016759953
mp-766909,LiVF6,18.2090842
mp-864617,NdI3,2.76814342
mp-636198,CeCu,
mp-863847,FeO3,
mp-861867,AcI3,2.416152347
mp-865301,TmBr3,4.002880337
mp-770384,RbFeO2,
mp-770315,RbFeO2,
mp-12902,ErAgTe2,
mp-1099287,Mg6FeC,
mp-773525,LiFe3O4,87.4593183
mp-30988,KBiO2,
mp-27801,TlAgI2,
mp-4969,TbCoSi2,
mp-23166,NpBr3,
mp-4993,TbSi2Ni,
mp-23183,NdCl3,34.34128013
mp-18943,BaNiO2,
mp-19997,EuIn2Ni,
mp-21460,CeIn2Pd,
mp-20002,FeAg2SnS4,
mp-20004,Zr2InC,118.5354543
mp-23189,BI3,1.379469185
mp-5025,Zr2CS,165
mp-28522,Gd2CBr,
mp-23204,FeCl3,
mp-5038,CsGaS2,
mp-23208,UCl3,25
mp-23211,PrCl3,33.74024407
mp-23218,AsI3,
mp-23221,PrBr3,26.21560944
mp-21487,EuIn2Rh,
mp-3421,CuCN2,
mp-23223,TiI3,
mp-20042,TlInS2,
mp-23225,BBr3,
mp-20050,InP3,50.756946
mp-28553,Ca2IN,
mp-29928,Na3Li3N2,
mp-23247,ZrBr3,4.967749798
mp-29929,NaLi5N2,
mp-3104,BaZrN2,99.95668307
mp-23255,UBr3,31
mp-1099292,Mg6NiSb,
mp-23263,LaBr3,25.60352657
mp-23265,GdCl3,28.9713476
mp-23275,TiCl3,8.665314508
mp-23278,NpCl3,
mp-23281,SbI3,3
mp-31066,LiUN2,
mp-23293,TbCl3,
mp-23297,BrF3,7.165178518
mp-23309,ScCl3,
mp-23364,CsLiCl2,
mp-31078,CeSiRh2,
mp-34293,CsTaN2,46.12367761
mp-31083,PrSi2Ru,
mp-20112,Ni3Sn,164.2598702
mp-34418,AgPF6,
mp-34371,AgSbS2,
mp-344,BN,179.4110999
mp-1100161,Mg6CrC,
mp-504474,TbHO2,
mp-504498,K2CdPb,
mp-979919,TaO3,
mp-34477,LiSmS2,
mp-504535,InHO2,
mp-34489,LiInSe2,
mp-28665,NdSi2Ru,
mp-1080667,AlCo3,
mp-31138,MnPd3,151
mp-867369,TcF3,
mp-612605,Rb2MnF5,
mp-1039344,Sn3Bi,
mp-1099322,CeMg6V,
mp-23435,Bi2TeI,
mp-31182,ErAl2Ni,
mp-27182,GdBr3,
mp-20187,LiInSe2,
mp-20188,GdCuAs2,
mp-23454,CsAgBr2,
mp-20197,Cr2GaC,180
mp-28724,Gd2CI,
mp-9374,MnMoN2,
mp-1087504,KZn4P3,
mp-20231,CeInPd2,
mp-30125,PrTe2Se,
mp-34663,NaAsSe2,
mp-20240,YbIn2Pd,
mp-23933,AlH3,
mp-504801,ErHO2,
mp-20408,InGaTe2,22.42023282
mp-28795,LaSi2Ru,
mp-1099248,Mg3CO4,
mp-27296,ZrTi2O,
mp-30183,ZrAl5Ni2,120.3751695
mp-20315,Ti2InC,126.888328
mp-21848,F2,147.6367833
mp-30195,HoCuP2,
mp-21853,SmIn2Ir,
mp-349,Yb3Si5,
mp-34903,MgGeP2,64.4668049
mp-3497,FeCuS2,56.07942968
mp-1099259,LiMg3O4,
mp-30208,YCuP2,104.7273901
mp-505110,FeCuO2,143.7426496
mp-20370,UCuPO,
mp-35015,NaBiSe2,
mp-20384,CeAgAs2,
mp-505019,USb2Ru,
mp-4756,ZnSnSb2,40.40913014
mp-35071,InAgSe2,
mp-35152,Sr2H5Rh,
mp-20401,HfCuSi2,135.4225541
mp-35171,NbO2F,
mp-30250,YAgO2,
mp-30251,YAuO2,
mp-35205,LiErSe2,
mp-35220,PHN2,
mp-20439,CeAl,
mp-23803,GaHO2,
mp-20444,GdIn2Rh,
mvc-11555,ZnCrF6,
mp-22017,LaIn2Ir,
mp-27393,AlPd5I2,20
mp-35388,LiSmSe2,41
mp-20458,PtPbF6,54.5617887
mp-23846,KHF2,26.40419959
mp-3541,CeNiGe2,
mp-27397,IrBr3,
mp-35417,Li3TaO4,
mp-27419,LiBiF6,
mp-1099107,SrMg6Al,
mp-27420,NaBiF6,
mp-27421,RbBiF6,
mp-27422,CsBiF6,
mp-30317,Sr2AuN,
mp-35591,LiErS2,
mp-20497,SrIn2Ir,
mp-20502,GdCuSb2,
mp-505198,CsCu4Se3,
mp-20505,Ta2InCuTe4,
mp-22056,YIn2Ni,78.6119057
mp-35659,HgPbF6,
mp-1100157,Mg6BC,
mp-906349,Fe3C,
mp-1094713,Ce3Mg,
mp-1079946,Co3W,279
mp-28994,KLi2As,
mp-22068,Nb3Pb,
mp-35717,LiDySe2,45
mp-568799,RuCl3,
mp-20533,SrIn2Pt,52.176038
mp-27454,BaLi2Si,
mp-24513,YH3,
mp-27455,YCl3,6.075160643
mp-30365,BeAu,147.9291989
mp-505258,PrFePO,
mp-505259,SmFePO,
mp-505262,GdCuSeO,
mp-29025,Li5Br2N,
mp-20554,InAgSe2,44.77647575
mp-30386,HoAu3,
mp-29027,TaI2O,
mp-22138,GdCd3,
mp-22144,Ta2InC,177.3231131
mp-20579,DyCoSn2,
mp-510280,CeAgSb2,
mp-20588,ZrCuSiP,
mp-22156,Hf2InC,129.5381494
mp-22159,UNiAs2,
mp-762454,LiCrO2,
mp-30417,SmAu3,
mp-1099296,BaMg6Ti,
mp-36029,ErAgS2,
mp-22079,AsRh,156
mp-20619,SbRh,134.7499549
mp-27527,Te2AuI,
mp-27529,PI3,
mp-7189,AlPd,148
mp-30426,BaCdBi2,
mp-30427,BaZnBi2,31.80075122
mp-36086,Li3NbO4,108.3613125
mp-24066,SrHClO,
mp-505366,AuBr,
mp-27536,UBrO2,
mp-765899,LiCoO2,
mp-985440,CrGa3P4,
mp-1099273,CeMg6Zn,
mp-27549,K2AgBi,
mp-1096836,Ba3SnS4,
mp-36234,NaTlO2,
mp-22211,V3Sn,
mp-36262,BrO2F,
mp-31368,KClO2,
mp-30461,BiPd2Pb,84
mp-1080685,ZnCu2GeTe4,
mp-20666,SmIn2Rh,
mp-22255,RbInTe2,
mp-22237,CeMgCu2,
mp-22239,GeRh,
mp-22240,MnAs,
mp-1099301,KMg6Ti,
mp-3642,ScCuO2,137
mp-505562,CrCuO2,153.9349624
mp-36508,SnHgF6,
mp-30491,MgCd3,44.77422694
mp-30492,Na2CdSn,
mp-1078469,CuPN2,
mp-1095176,Rb3NaH4,
mp-29138,KAuSe2,
mp-30494,ScCd3,61.01994747
mp-36539,KBiSe2,
mp-27630,CrCl3,
mp-30498,TbCd3,
mp-22270,CoP,193.3321113
mp-30502,TmCd3,
mp-29151,Li5NCl2,
mp-29152,Zr2CoP,154.2731244
mp-3668,CdGeP2,65
mp-20713,PuSi,
mp-29153,Zr2NiP,152
mp-29154,Hf2CoP,166.055886
mp-36791,LiNdS2,
mp-997048,AgBrO2,
mp-29175,Ca2AuN,58.78896589
mp-27666,IrCl3,
mp-20743,LaInPd2,
mp-20746,YbIn2Au,
mp-20754,LiCeSn2,49.11055662
mp-29206,BaMnSb2,
mp-29207,SrMnBi2,
mp-567933,FeCN2,
mp-37216,CdPbF6,
mp-37153,AgAsF6,
mp-27725,AuI,2.425310715
mp-20782,LiInTe2,
mp-20787,FeB,294.498011
mp-22392,SmCuSeF,
mp-37473,TiOF2,135
mp-22400,MnCu2SnSe4,53.60673431
mp-37605,LiNdSe2,
mp-37680,LiGdSe2,
mp-27770,RhCl3,
mp-1099274,Mg6FeNi,
mp-1099118,CaCeMg6,
mp-1096801,BaZrP2,
mp-37879,LiYSe2,
mp-27819,Ag3O,
mp-20857,CoB,302.639838
mp-20861,CrGe,
mp-27838,Na3Bi,17.1351883
mp-22483,NaInTe2,
mp-30554,PrGaCo2,
mp-841,Li2O2,71.34686363
mp-568517,TlInSe2,
mp-38494,Y4AsSe3,
mp-38505,GaCuSe2,
mp-22510,FeGe,136
mp-27871,RhBr3,
mp-38695,LiTbSe2,
mp-3886,Zr2AlC,124
mp-389,SiPd,148.94735
mp-20343,NaAuO2,
mp-774101,LiFeO2,89.08520281
mp-3891,EuTl2Pd,
mp-1099250,Mg3MoO4,
mp-22568,V3Ga,168.2745188
mp-14024,Zr3O,132.2706235
mp-3924,LiNbO2,154.1971111
mp-30598,SrCuSn2,46.55987668
mp-30745,Ir3W,351.2651752
mp-31495,AgTe2Au,
mp-729,Cr3Si,248.5819257
mp-18767,LiMnO2,103.2742326
mp-3980,LiSbF6,
mp-3982,KCuO2,
mp-30611,ErSnPt2,
mp-3988,BaCu3O4,75
mp-31509,BaIn,
mp-31510,NbCuTe2,66.86417341
mp-4008,ZnGeAs2,60.61365879
mp-4009,BaPdS2,39.90993982
mp-30619,Zr3Co,104
mp-18895,KCoO2,
mp-1099297,BaMg6Sn,
mp-2341,Li3N,
mp-1099246,Mg3BiO4,
mp-4034,LaTe2Se,
mp-18966,FeAgO2,130.9941668
mp-1098019,BaLaMg6,
mp-1079923,H3W,
mp-416,Cr3Os,282
mp-4171,DySi2Ni,
mp-5425,RbCuC2,
mp-542537,SrIn2Rh,
mp-5330,LaAlSi2,
mp-607310,TlFeO2,
mp-569227,NpAl2Pd5,
mp-559161,CrCdF6,
mp-30722,ScHg3,63.70159369
mp-544,Ti3Ir,168.4526417
mvc-11554,MgCrF6,
mp-569246,Tl2HgGeTe4,
mp-569249,Ta3Au,202.7912247
mp-556916,GaAgS2,
mp-567181,ZrRh,162
mp-542723,CeMnSbO,
mp-743839,CoHO2,
mp-154,N2,
mp-569265,Mg3Pt,70.78226446
mp-559246,BaCrF6,
mp-11801,K3N,
mp-1099267,RbYMg6,
mp-30739,Mg3Ir,77
mp-542772,CsAgCl2,
mp-971634,NaNiO2,
mp-567305,CeAl3,
mp-567314,ErNi,
mp-571442,YI3,
mp-2663,Nb3Pt,207.2165922
mp-567354,TiCl3,7.343437797
mp-555014,Rb2MnF5,
mp-542977,LaFePO,
mp-542980,FeHO2,135.7737471
mp-1094320,SrMg3,
mp-1100159,SrHfMg6,
mp-770193,Li2CrFeO4,
mp-773460,Li2FeCuO4,
mp-775331,LiVO2,134.2034192
mp-779985,Li3FeO4,77.88246975
mp-866214,LuBr3,3.869872374
mp-972733,Si3B,
mp-676673,NaClO2,
mp-630528,InS,
mp-976893,Ni3Sb,
mp-3551,TbAgTe2,
mp-773340,Li2TiMnO4,
mp-625199,ScHO2,
mp-773309,Li2CrCuO4,
mp-625147,GdHO2,
mp-752606,Li2CuSiO4,
mp-625075,AlHO2,
mp-624928,KEu(CuTe2)2,
mp-868647,Li2VFeO4,
mp-766486,LiCuS2,44.319476
mp-764163,Li3FeO4,
mp-765939,MnF3,
mp-773253,Li2MnSnO4,
mp-1079582,VIr,
mp-675755,TiCu3O4,76.10043289
mp-715463,MoO3,30.3885342
mp-623782,EuAg,
mp-769990,Li2TiCrO4,
mp-769983,Li2CrFeO4,
mp-10167,Na3SbS4,19.54142206
mp-1094260,ZrSn,
mp-675531,NaBiS2,
mp-1094056,Si7Ge,
mp-675419,LiPrS2,
mp-775241,Li2MnCuO4,
mp-1483,SiRh,221.451366
mp-7541,SnP3,42.62677585
mp-611913,NbVF6,
mp-761415,CuNi3O4,164.3604523
mp-973633,LuSi2Ni,
mp-1099304,CeMg6Cu,
mp-765784,Li2CrCoO4,
mp-773044,LiCuO2,40.92887959
mp-504781,NpI3,
mp-1079312,NdSb2Au,
mp-764050,Li3CoOF3,
mp-765703,NaMn3O4,
mp-685136,BiF3,
mp-756095,NaCu3O4,47.22257231
mp-743660,FeHO2,
mp-642807,TbH2Br,
mp-1078445,Nd2BiN,
mp-777076,Li2TiNiO4,
mp-1099270,Mg6ZnFe,
mp-775105,Li2MnFeO4,
mp-761325,Li2MnSiO4,
mp-642725,CaHClO,
mp-1099316,SrLaMg6,
mp-755703,LiSbO2,
mp-1100163,RbMg6Mo,
mp-863029,ErCl3,
mp-773347,Li2MnFeO4,
mp-867875,SmCl3,4.193177396
mp-775052,Li2CoCuO4,
mp-775047,Li2VCrO4,
mp-755399,Li2CuSnO4,
mp-867744,LiTi3O4,193.536645
mp-2488,SiOs,210.9428287
mp-1078699,NbPt3,
mp-775040,Li2MnSnO4,
mp-12608,CuPt7,244.792815
mp-772244,Li2TiFeO4,
mp-614777,NiF3,51.32539969
mp-763867,MnNi3O4,171.7773133
mp-673245,CuI,38
mp-1100167,BaMg6Ga,
mp-760419,Li2BiF5,
mp-760415,Li3SbS4,
mp-760403,CaCd3O4,
mp-1025509,ZrZnF6,
mp-755658,CePrO2,
mp-755309,Li3NbS4,10.22655907
mp-866311,Bi3BrO4,59.79841066
mp-865956,IrCl3,
mp-1079042,Co3Mo,
mp-766917,LiVF6,26.85322872
mp-754727,LiNiS2,66.64709751
mp-864662,HoCl3,4.508173009
mp-766864,LiVF6,9.409521308
mp-636056,KN3,
mp-635469,CeCuSO,
mp-606711,Cs3LiCl4,
mp-11401,ScGa2Ni,106.5195438
mp-759367,YbNdO2,
mp-1095028,Zn3CrSe4,
mp-759287,LiCu2PO4,
mp-773418,Li2NiSnO4,
mp-758604,LiAgF2,
mp-676643,Ba2NF,
mp-1039292,Ca3Zn,
mp-773369,Li3MnO4,
mp-629443,Li2EuGeS4,
mp-676360,NaNdS2,
mp-758302,LiAgF2,
mp-628631,GdBi2IO4,
mp-628616,Na3Li3N2,
mp-628599,YbBi2IO4,
mp-765987,Li3Mn(OF)2,
mp-773308,Li2MnCrO4,
mp-625150,ScHO2,77.89172255
mp-754368,NaSbO2,
mp-625054,AlHO2,107.6429989
mp-758070,LiCu2PO4,
mp-773255,Li2CrNiO4,
mp-763300,LiFeO2,125
mp-770000,Li2CrCoO4,
mp-765904,Li2FeSiO4,
mp-675589,Li2CuP,
mp-675569,KPF6,
mp-714896,Cr3O,
mp-22231,UTe3,
mp-756878,NaYbO2,
mp-623024,TiCdF6,9.680692976
mp-317,SnRh,139.0894435
mp-756722,YbPrO2,
mp-765836,Li3V(OF)2,
mp-675283,TlPF6,
mp-675230,NaLaS2,
mp-756690,EuAgO2,
mp-777422,DyHO2,
mp-675199,NaPrS2,
mp-765813,Li2FeNiO4,
mp-769874,Li2TiVO4,
mp-19943,YCuSb2,70.25405167
mp-675011,CsPF6,
mp-777303,Li3CrO4,
mp-10904,AlPt,184.1777601
mp-1078466,MnSi,
mp-917359,FeCu2GeS4,
mp-674463,AlHO2,
mp-864915,HfBr3,
mp-541,Ta3Sb,185.2386358
mp-292,V3As,193.9273432
mp-1099258,HfMg3O4,
mp-1078349,La2BiN,
mp-672285,CuCSN,
mp-1087479,CrCo3,
mp-997047,AgBrO2,
mp-643364,HPbClO,
mp-12904,HoAgTe2,
mp-755883,NaDyO2,
mp-608332,ZrFeF6,
mp-849680,Li2CuNiO4,
mp-972249,Sr3Bi,
mp-772593,Li2NiBiO4,
mp-864894,Be3Rh,
mp-776996,Li2CoSnO4,
mp-755716,HoHO2,
mp-755651,CsGdO2,
mp-1078494,Cr2SiC,
mp-765315,FeO2F,86.52545523
mp-615314,ScCoC2,200.6636131
mp-765526,Li3NiOF3,
mp-626724,LaHO2,
mp-755586,NaLaO2,
mp-1079393,Co3Si,
mp-776911,MgO,115.4411301
mp-755585,LiAgO2,
mp-755543,HoHO2,
mp-1079566,FeCuSe2,
mp-626512,FeHO2,66.41008949
mp-3839,GaCuTe2,47.67849002
mp-8978,CsNbN2,95.73236062
mp-1099336,SrMg6Si,
mp-765195,WO2F,86.79585024
mp-626173,HoHO2,
mp-626151,YHO2,
mp-755070,CeSmO2,
mp-1078241,FeS,
mp-867792,ReIr3,
mp-755004,CsInO2,
mp-697144,RbH2N,
mp-755431,PrNdO2,
mp-769119,YbScO2,
mp-776651,Mn3NiO4,
mp-774235,LiCr3O4,
mp-608338,ZrFeF6,
mp-781777,FeO,123.9717409
mp-571520,Si,79.9999107
mp-11714,SiC,213.8143409
mp-764744,V2OF5,21.225604
mp-1078807,Nb3In,
mp-863746,TbBr3,
mp-1030,SbPt7,210.3121186
mp-764673,Na3VO4,46.89839703
mp-625367,LuHO2,
mp-1099338,CsNaMg6,
mp-625359,NdHO2,
mp-1022923,YMg6Zr,
mp-1022697,YHfMg6,
mp-1078389,MoN,
mp-1099281,Mg6FeMo,
mp-768864,KNdO2,
mp-636160,VF3,
mp-754535,LaAgO2,
mp-754815,YBr3,
mp-764642,Li2CoSiO4,
mp-754480,GdYO2,
mp-971633,NaFeO2,
mp-754384,ScTlO2,
mp-5443,Nb2SnC,160.0870512
mp-611999,NbCrF6,
mp-545820,SnO,33.81093916
mp-567504,CrCl3,
mp-545506,GdZnPO,
mp-545529,NdBi2ClO4,
mp-567558,CsAgCl2,
mp-569366,Nb3Tl,
mp-557023,NbVF6,
mp-545728,PrBi2IO4,
mp-1079134,Ni3C,
mp-35869,TiNbN2,292
mp-545847,LuBi2BrO4,
mp-546082,TmBi2ClO4,
mp-867356,TcRu3,
mp-546152,SmBi2ClO4,
mp-1078917,NdTe3,
mp-760375,Li3VS4,12.84931085
mp-546266,DyBi2IO4,
mp-1078335,Pr2BiN,
mp-569391,ZrCl3,7.91685716
mp-546350,TmBi2BrO4,
mp-546449,BaCu3O4,
mp-861970,EuCuSF,
mp-546621,ErBi2BrO4,
mp-546625,HoBi2BrO4,
mp-546672,LaBi2IO4,
mp-546790,LaCuTeO,67.05267615
mp-547125,TbBi2ClO4,
mp-569416,C,82.43941898
mp-547271,ReO3,238.3482277
mp-571554,PrAlSi2,
mp-548469,BaZnSO,
mp-1100155,RbMg6Sb,
mp-549127,HoBi2ClO4,
mp-5493,PrSi2Ni,
mp-559408,NiPbF6,24.18316354
mp-549333,NdBi2IO4,
mp-549475,TbBi2BrO4,
mp-549590,RbClO2,
mp-549695,GdBi2ClO4,
mp-549709,ErBi2ClO4,
mp-549728,DyZnPO,
mp-550070,NbBr2O,10.80340545
mp-549720,NbI2O,12.71249374
mp-550111,SmBi2BrO4,
mp-621721,NiRhF6,
mp-571587,Na2LiN,
mp-550566,EuBi2ClO4,
mp-550635,LuBi2IO4,
mp-550714,PbO,
mp-550805,LuBi2ClO4,
mp-569471,UB2C,
mp-551101,HoBi2IO4,
mp-568014,Nb3Bi,158.2384448
mp-551250,ErBi2IO4,
mp-551675,Li3UO4,
mp-568066,Pr2CBr,
mp-551816,YBi2IO4,
mp-569385,DyAl2Ni,
mp-551900,PrBi2BrO4,
mp-552016,YbBi2BrO4,
mp-559470,AgPbBrO,10.32438448
mp-552008,DyBi2ClO4,
mp-568128,GaSe,
mp-552131,CsClO2,
mp-561428,NiF3,43.64863966
mp-552169,AgClO2,
mp-1079418,LiH2N,
mp-568170,TbCl3,
mp-557137,KCoO2,
mp-552292,SmBi2IO4,
mp-552488,LaCuSeO,
mp-552604,YBi2ClO4,
mp-552738,TmBi2IO4,
mp-552802,ErU2S3O2,
mp-552857,TbBi2IO4,
mp-557158,CrMoF6,
mp-552992,DyBi2BrO4,
mp-569525,NaLi5N2,
mp-553082,PrBi2ClO4,
mp-1099299,Mg6CdSn,
mp-553242,NdBi2BrO4,
mp-553243,YBi2BrO4,65.92429749
mp-545369,CuBiTeO,
mp-553308,CsNdO2,
mp-553310,CsCuO2,28.93850112
mp-555166,BaAg2SnS4,
mp-557179,NaSbS2,
mp-568301,BiBr3,
mp-559521,InBi2S4Cl,
mp-568388,BiI,3.757976596
mp-1100151,Mg6BSb,
mp-4024,DyAgTe2,
mp-1099272,KMg6Zn,
mp-555223,Cs2MnF5,
mp-1099288,RbMg6Co,
mp-561501,CoSnF6,
mp-975110,RbMg3,
mp-669917,ZrRh,156.3475489
mp-5518,GaAgSe2,50.30783521
mp-1022558,BaMg6Fe,
mp-569655,BN,
mp-573321,TePdI2,6.688195364
mp-1098256,NaMg6C,
mp-568501,SrCdBi2,
mp-573579,Cs,
mp-1080194,Re3N5,
mp-557510,Cu3TeS3Cl,
mp-573691,K,
mp-557539,MoF3,
mp-569698,UAl2Pd5,
mp-1022804,SrYMg6,
mp-557668,MnPtF6,25.01411281
mp-557719,PbS,
mp-569766,TeI,
mp-1100164,RbMg6B,
mp-1098251,NaMg6W,
mp-569790,BaAg2GeSe4,
mp-561703,AuCClO,
mp-569802,Si3Ir,
mp-1079116,Mg7Sc,
mp-561808,YbBi2ClO4,
mp-868117,NaCoO2,109.6702419
mp-569834,LiCu2Sn,74.27261472
mp-568629,YbAg,
mp-579909,C,
mp-581786,Cu3Sn,107.7433549
mp-1098046,CsHfMg6,
mp-569850,CeBr3,22
mp-554813,NbCrF6,65.44429441
mp-580215,CeGa6Pd,
mp-561891,AgCNO,
mp-558378,Pd3S,113.9411085
mp-569859,MnTl2SnTe4,
mp-555410,ZnS,
mp-558134,TlF,
mp-580941,AgI,
mp-8224,CaSnF6,
mp-1080131,Cu2SiHgTe4,
mp-569895,EuCl3,22.10721293
mp-976881,Ni3S,
mp-562090,CuCClO,
mp-569940,K3Bi,
mp-6070,AgCNO,
mp-558418,NaCrF6,
mp-581747,PuGa,
mp-20329,InAgO2,109
mp-568806,C,114.9560006
mp-570002,C,311.2304268
mp-582011,CeCl3,30.73109049
mp-562468,TiF3,101.7680753
mp-568823,YbAu3,
mp-985302,Ac3Pr,
mp-554751,FeSnF6,
mp-558761,MnSnF6,
mp-775114,NaMnO2,
mp-1079677,GdSi2Ni,
mp-568865,ZrTe,87.1773728
mp-558838,NiPtF6,40.73253647
mp-1079594,Ca3ZnSe4,
mp-7589,Mg2NF,103.8401179
mp-562809,GdBi2BrO4,
mp-558854,NbFeF6,
mp-570076,Tl2CdSnTe4,
mp-558864,CrHgF6,
mp-568890,Tl2CdGeTe4,
mp-582819,Pu,
mp-582826,GdRuC2,
mp-559931,VF3,
mp-1079228,Ga4BiAs3,
mp-754334,NaTmO2,
mp-606102,Ce3In3Ru2,
mp-1078597,ZnCd3Se4,
mp-761608,Li2CoNiO4,
mp-754238,Li2CuBiO4,97.89660182
mp-1084805,YH3,
mp-1038818,MgAl,
mp-754213,Li2ZrCuO4,111
mp-776204,LiV3O4,131
mp-754237,LiTmO2,
mp-754204,LiGdO2,
mp-754605,LiLuO2,
mp-754154,CsHoO2,
mp-761572,Li2TiCoO4,
mp-754138,CsDyO2,
mp-604496,CeSiHRu,
mp-754117,YHO2,
mp-754110,SmAgO2,
mp-765529,Li2MnCoO4,
mvc-16090,AlCuS2,
mp-754055,CsErO2,
mp-754043,NaLuO2,
mp-974464,ReH3,
mp-754027,NaSmO2,
mp-14107,NpF3,
mp-644751,BN,
mp-753947,LuHO2,
mp-764648,LiTiO2,142.7411853
mvc-5676,TeWO6,
mp-567767,CoCN2,
mp-644222,CdHClO,
mp-753799,CsTmO2,
mp-753751,LiAgF2,
mp-5488,LiInO2,
mp-771725,LiNi3O4,150.3240688
mp-628568,FeCu2SnS4,
mp-1039025,MgCd,
mp-606734,NaCrF6,
mp-765309,LiNi3O3F,
mp-985825,Al3Cu,93.50390432
mp-1079702,Cr3GaP4,
mp-768247,PtO3,
mp-1080509,ZnSiAs2,
mp-1098123,KMg6Mo,
mp-757583,Li2TiCuO4,
mp-771200,LiCo3O4,142
mp-626075,MnHO2,
mp-973963,NiH3,
mp-1091384,NbTl3S4,
mp-18828,TlFeO2,
mp-696944,LaHBr2,
mp-3785,TlGaTe2,
mp-768231,YHO2,
mp-1039170,MgBi,
mp-1079163,Mg7Nb,
mp-1100154,RbMg6Ga,
mp-1023227,CaHfMg6,
mp-1023366,CaYMg6,
mp-1023329,CaMg6Zr,
mp-1023208,CaMg6W,
mp-1023193,CaMg6Nb,
mp-1023161,CaMg6Mo,
mp-1022605,Mg6FeNi,
mp-1022584,KMg6Zr,
mp-1022488,NaMg6Zr,
mp-1021848,KMg6V,
mp-1021520,BaMg6Ti,
mp-1021488,KMg6Ti,
mp-1021478,SrMg6Ti,
mp-1021424,KMg6Mo,
mp-1021423,KMg6Ti,
mp-1021393,KMg6Mo,
mp-1021383,RbMg6Ti,
mp-1006351,CeY3,
mp-1099315,RbMg6Ti,
mp-1006323,CeLu3,
mp-568564,V3Cd,
mp-1006258,ErPu3,
mp-1006164,PmPu3,
mp-1006132,Hf3Pb,
mp-1006127,Pa3Mo,
mp-1006059,Tl3Bi,
mp-1005760,Tl3Os,
mp-1005752,Sm3In,
mp-1014296,C3N,
mp-1014287,C3N,
mp-1014227,Ti2ZnN,149.326498
mp-1890,BMo,311.4745855
mp-10971,LiErO2,
mp-567772,Na,7.146442401
mp-2612,GeTe,47.57262738
mp-1091369,UCoAs2,
mp-995196,CO3,
mp-30765,LiPt7,219.9599701
mp-16762,PrB3,
mp-1099339,NaMg6W,
mp-12020,ErAl4Ge2Au,
mp-862984,PmB3,
mp-991652,VCu3Te4,
mp-23679,PuH3,
mp-1025396,NbTl3Se4,
mp-555491,ZrCoF6,
mp-1038902,Ce3Mg,
mp-15702,MgCN2,
mp-1080030,BC7,
mp-867264,Re3Os,
mp-569671,ZrSb,103.7085503
mp-37620,LiMnO2,115.5917058
mp-975834,MoRu3,
mp-1098293,RbMg6W,
mp-583,CoAs,157.1384602
mp-1078989,SiRh,
mp-559044,CuCSN,46.83527648
mp-541044,CsYO2,
mp-570140,AuBr,
mp-1016772,Mg6CrC,
mp-568992,ZrIr,186.5543424
mp-560008,PNF2,
mp-570180,YbPt,
mp-570188,ZrI3,
mp-560023,NiSnF6,30.97733314
mp-570199,Ti3Pd5,161.7863934
mp-570219,InBr3,11
mp-867797,RbTl3,
mp-555718,SrNiF6,64.33045202
mp-6498,CoCu2GeS4,
mp-569095,Rb3Bi,
mp-22367,PdPbO2,83.94944116
mp-550820,SmZnPO,
mp-1100172,CsMg6C,
mp-917564,3-Feb,
mp-569114,BaAg2SnSe4,
mp-1095156,CeCoSb2,
mp-560119,TbCl2F,
mp-541226,CsBrF6,
mp-569157,BiI3,2.983851349
mp-972002,Ac3Yb,
mp-1098229,Mg6VC,
mp-570334,SiW3,183.7132983
mp-1078519,LaSb2Pd,
mp-1078693,BaCdSbF,
mp-22232,TlInSe2,22.50822264
mp-570403,TbCd3,
mp-632417,LiHO2,
mp-1078935,BC7,
mp-606564,KCrF6,
mp-555874,LiAsS2,
mp-32684,HBr,
mp-3275,PrFeSi2,
mp-32749,NdO3,
mp-32750,CuI,
mp-555911,TlAsF6,
mp-794,CrTe,
mp-8017,AlCuTe2,51.66965884
mp-765798,Li2CoNiO4,
mp-505632,CsFeS2,
mp-1079496,Ni3Mo,
mp-1100147,KMg6Ti,
mp-560338,CrF3,37.18042823
mp-570589,SeBr,
mp-758523,AgHg,
mvc-11552,CaCrF6,
mp-542132,YbCuAs2,
mp-1025532,MnCu2SnTe4,
mp-570686,SnBi,
mp-542314,NdCuSO,
mp-542403,HoCoSn2,
mp-1099286,LaMg6Co,
mp-752953,ZrTi2O,133.5401137
mp-556093,CuMoF6,34.47226249
mp-510086,Ca2InN,
mp-556456,ZrCoF6,
mp-556810,CoPtF6,
mp-570751,Nb3Te,168.9910992
mp-571016,KSnSe2,
mp-1078780,ZnCd3S4,
mp-1094449,Y3Mg,
mp-570775,BaAu,
mp-561183,KCrF6,12
mp-510262,Cs3O,
mp-510273,CsSbO2,
mp-571065,TiBr3,
mp-2072,KTe,
mp-571100,CsAgBr2,
mp-1099313,LiMg6Ga,
mp-21356,EuCuSeF,
mp-556197,FeF3,
mp-560865,ZrCuF6,14.38522513
mp-560428,CoCu2GeS4,
mp-1080698,Fe3B,
mp-29076,FeWN2,224.3165579
mp-571211,V3Si,132.284381
mp-1096841,BaMoP2,
mp-1224,HgO,23.56502147
mp-510557,CsN3,14.5351178
mp-571266,GaCl3,
mp-571297,AgN3,
mp-510574,USb2Au,
mp-18745,LaMnSbO,
mp-1005,FeP,212
mp-1021497,Li2SiSnS4,
mp-1079848,GaFe2AgTe4,
mp-554095,NiRhF6,36.53861192
mp-1021669,Ba2CuC(NO)2,66.17532195
mp-1021672,Sr2CuC(NO)2,74.9274111
mp-554311,RbCrF6,
mp-554332,SrCrF6,
mp-2672,K2O2,31.76231706
mp-189,SiRu,204
mp-612185,NiPtF6,
mp-1022732,FeBiAsO,
mp-1099328,CeMg6Ni,
mp-1022963,IrO3,
mp-30200,Bi2CO5,
mp-1023125,MgCuO2,
mp-19953,ZrCuSi2,128.83247
mp-2011,UP,
mp-30042,Li2CeGe,
mp-30040,BaCdSb2,
mp-1078401,LaBi2Au,
mp-1023920,Mg3NbO4,
mp-1023900,SiS,
mp-1024033,Mg3SnO4,
mp-1024034,SrMg3O4,
mp-20866,GeRh,
mp-1024035,RbMg3O4,
mp-1024036,Mg3SiO4,
mp-1024037,NaMg3O4,
mp-1024038,CeMg3O4,
mp-1024039,Mg3AlO4,
mp-1024040,BaMg3O4,
mp-1024043,CaMg3O4,
mp-1024044,Mg3CrO4,
mp-1024045,Mg3ZnO4,
mp-1024046,YMg3O4,
mp-21131,CaMnSb2,
mp-1098241,NaMg6Mo,
mp-1024068,Mg3VO4,
mp-32479,Tl3VO4,15.92112743
mp-10316,CeCdAsO,
mp-1040468,Si3H,
mp-1017237,RbMg6Nb,
mp-1078943,FeHO2,
mp-22140,PuPd,
mp-1080093,InNi3,
mp-974620,Rb,
mp-10816,NdAgAs2,
mp-235,SN,
mp-2420,PW,221.6521249
mp-109,Si,98.7895132
mp-246,TiF3,103.6842232
mp-1079034,Zn3CdSe4,
mp-1025456,CaZrF6,56.98615092
mp-863035,PuSb3,
mp-861511,PuP3,
mp-861592,PuAu3,
mp-427,FeAs,162.8392443
mp-4283,LaSi2Pt,
mp-24897,Cr3O,
mp-11770,CoCu2SnS4,71.70834208
mp-611231,CrCdF6,
mp-556742,GaS,16.80033164
mp-11957,CaSn2Ir,76.91525905
mp-867318,Eu3Tl,
mp-19140,K3MnO4,
mp-12382,ErSi2Ni,
mp-1079494,ReC,
mp-1017220,RbMg6Mo,
mp-690555,V2NO,
mp-1017202,RbMg6W,
mp-637750,NiSnF6,
mp-1017182,RbMg6W,
mp-862847,PaB3,
mp-1017173,RbMg6Nb,
mp-1017158,RbMg6Mo,
mp-1080749,CsFeO2,
mp-1039383,CaMg3,
mp-932790,UPt3,
mp-1039229,Ca3Zn,
mp-8289,SnF3,
mp-754718,NaCuO2,61.60539426
mp-1099302,Mg6VW,
mp-1016652,BaHfMg6,
mp-1016650,BaMg6Nb,
mp-1016639,BaMg6Mo,
mp-1016559,BaMg6W,
mp-909149,USe3,
mp-1016346,CeMg7,
mp-1016333,BaMg7,
mp-1039470,Ce3Mg,
mp-1016331,Mg7Nb,
mp-1016330,SrMg6W,
mp-976930,Ni3As,
mp-1099319,RbMg6Ni,
mp-1016329,SrMg6Nb,
mp-1016327,Mg7Bi,
mp-1016326,Mg7Cr,
mp-1016325,RbMg7,
mp-1016323,NaMg7,
mp-1099340,NaMg6Nb,
mp-1016319,Mg7Si,
mp-1016317,Mg7Fe,
mp-510488,SmMnSbO,
mp-1016316,LaMg7,
mp-1016310,Mg7Co,
mp-1087545,Zn3CrTe4,
mp-1016305,Mg7Sn,
mp-1016301,Mg7Ni,
mp-1016298,Mg7V,
mp-1016296,SrMg6Mo,
mp-1016293,KMg7,
mp-1016285,Mg7Cu,
mp-1016284,Mg7Zr,
mp-1039033,CaMg3,
mp-1078600,TmAgTe2,
mp-1016282,Mg7Mn,
mp-1016281,Mg7Mo,
mp-1079248,K3NaH4,
mp-1016279,Mg7Zn,
mp-1016277,YMg7,
mp-1016276,CaMg7,
mp-1016274,LiMg7,
mp-1099279,SrMg6Fe,
mp-1016272,Mg7C,
mp-1016271,Mg7Al,
mp-1016270,Mg7Sb,
mp-1016269,Mg7W,
mp-1016268,SrMg7,
mp-1016265,Mg7Ti,
mp-1016264,CsMg7,
mp-16548,ZrTiF6,84.78928003
mp-1016262,Mg7B,
mp-676416,V2CN,305.5792163
mp-1016256,HfMg7,
mp-984612,Be3Ru,
mp-1016253,Mg7Cd,
mp-1016252,Mg7Ga,
mp-696736,RbBe2F5,
mp-1084796,CaZn3Se4,
mp-19851,KInTe2,
mp-1016200,MgGeAs2,52.11962535
mp-36536,NaCeS2,
mp-644500,Zn7Mo,102.1067996
mp-1078627,NbCu3S4,
mp-1039447,CaZn,
mp-1091372,NdAl3,
mp-1079863,TiCo3,
mp-611426,C,435.6614918
mp-28044,TmCl3,12.34586772
mp-1078897,SmFeAsO,
mp-1013527,BeGeP2,
mp-754596,RbGaO2,
mp-697179,ZrH,114.4697995
mp-1003322,CaMnO2,
mp-1099257,KMg3O4,
mp-1078766,GaFe3,
mp-1030635,LaMg3O4,
mp-1030631,Mg3MnO4,
mp-1030618,Mg3ZrO4,
mp-567925,MoC,
mp-608175,CrF3,
mp-1039293,Mg3Cd,
mp-565882,CoF3,
mp-24659,UH3,107.1129528
mp-1039270,CeMg,
mp-1079529,NaTeO6,
mp-8703,Na3SbSe4,20.30871202
mp-1079646,GaAgS2,
mp-1079249,TbH3,
mp-12509,YZnPO,
mp-12609,LiCa6Ge,
mp-867368,Eu3Sn,
mp-1924,TbSi,
mp-760411,Bi2CO5,99.34386099
mp-510596,EuCuSeO,
mp-19190,SrNiO2,
mp-11534,Np,
mp-510657,VCu3O4,116.4475891
mp-1079478,PrAgSb2,
mp-25174,W3O,
mp-865464,PmSi3,
mp-1080038,Fe3Sn,
mp-1578,V3Rh,217
mp-866161,VRh3,251.302265
mp-865473,VBr3,6
mp-19722,MnCu2SnS4,66
mp-16315,GePt3,
mp-16319,Rb3Sb,
mp-865493,VI3,6
mp-16641,YbSn2Pd,
mp-16742,BaAgTeF,
mp-25544,KMnO2,
mp-1682,ZrAs,117.9737323
mp-19414,K3CrO4,
mp-1099332,SrCeMg6,
mp-169,C,117.4655013
mp-561038,CoF3,
mp-561075,Na2CdSnS4,
mp-18755,NdMnSbO,
mp-864938,Mg3Tl,35.5347922
mp-1039075,Mg3Bi,
mp-1079930,CeFeSb2,
mp-542640,GePt,142.8460557
mp-639100,MoF3,
mp-611153,CaMnBi2,
mp-1099276,RbMg6Fe,
mvc-7244,BaTaCuO5,
mvc-7253,BaCuSbO5,
mvc-7248,BaCuReO5,
mvc-7747,BaCuWO5,
mp-985547,Ac3Sm,
mp-1100173,CsMg6Fe,
mp-35200,AlO3,
mp-971837,ZnCdTe2,
mp-1099111,CeMg6Al,
mp-1042,HfSi,152.6547424
mp-760408,LiZnO2,97.33774762
mp-554971,ZrFeF6,
mp-1079550,PrSb2Au,
mp-22716,LiCu2P,79.30905362
mp-1099275,Mg6FeSi,
mp-691135,LiMn3O4,
mp-1099300,Mg6SnB,
mp-1099264,Mg6MnC,
mp-977164,Li3H3N2,
mp-6408,ZnCu2GeS4,73.1190489
mp-1100162,RbMg6C,
mp-1099280,SrMg6Fe,
mp-867352,TcRh3,
mp-16240,Ag3Sb,
mp-865798,GaCu3,126.846053
mp-865212,Fe3Re,309.7738121
mp-861630,Tc3Ru,
mp-643945,TiFeH2,185.7547923
mp-676011,Si,66.31253731
mp-676241,FeCl3,2.480992954
mp-644499,CeCoGeH,
mp-765803,Li2FeCoO4,
mp-1079297,Si,
mp-861487,PrHg3,
mp-861610,Tc3Pd,252.5276624
mp-861626,Tc3Rh,
mp-861889,Sc3Tc,88.20397009
mp-861943,BPt3,177.4547247
mp-861910,Sc3Hg,65.59892387
mp-862260,ScZn3,77.22388839
mp-862289,AcHg3,
mp-862259,Sc3Al,64.20787984
mp-862617,AcAl3,
mp-862586,Re3Pd,296.681243
mp-862655,Ru3W,308.711003
mp-862620,IrRu3,
mp-862589,Re3Pt,324.1629135
mp-862630,ReRu3,
mp-862732,PmZn3,
mp-862621,GaPt3,
mp-862604,Re3Ni,326.0198458
mp-862756,PrGa3,
mp-862665,AcGe3,
mp-862696,CeGa3,
mp-862779,Tc3Os,325.7504434
mp-862689,Cs3Rb,
mp-862769,RbGe3,
mp-862770,Tc3Ir,
mp-862783,KTl3,
mp-862750,SrNiSn2,56.4476142
mp-862844,PaAl3,
mp-862853,PaP3,
mp-862854,PaPd3,
mp-862668,CeHg3,
mp-862858,PaPt3,
mp-862865,PaZn3,
mp-862709,CeAg3,
mp-862867,PaSe3,
mp-862857,PaS3,
mp-862866,PaTe3,
mp-862851,PaI3,
mp-862852,PaNi3,
mp-862980,PmAl3,
mp-862985,PmAu3,
mp-863648,CaHg3,
mp-863682,PmGa3,
mp-863677,PmCu3,79
mp-864621,NdGa3,
mp-864735,Mn3Ir,359
mp-863718,PmNi3,
mp-864754,NaIn3,
mp-864733,MoI3,3
mp-864809,AcZn3,
mp-864889,ZrZn3,100.4090598
mp-864934,MgAg3,78.10472529
mp-864935,MgAu3,112.2536161
mp-864937,Mg3Sc,43.21297927
mp-864901,LaAu3,
mp-864995,DyAl3,
mp-864952,Mg3Ag,47.84827332
mp-864899,NpP3,
mp-864790,Nd2BC,
mp-864994,DyHg3,
mp-865022,MnIr3,
mp-865103,DyGa3,
mp-865144,CdAu3,
mp-865171,YbHg3,
mp-865045,MnRu3,
mp-865180,ThAu3,
mp-865193,Co3Pt,212.0221936
mp-865327,TmHg3,
mp-865400,ThPt3,
mp-865411,GdAl3,
mp-865428,UP3,
mp-865450,ThGa3,
mp-865496,VIr3,320.2876963
mp-865527,YAl3,71.55681043
mp-865386,GdGa3,
mp-865598,YGa3,
mp-865612,LiCd3,
mp-865572,CeAu3,
mp-865565,CsSn3,
mp-865596,YLu3,
mp-865733,CoTc3,287.6144945
mp-865910,CdAg3,
mp-865950,AcAg3,
mp-865960,CoRe3,337.8084618
mp-1078676,Tl2SnHgSe4,
mp-866076,NdAu3,
mp-866102,ErHg3,
mp-866108,HfZn3,103.0467128
mp-866222,AcSi3,
mp-866201,Ti3Bi,101.5153779
mp-866184,Ti3Pb,
mp-867317,Cu3Si,141.3113791
mp-865685,Eu3P,
mp-867143,SmGa3,
mp-867212,TcOs3,377.9061716
mp-867229,RbSn3,
mp-867232,TbAl3,
mp-867281,Tc3Pt,283.0044505
mp-867297,AcIn3,
mp-867345,TcIr3,
mp-867357,Tc3Ni,283.548342
mp-867770,BaHg3,
mp-867800,AcSe3,55.88856156
mp-867870,SmAl3,
mp-867815,AcGa3,
mp-867838,AcAu3,
mp-867879,SmHg3,
mp-867890,AcCd3,
mp-867865,ReRh3,
mp-867907,PuSi3,
mp-20463,CaPbF6,
mp-1078867,SiRu,
mp-19846,TlSbSe2,
mp-1099249,Mg3CuO4,
mp-22558,TiSi,
mp-1095178,Mn3Sn,89
mp-7237,CuAgO2,42.81876054
mp-499,AgO,103.4207783
mp-672250,Ti3Ga,91.11041671
mp-867141,ReOs3,
mp-610821,NbFeF6,
mp-611406,CrHgF6,
mp-1001058,CoCu2SnSe4,
mp-1080056,Ti2AlN,
mp-1092246,UCuP2,
mp-1038790,Ce3Mg,
mp-985584,Na3PS4,22.47686937
mp-1078998,LaClO2,
mp-38280,LiTiO2,170.7405587
mp-1016556,CsMg6C,
mp-754826,CsScO2,63.36709514
mp-36052,ScUS2,
mp-1029446,CaGeN2,126.9395839
mp-9761,ReO3,
mp-1029407,NaCrN2,75.65201904
mp-1029396,SrHfN2,115.7833493
mp-1029395,LiCrN2,85.40765229
mp-1020578,Sr4S3O,
mp-1087215,NaAsF6,
mp-1029374,BaTiN2,
mp-1078548,Mg7Ti,
mp-1002574,KMnO2,
mp-2752,Nb3Au,183.763599
mp-1002572,LiMnO2,
mp-1009088,BeGeAs2,
mp-1029312,RbVN2,55.14606913
mp-1029625,LiTaN2,
mp-1009086,BeSnP2,
mp-1009084,BeSnAs2,
mp-1009083,MgSnP2,56.90153294
mp-770635,LiNiO2,114.3886911
mp-1009082,MgSnAs2,
mp-1078808,TlSe,
mp-1002569,MgMnO2,
mp-766115,LiCrO2,
mp-1029293,CsVN2,104.2695558
mp-1030636,Mg3TiO4,
mp-1029275,SrZrN2,
mp-765271,KFeO2,43.20397626
mp-10009,GaTe,
mp-10008,Ca7Ge,
mp-13453,BePd3,161.7516596
mp-1099271,LaMg6Zn,
mp-13478,SmCoSi2,
mp-1431,MnSi,209.610896
mp-10046,V2AsC,203.0771849
mp-10063,CdSnSb2,36.23328551
mp-13512,CaNiGe2,75.34047875
mp-13513,SrNiGe2,70.35260774
mp-13520,Na2ZnGe,23.01040617
mp-10092,KCu4Se3,39.88508378
mp-13545,BaIrF6,
mp-1823,Ti3Al,115.2179239
mp-20545,Cu3AsS4,73.92377967
mp-13610,ZnPbF6,
mp-14232,LiBO2,
mp-1364,YNi,78
mp-10163,NaAlTe2,22.12919612
mp-10164,NaGaTe2,
mp-10166,NaAlSe2,27.96670148
mp-1017,Zr3O,133.9678864
mp-13679,PdF3,32.66693725
mp-1630,Zr3Hg,104.2113194
mp-1175,SrS3,
mp-11760,ErCd2Cu,
mp-1380,Zn3Ru,137.9691758
mp-1016631,BaMg6W,
mp-1182,DySi,
mp-1099312,KMg6W,
mp-1099244,Mg3WO4,
mp-1387,AlV3,159
mp-11840,BaAg,
mp-10281,ZnS,69.44905384
mp-1841,SiIr3,299.0018244
mp-13903,ZnSnF6,23.48298428
mp-13906,CuSnF6,
mp-13907,CdSnF6,
mp-11871,HoNi,
mp-1039426,Mg3Cd,
mp-11958,CaSn2Pd,60.00737081
mp-11959,CaSn2Rh,66.07184186
mp-10371,Cr2GaN,171.4134435
mp-16493,YAl2Co,89.22888037
mp-13983,ZnPdF6,36
mp-13984,CdPdF6,
mp-14105,AlTlO2,99.58074096
mp-11980,CsNbF6,
mp-1399,AlAu,104.0701195
mp-16503,HoAl2Ni,
mp-10381,K2CuSb,17.40848158
mp-10393,SmGaSb2,
mp-14006,BaGeF6,
mp-16517,TmAl2Ni,
mp-14018,K3As,
mp-16516,TbAl2Ni,
mp-12015,KAg2AsO4,
mp-12018,NdAl4Ge2Au,
mp-12017,CeAl4Ge2Au,
mp-10417,KSbO2,
mp-10418,RbSbO2,
mp-12029,Li2CuP,60.45663242
mp-14069,CsAlO2,92.88616797
mp-14070,RbAlO2,92.20431557
mp-14090,TlCuSe2,46.69742051
mp-14091,AlAgSe2,51.88467087
mp-16565,CdCu2SnSe4,52.03764198
mp-12071,Ti3As,125.9109254
mp-1412,Ti3Sb,119.8223791
mp-255,NaHg,16.9331562
mp-10474,NaPF6,
mp-14205,K3Cu3As2,
mp-14206,K3Ag3As2,
mp-16613,AlAuO2,172.3143569
mp-1860,LaSi,68.53787112
mp-14222,TlGaO2,
mp-1664,V3Pd,196.9498468
mp-2053,Nb3Sb,173.9432843
mp-16726,LiB,
mp-16733,Sc2GaC,85.78477766
mp-12275,SrZnSb2,
mp-2339,Ti3Pt,166.4937823
mp-1868,VS,147.4424273
mp-1231,Cr3Ga,
mp-1232,Mo3Pt,266.0291015
mp-12325,CsYbSe2,
mp-10635,SnSb,50.13337156
mp-12442,KAuF6,
mp-12444,SrCuSF,
mp-986979,MnCu2SnS4,
mp-1099310,LiMg6W,
mp-10692,CoGe,157.3369424
mp-1458,Nb3Ir,222.7852254
mp-12469,LaCd2Pd,
mp-2349,YCd3,55.81128468
mp-12516,NdZnSbO,
mp-12520,SrNi2Ge,71.65984888
mp-259,AlMo3,224.9244741
mp-12532,KAg2PS4,37.37251885
mp-2068,RhF3,
mp-12537,Ti2GaC,138.9832188
mp-12546,TiCu3,139.5800729
mp-12553,PrAl3,
mp-2354,Ti3Hg,118.553011
mp-1080055,NpH3,
mp-10797,CaSiNi2,83.3106037
mp-10809,AgSnF6,
mp-12628,Rb,2.80563311
mp-2211,V3Pt,217.7100441
mp-12636,PRu,
mp-14793,Mg2SiPt,98.63140278
mp-148,Ge,
mp-236,SN,
mp-1900,CaAs3,
mp-17,Cr,
mp-12684,LaAl,52.87273386
mp-1272,Cr3Ru,264.3742954
mp-10906,ZrAlPt2,
mp-12742,MgPd3,130.0319931
mp-556504,CoCu2SnS4,
mp-906903,Fe3N,
mp-12759,Zn2CuAu,112.0109171
mp-10965,DyAgSb2,
mp-208,GeIr,
mp-24131,GdH3,
mp-1099,NiGe,135.7993008
mp-12782,YbAl2Ni,
mp-10991,YCuAs2,89.43167221
mp-10993,ErCuAs2,
mp-10992,DyCuAs2,
mp-10994,TmCuAs2,
mp-128,Ge,
mp-1836,TlSe,21.68998637
mp-12802,AlCu3,133.0277855
mp-11019,GaCuO2,150.6193557
mp-2662,MnP,
mp-12813,YbIn2Rh,
mvc-16089,ZnCu2SnSe4,56.67597072
mp-11020,GaAgO2,
mp-11021,GaAuO2,162
mp-11022,ScAgO2,123.2483507
mp-11023,ScAuO2,134.0922364
mp-893,ZrSi,141.4549455
mp-12855,Cu2HgGeSe4,
mp-2668,Mn3As,
mp-11073,Ti3In3Rh2,121.8134961
mp-11078,BaIn2Rh,
mp-12883,P,
mp-2377,GaMo3,
mp-11108,SrP3,
mp-12900,HoSi,
mp-9295,TaCu3Te4,28.54466942
mp-12947,LaMgCu2,
mp-12954,CuBS2,114.2223501
mp-11171,LiRhF6,
mp-11172,LiIrF6,
mp-11193,VAuS2,105.5563149
mp-1120,Mo3Ir,288
mp-1932,Nb3Os,223
mp-11200,LaMg2Ni,
mp-12996,LaMg2Pd,
mp-15325,BaAs3,
mp-11232,YAl3,
mp-1937,YbCu,
mp-13045,EuCuSn2,
mp-13053,SrSi,
mp-11251,Mg3Au,
mp-1306,ThAl3,
mp-1943,GaSe,13.49617296
mp-13070,Sc2AlC,86.22744306
mp-11263,Zr3Au,118
mp-239,BaS3,33.16957119
mp-13071,Sc2TlC,79.5759377
mp-27972,AcBr3,24.14688687
mp-11271,BeMo3,
mp-1545,Nb3Rh,203.724007
mp-13094,YAl2Ni,91.14958371
mp-1128,SiIr,214.868679
mp-29026,MnWN2,288.4189675
mp-11295,DyCd3,
mp-11302,HoCd3,
mp-11306,LuCd3,
mp-13137,Hf2CS,177.2611219
mp-13138,Cu3Sn,106.4185152
mp-1954,P3N5,131.1795545
mp-2242,GeS,21.52379985
mp-1555,V3Sb,178.286014
mp-11334,W,299.0051935
mp-13151,BN,
mp-13162,TbZnSn2,
mp-15704,BeSiN2,
mp-11345,ZrP,134.3839271
mp-11352,PrAl5Ni2,
mp-1136,Na3As,
mp-2102,PrGe,
mp-13207,CeZnPO,
mp-11392,TmGa2Pd,
mp-11396,NdGa2Ni,
mp-15637,ZnRhF6,
mp-15638,CdRhF6,
mp-15639,HgRhF6,
mp-1326,Nb3Sn,165.1971019
mp-11428,GdPt,
mp-15650,AsRu,
mp-15653,CeSi2Ni,
mp-11444,YGa2Ni,93.0397953
mp-15668,NaSe,
mp-13287,BaCuTeF,
mp-15685,Na2CuAs,29.79933474
mp-15684,K2CuAs,21.0065075
mp-15686,Li2CuAs,50.36776874
mp-13312,ScTlS2,50.31666118
mp-11462,KHg,
mp-15701,MgSiN2,174
mp-13339,EuCuTeF,
mp-11482,MoIr3,337
mp-15703,BeCN2,316
mp-13363,SiPt3,205.0901516
mp-13392,NdCu,
mp-1342,BaO,68.35650846
mp-1585,V3Co,210.6307508
mp-1598,Na3P,25.59876221
mp-2738,DyNi,
mp-1599,BN,
mp-20661,Ti2PbC,118.2530194
mp-1786,Ti3Au,138.9962637
mp-2006,V3Ir,238.9405671
mp-22060,Nb3In,152.644623
mp-555506,ZrCrF6,74.42442281
mp-2287,SiRh,183.6093778
mp-2294,Al3Ir,150.9516299
mp-1373,Nb3Ge,172
mp-753982,Li3CrS4,12
mp-22602,CaIn2Au,
mp-22604,InAsF6,
mp-3284,CeSi2Pt,
mp-30787,MoRh3,268.4633541
mp-22611,InFe2CuSe4,
mp-30788,SnMo3,216.8115181
mp-4196,NdFeSi2,
mp-22612,FeCu2SnSe4,
mp-20532,PrSb2Pd,
mp-30790,ZrMo3,195.7649753
mp-19052,K3VO4,33.56713336
mp-985294,Ac3Er,
mp-4206,UAs2Pd,
mp-4207,USb2Pd,
mp-27971,AcCl3,27.71610856
mp-27974,PuBr3,11.21433996
mp-20914,NdIn2Ir,
mp-27975,NdBr3,9
mp-27976,SmBr3,8.951654612
mp-27979,LaI3,6.499634192
mp-22753,UFeC2,
mp-27999,K5CuSb2,
mp-1078895,Mn3Pd5,
mp-4266,KAsF6,
mp-22648,FeCu2SnS4,67.76512167
mp-22656,GdInPt2,
mp-24428,KH2N,14.78775291
mp-20983,V2InC,153.9634493
mp-20985,TaPbS2,
mp-19284,NiAgO2,124.3730639
mp-29504,ClF,
mp-29506,CsBiO2,
mp-21002,LaIn2Rh,
mp-29521,RbBiO2,
mp-21024,SrIn2Pd,49.10895174
mp-568968,K2SnHgSe4,
mp-21027,CaIn2Pt,67
mp-21032,BaIn2Pt,
mp-19370,LaCoPO,
mp-22717,CaIn2Pd,59.35317651
mp-28099,SBr,
mp-28100,NaFeS2,
mp-21048,CrP,
mp-19443,WO3,196.2129377
mp-28117,VCl3,
mp-22742,EuSn2Ir,
mp-30830,V3Pb,
mp-21077,LaNiGe2,
mp-4437,NdTe2Se,
mp-24668,CsHF2,19.50017311
mp-30838,ThPd,
mp-1099268,YMg6Ga,
mp-30839,Th3Pd5,
mp-1087219,GePt3,
mp-1099119,CsMg6Mn,
mp-446,Cr3Pt,247.2822997
mp-21115,CeSi,
mp-4472,BMo2C,317.087152
mp-1099256,Mg3BO4,
mp-1079855,LiPd7,
mp-22780,BaIn2Ir,
mp-4524,ZnGeP2,74.92337409
mp-29623,SrZnBi2,31.86136264
mp-24813,LaFe5H2,
mp-30850,TaPt3,261.5376221
mp-29635,PuGa,
mp-24842,KCoO2,63.26125813
mp-28214,TiBr3,
mp-19715,USi,
mp-19723,InAuO2,
mp-29653,U3Si2C3,
mp-19724,Cu3Ge,122.9382708
mp-4586,LiAlTe2,26.48093719
mp-22850,RuCl3,
mp-22853,MoCl3,12.36614876
mp-28237,RbLiBr2,
mp-29663,Si3Ir,144.9278539
mp-1094098,NaGaTe2,
mp-19734,MgPbF6,19.64322218
mp-28243,RbLiCl2,
mp-33322,LiHoSe2,
mp-974408,Re3W,
mp-4608,KPF6,18.04404663
mp-28254,LiRuO2,
mp-19746,NbPbS2,69.46906763
mp-22871,ZrCl3,5.947483104
mp-4613,Zr2SnC,127.3391486
mp-21207,LaInNi2,
mp-612701,MnAs,
mp-25010,NaMnO2,
mp-21223,YbIn2Ni,
mp-25011,NdMnPO,
mp-22892,RuBr3,
mp-25016,NdMnAsO,
mp-21228,SrCuSeF,
mp-22896,LaCl3,31.5803674
mp-30866,Rh3W,282.9558406
mp-33363,LiYS2,
mp-30871,Ta3Sn,178.6599732
mp-4678,Zr2AlN,141.8285715
mp-22918,PuCl3,
mp-21238,ThSi,
mp-611049,MgCrF6,
mp-4701,CuSnF6,
mp-19795,InS,20.03336895
mp-1039010,MgAl,
mp-30876,Zr3Sn,102.5504313
mp-19799,BaPbF6,43
mp-21258,EuIn2Pd,
mp-33526,LiBiS2,
mp-600536,NaMoF6,
mp-33588,Ca2NF,
mp-25229,CuO,
mp-21278,CeIn2Ir,
mp-774234,K3CrO4,
mp-19832,BaCoS2,
mp-22984,NaBiO2,
mp-19833,InAgS2,52.19929643
mp-33667,LiDyS2,
mp-1099325,LaMg6Ga,
mp-4782,CaSnF6,
mp-2033,Ni3N,197.0297979
mp-30911,TbCoSn2,
mp-25469,AlCl3,9.23384299
mp-29752,NiGePt2,196
mp-30913,ErCoSn2,
mp-30919,LaGa6Pd,
mp-25503,CrHO2,
mp-1099255,Mg3CdO4,
mp-29764,RbHF2,
mp-4817,CeAl5Ni2,
mp-29772,YGe3,
mp-33882,ErAgSe2,
mp-4840,GaCuSe2,59.54592396
mp-21342,V3Sn,162.6415534
mp-23057,CsLiBr2,
mp-21349,PuGa3,
mp-21352,NaIn2Au,
mp-21354,EuCuSF,
mp-19896,Li2GePbS4,42.10635643
mp-21364,HoCuAs2,
mp-30952,GaCl3,1.313630693
mp-21367,LaIn2Pd,
mp-21372,CePRuO,123
mp-33997,TaO2F,183.3725932
mp-4887,BaCeN2,
mp-4893,Hf2SnC,137.7770761
mp-30965,NaClO2,
mp-772592,RbFeO2,72.18808559
mp-4043,NbCu3Se4,33.16779922
mp-23282,ZrI3,3.148966246
mp-1099282,Mg6CuNi,
mp-21393,Ce3Al,
mp-28448,DyCl3,12.20331832
mp-21405,InSe,
mp-34121,LiSbS2,
mp-19940,VAs,140.1968057
mp-37179,Ta2CN,
mp-1099318,LaMg6B,
mp-494,GeMo3,
mp-1099317,LaMg6B,
mp-21,Ca,15.12053549
mp-7839,ReB3,
mp-694850,LiMnO2,
mp-9911,K3SbS4,
mp-608187,MnPtF6,
mp-35739,ZrUN2,
mp-1079608,PrFeAsO,
mp-510441,YInPt2,120.9503525
mp-7898,Rb3As,
mp-557938,HfVF6,75.46519947
mp-1096855,BaCuSeO,
mp-1078181,SiBr3,
mp-1078191,Ba2TeO,
mp-1078195,SiI3,
mp-33738,TiNiO6,
mp-1078225,BaLaSi2,
mp-1078242,YAlPd2,
mp-11769,CoCu2SiS4,
mp-1078268,Pr2BC,
mp-1078224,CeAl4Si2Rh,
mp-1078300,ScF3,
mp-1078314,EuMnBi2,
mp-35311,ZnCrF6,
mp-22053,FeCu2GeS4,
mp-468,AlF3,45.11123795
mp-21410,FeS,
mp-1078363,Ce2BiN,
mp-646195,RbCrF6,
mp-24,C,387.4998661
mp-1078372,Na2MgPb,
mp-19412,VAg3O4,
mp-1078387,FeCu3S4,
mp-1078396,InSe2N,
mp-1079882,Ba3SrO4,
mp-1078399,CsAl,
mp-1078526,GaPd,
mp-1078227,BaCoSO,
mp-1078435,BaCd2Pt,
mp-11771,CoCu2SnSe4,
mp-1078453,BaAlGeF,
mp-1078415,CaFeSO,
mp-1078286,CeMnAsO,
mp-1078472,TiCuGeAs,
mp-1078462,BaMg4Ge3,
mp-8742,DyCoSi2,
mp-9810,TlFeSe2,17.92069679
mp-1078498,ZnCu2SiTe4,
mp-1078452,LaO3,
mp-1078503,LiTiNCl,
mp-20271,LaAgSb2,
mp-1098290,RbMg6W,
mp-867246,TbGa3,
mp-1078514,ZrNiP2,
mp-1078515,LiTbSn2,
mp-1078516,BaCrS2,
mp-1078504,YbIn2Pt,
mp-1078517,RbFeS2,
mp-30490,Mg3Cd,39.88466871
mp-8357,UTe3,
mp-1078541,BC2N,
mp-1078542,GdZnAsO,
mp-1078547,YSnPt2,
mp-1078554,KNa3H4,
mp-1078557,PrPt,
mp-1078562,SrAgSF,
mp-1078568,Pd3N,
mp-1078574,HfNi2Sb,
mp-1078578,NaCd4As3,
mp-12990,Ti2AlC,137
mp-1078584,Mn3Ga,
mp-1078585,GdAl,
mp-1078589,EuAu,
mp-1078590,NaCO2,
mp-1078602,ZrIn3,
mp-19178,CoAgO2,128.1095519
mp-1078606,NdInCo2,
mp-1078609,SrN,
mp-1078610,EuGe3,
mp-19821,Cr2GeC,202
mp-1078607,BiSe,
mp-4288,TbNiGe2,
mp-1025441,Ta2AlC,193.5649997
mp-891,TaNi3,218
mp-1078626,TbSnPt2,
mp-1078638,Ca,
mp-1078643,RbNa3H4,
mp-1078644,SnO,
mp-1078645,YCoGe2,
mp-976948,Ni3H,
mp-8016,AlCuSe2,62.515231
mp-1078650,LiLuSn2,
mp-1078656,K3Mn,
mp-4666,CdSiP2,74.87507834
mp-30485,Ca3Zn,22.13118527
mp-1078669,NpTe3,
mp-1078292,CdCu2SnS4,
mp-30726,YHg3,59.43649423
mp-1221,V3Ge,183.8080572
mp-1078704,ErNiBC,
mp-1078703,NaZn4As3,
mp-1078696,PbS,
mp-1078707,TbFeGe2,
mp-1078712,Hf2TlC,
mp-1078702,EuAs3,
mp-1078708,TcCl3,
mp-2961,MgSiP2,
mp-685022,TePb,36.85027899
mp-1078726,CsHoS2,
mp-1078724,LiAsSe2,
mp-1078728,HfAlPt2,
mp-1078737,HoCoGe2,
mp-1078739,YAgSb2,
mp-567220,Hf2SbP,123.5954937
mp-1078753,LiTl,
mp-1078752,SmCoGe2,
mp-1078762,RbCu4Se3,
mp-1078782,YCoSi2,
mp-1078784,Sc3RhC4,
mp-2400,NaS,
mp-1078789,CN2O,
mp-1078790,DyInPt2,
mp-1078795,TmGe3,
mp-1078797,SmMnSi2,
mp-1078799,LiNbF6,
mp-1078801,CsI,
mp-1078805,SmSb2Pd,
mp-1078811,Nb2GeC,
mp-1078816,SN,
mp-1078819,TmSn3,
mp-1078821,CsK2Pt,
mp-1078828,OsN,
mp-1100148,RbMg6Mo,
mp-1078834,LiRuF6,
mp-1078831,KAs,
mp-1078838,TiFeH2,
mp-1078842,GdHg3,
mp-1078836,KI,
mp-1078845,C,
mp-1078847,CoAgO2,
mp-2567,V3Si,195.7797659
mp-9922,HfS3,18.45972244
mp-1078858,U3Si,
mp-1078864,KGa,
mp-1078825,SrCd2Pd,
mp-1078865,SbS4N3,
mp-1078877,MgSi(HO2)2,
mp-1078879,LiPrSn2,
mp-1078755,SbPt3,
mp-1078697,V3Ge,
mp-696,SiPt,174
mp-1099254,Mg3CoO4,
mp-743,RbN3,17.15443343
mp-1078903,SrZnSbF,
mp-1078918,ZnCu2SnSe4,
mp-1078919,CsV2O5,
mp-1078920,LaCu,
mp-1078922,Cu2SiNiS4,
mp-1078956,PtN4Cl2O,
mp-1078960,AsNF6,
mp-1078964,Mg3Au,
mp-1025402,SrCu,
mp-1078970,USnPt2,
mp-611642,NiPbF6,
mp-20346,TbInCo2,
mp-818,SiRh,195.086041
mp-1078982,YbCuSb2,
mp-1078990,CsTmS2,
mp-1078992,Th3Pt5,
mp-1078997,NdFeGe2,
mp-30148,BC2N,
mp-1079008,LaCoAsO,
mp-1078698,ZrCuGeAs,
mp-1079018,TaS2N,
mp-1078628,Na2HgPb,
mp-1079028,TbNiSb2,
mp-1139,Co3Mo,260.4656808
mp-1079046,BC7,
mp-1025552,LuGa2Ni,
mp-1079065,Zr3Co,
mp-29930,Na5LiN2,
mp-1079066,Ta2AlC,
mp-1079070,UCuSb2,
mp-1079071,EuTl3,
mp-1079072,Mg3In,
mp-1079075,YGa2Pd,
mp-1079076,Hf2PbC,
mp-22386,InAgTe2,
mp-1079080,CsCd4As3,
mp-9929,ZrCuSiAs,
mp-1079083,SiPd,
mp-19713,Sc3In,63.4611283
mp-1079091,PrCu,
mp-736,Li3P,39.86351151
mp-5238,GaCuS2,75
mp-1079103,LaCuSb2,
mp-1079106,TiFeH2,
mp-1079101,PbS,
mp-1079121,SmCoC2,
mp-1019541,BaCa3O4,
mp-1079131,VIr,
mp-19835,Nb2InC,158
mp-1079133,LuZnSn2,
mp-7586,Ni3C,195
mp-1079143,CoGe,
mp-1079139,K3Co,
mp-7832,BW,341.9527302
mp-1079156,AgClO2,
mp-5513,Tl3VS4,25.43993337
mp-1079160,CeAl2Pt,
mp-27729,ICl3,
mp-1079172,PbSe,
mp-1079173,HoInCo2,
mp-1079174,PuPd,
mp-1079175,MgGaAu2,
mp-1079178,CeCoGe2,
mp-1079182,AlPt3,
mp-10952,Cu2HgGeS4,
mp-168,Si,83.34494985
mp-557579,LaS,
mp-1078705,SmFeSb2,
mp-22485,TbCuSb2,
mp-1079193,TiCuNi2,
mp-1079195,SrMnPF,
mp-1079201,BC2N,
mp-1079203,NdGe2Pd,
mp-1079196,SnPbS2,
mp-1079214,GdSnPt2,
mp-4538,TaSnS2,
mp-21015,HoCuSb2,
mp-1078839,PrCoSb2,
mp-1079229,Mg3Pd,
mp-1079231,KCo,
mp-20878,PbO,
mp-1079240,LiAl,
mp-975655,PrNiGe2,
mp-1078613,DyPt,
mp-1079244,EuGa,
mp-1079260,InSe,
mp-8761,NdCoC2,
mp-1079261,ErCuSb2,
mp-1079266,Pr3Al,
mp-1078999,NdAlH6,
mp-1079269,SiPt3,
mp-1079267,LiHg3,
mp-1079276,LiAsSe2,
mp-20685,Cr3Ge,
mp-1079294,TmCuSb2,
mp-1079295,ErSi,
mp-1079298,NaTl,
mp-1078420,ZnCu2GeTe4,
mp-1079305,TbPt,
mp-1079308,SmAsRuO,
mp-1079382,YMg7,
mp-1078915,Ba3CaO4,
mp-549589,LaZnAsO,
mp-1079320,BaZnAsF,
mp-1079321,ErAgS2,
mp-1079326,GdClO2,
mp-1079333,B2CN,
mp-1079337,FeNi3,
mp-6949,InF3,
mp-1025551,GaPt,
mp-1079119,LaFeSb2,
mp-975646,PrZnSbO,
mp-1079366,TaNF6,
mp-1079370,ErH3,
mp-1079380,PuFeC2,
mp-622621,NdFeAsO,
mp-1079385,CeCuTeO,
mp-1079399,V3Fe,
mp-1079397,HoZnSn2,
mp-1079402,CeSi2Ir,
mp-1019519,Ba2NaO,
mp-322,TlS,
mp-1079421,UHg3,
mp-1079426,Tl2SiHgSe4,
mp-1079429,HoAgSe2,
mp-1079433,BaMg4Si3,
mp-1079443,MnTe,
mp-1078723,CeTlSe2,
mp-30672,Ti3Ga,117.9990968
mp-1079460,Ti3Sn,
mp-1079467,YAu3,
mp-1079474,ErSn3,
mp-866046,Ti3In,
mp-1019378,Al3GaN4,
mp-1079483,LiAuF6,
mp-1079491,LiIn2CuSe4,
mp-1079500,CaNiBN,
mp-11506,Ni3Mo,230.0111748
mp-862332,LaHg3,
mp-1019743,Ga3BN4,207.1471014
mp-1025459,HfTe3,
mp-1079534,EuP3,
mp-1079533,CrCd3Te4,
mp-1025522,ThTe3,
mp-1078505,DySn3,
mp-20020,NdCuSb2,
mp-1079546,Nb2GaC,
mp-10208,NiMoP2,189
mp-1079552,TbGa2Ni,
mp-1079564,EuCu4P3,
mp-12351,PrTe3,
mp-1079567,K2RbPt,
mp-1079572,LaNiSb2,
mp-630476,HfVF6,
mp-1079587,YbPd,
mp-1079595,NdInNi2,
mp-1079548,YClO2,
mp-9429,USe3,
mp-1079603,BaCdPF,
mp-1079607,LiLaSn2,
mp-4081,TaCu3Se4,31.47486595
mp-1079612,HC,
mp-1079575,SmInCo2,
mp-10967,CdCu2GeSe4,56.85363818
mp-1079543,PbS,
mp-1079626,TbNiBC,
mp-1079635,GaMo2C,
mp-1079636,DyNiSb2,
mp-30855,UPt3,
mp-1079645,K2CdSnSe4,
mp-5342,GaAgS2,60.54269754
mp-1079647,BaAgSeF,
mp-1079656,TmAgS2,
mp-13154,Fe3C,197.7950626
mp-632586,FeHO2,
mp-1079661,BC7,
mp-568417,PrAl,
mp-1079673,ThSe3,
mp-1079680,CaFeO2,
mp-1079679,K2CdSn,
mp-1079681,ZrAu3,
mp-1079689,Tl3Pt,
mp-1078991,ErTe3,
mp-21030,Ti3Sn,117.1337533
mp-1079694,CsI,
mp-1079698,CeSb2Au,
mp-1079701,UCoC2,
mp-1079703,SmSb2Au,
mp-1079707,CaO,
mp-1079710,UMo,
mp-867288,TbHg3,
mp-1079714,SiHgP2,
mp-1079716,YInCo2,
mp-865259,HoHg3,
mp-1079721,SrMnSb2,
mp-1079250,SmNiSb2,
mp-1078468,MgSi(HO2)2,
mp-731,Mg3Hg,43.01883734
mp-1025433,HoGa2Ni,
mp-1079745,ErGa2Pd,
mp-1079758,TbHO2,
mp-1079760,Pd3N,
mp-1079181,LiOsF6,
mp-755000,LiTiO2,128.7038356
mp-1079768,Ti2HPd,
mp-1019379,AlB3N4,
mp-1079775,KCrO2,
mp-21237,CoGe,151.909171
mp-1079792,CeTlTe2,
mp-1079786,BiI3,
mp-1079796,Ti3Pd,
mp-1079799,BaMnBi2,
mp-1079801,NbNi3(HC)2,
mp-1079802,YNiGe2,
mp-1079811,SmAu,
mp-15671,Re3B,
mp-1079815,PrSi2Rh,
mp-569683,InAu3,108.2470091
mp-1079832,ScTe,
mp-945077,YTe3,
mp-1079836,GaSi3C3N,
mp-1099253,Mg3NiO4,
mp-1079853,SrMg2Pd,
mp-3469,ZrNi2Sb,145.0422822
mp-510622,PrFeAsO,
mp-1079859,CaFeAsF,
mp-1079861,TmCoGe2,
mp-1079862,SrTl2Pd,
mp-24944,SmFeAsO,
mp-1079867,Li2PrGe,
mp-1079283,LaAlH6,
mp-14089,TlCuS2,56.58157453
mp-549158,InCuO2,122.0293358
mp-1079881,CeSb2Pd,
mp-1079887,TbFeAsO,
mp-1079888,TiSe,
mp-1079889,ZnAg2SnS4,
mp-1079890,Al2CuIr,
mp-1079892,AlW2C,
mp-1079894,LaGe2Rh,
mp-23184,BCl3,1.081179087
mp-1079904,UInPt2,
mp-1079455,CeNiAsO,
mp-1079910,SiTc,
mp-1025464,Sc3NiC4,
mp-1025504,TmGa2Ni,
mp-1078938,YAl2Pd5,
mp-1079916,DyIn2Ni,
mp-1079915,PrAu,
mp-1079919,Mg3Mn,
mp-1079885,LiSbS2,
mp-1079914,HfSb,
mp-485,ZrNi3,170
mp-3762,VCu3S4,39
mp-1079507,CeFeSb2,
mp-1079936,TbCoGe2,
mp-1079940,Sr3CaO4,
mp-1079942,LuGa2Pd,
mp-1079944,LuCuAs2,
mp-704346,CuO,
mp-2157,Co3W,279.2945279
mp-1079947,Pd3N,
mp-1079064,PrCoGe2,
mp-1079945,SrAs3,
mp-1079952,Na,
mp-1079833,SmCoSb2,
mp-1079976,TmNiGe2,
mp-1078576,Cu3N,
mp-1079984,BaAl,
mp-9814,Cu3SbSe4,58.41674751
mp-1079992,Zr2PbC,
mp-1079993,ThAgPO,
mp-1079574,TePb,
mp-1078637,Bi,
mp-740,NdTe3,
mp-2231,SnS,24
mp-1079649,Si,
mp-1080016,Tl3Ir,
mp-1080020,LiMoO2,
mp-7857,TiB,207.1578602
mp-1080022,ZrCu,
mp-981379,Zn3CdS4,
mp-1078680,MgSiSb2,
mp-1019380,Al3BN4,
mp-1080032,,
mp-20883,Fe3Sn,
mp-22811,InCuSe2,52.91569383
mp-2552,TeO3,90.39781825
mp-1078624,LaCoC2,
mp-15622,HfSe3,
mp-4978,Ti2AlN,155.3637227
mp-1080057,CeCuSi2,
mp-1078955,NaTl,
mp-1080067,ErCoGe2,
mp-1080070,Ti3Pd5,
mp-1080066,LiTmSn2,
mp-1080069,TbSn3,
mp-1080073,MnTe,
mp-1080074,UCu2Sn,
mp-22849,BiI3,3
mp-1080083,PrPOsO,
mp-9399,SmTe3,
mp-1079055,LaCrAsO,
mp-1080087,CsYbS2,
mp-672238,CeCuSb2,
mp-1804,Fe3N,206.6535755
mp-1080098,Nd3Al,
mp-1080105,CeAsRuO,
mp-1080106,Ge,
mp-1080111,B3Mo,
mp-1080109,Cu4S3N,
mp-1025500,ZnCu2SnS4,67.18809366
mp-1080113,ScFeC2,
mp-1080116,SmCuSb2,
mp-1080120,FeSe,
mp-1080121,KSe3,
mp-1080126,LuCuSb2,
mp-1080128,SrMnSbF,
mp-1080132,EuHg3,
mp-1080135,SrZnAsF,
mp-1079088,NaAsF6,
mp-1080147,Ni3Sn,
mp-21078,Fe3Ge,168.6254171
mp-1079217,LaGa2Ni,
mp-1080203,CuN,
mp-1080552,SrHg3,
mp-611,Ag3Sn,
mp-1014286,C3N,
mp-20881,LaNiBN,
mp-1078427,CeAl4Si2Ir,
mp-7808,BaP3,
mp-10824,ZnCu2GeSe4,58.96081814
mp-1080438,SrAgTeF,
mp-1080443,YCu,
mp-1080448,AlPt3,
mp-1080451,TbPd,
mp-1080453,NdAsRuO,
mp-1080452,KCd4As3,
mp-5702,Cu3SbS4,68.04023226
mp-1080459,GeTe,
mp-1080455,TiCuSiAs,
mp-1080469,HfCuGe2,
mp-1080467,KCd4P3,
mp-7948,ReSi,246
mp-1080476,FeH3,
mp-1025550,Ti2GaN,158.6080705
mp-1080480,CeSi2Ag,
mp-1080483,BC2N,
mp-1080485,NdPt,
mp-12957,O2,5.678240994
mp-1098080,CsMg6W,
mp-1079720,AgO,
mp-1080501,Li2ZnSi,
mp-7086,RbFeSe2,16.00365841
mp-3595,ZnSiAs2,65.88488083
mp-23116,CuBiSeO,
mp-1080511,BaMg(CO2)2,
mp-996162,Nb2AlC,173
mp-1079124,Be2BO5,
mp-1079627,PrAlH6,
mp-1078464,MnGe,
mp-1080522,YSn3,
mp-1080525,FeB,
mp-1080524,LaAl5Ni2,
mp-2089,ZrTe3,20.78077573
mp-1080530,PrMnSi2,
mp-568700,Na5LiN2,
mp-1080514,SrF3,
mp-1080551,UNiSb2,
mp-1080561,CaGa2Ni,
mp-1080568,PrNiSb2,
mp-1080569,Tl3Au,
mp-10644,TaTl3Se4,
mp-1080572,NdCoGe2,
mp-1078500,PbS,
mp-10322,BaHfN2,104.2909439
mp-1080576,LiB,
mp-1080579,NdCd2Pd,
mp-1080611,CaIn2Ni,
mp-1080588,LaCuGe2,
mp-1080590,DyAu3,
mp-1080591,CaFeAsF,
mp-1016197,MgSiAs2,
mp-5075,Sc3CoC4,179.6748701
mp-7577,CoSi,210.5067345
mp-1080600,YbAl2Pd,
mp-27677,KCu4S3,47.52304189
mp-1079621,SmClO2,
mp-1080603,Fe7Co,
mp-1080608,SrIn3,
mp-1080609,InSiCN,
mp-1080577,HoSn3,
mp-7570,RuF3,
mp-1080619,TmZnSn2,
mp-1080622,KRhF6,
mp-1078577,DyNiGe2,
mp-1080643,LaFeSi2,
mp-1080645,DyFeGe2,
mp-1080650,BaCuSF,
mp-1009087,BeSiAs2,
mp-1080659,OsC,
mp-11398,Ga3Ni5,
mp-1080658,LiErSn2,
mp-1078944,PbS,
mp-1079570,CeFeAsO,
mp-675328,Ce4GeS3,
mp-1079362,LaNiAsO,
mp-1079180,HoPt,
mp-1080679,LiTaF6,
mp-1080433,YbNi,
mp-1080683,CsEuS2,
mp-1080689,LuTe3,
mp-1080691,Rb2SnHgTe4,
mp-1080694,Os,
mp-1080043,K,
mp-1080708,CeCuGe2,
mp-1080709,NdAu,
mp-1080712,LiSmSn2,
mp-22539,CeNiSb2,
mp-22469,InNi3,147.0471514
mp-1080723,HfCuGeAs,
mp-1079395,CeGe,
mp-1025497,AlV2C,170.7446458
mp-1080756,ErAu3,
mp-9921,ZrS3,21
mp-959,LaAl3,
mp-1078640,K,
mp-1078700,Li2BiAu,
mp-1078558,NaCl3,
mp-672371,Ni3Sb,164.5851259
mp-1080775,PrInNi2,
mp-2369,SnPd,101.0387153
mp-1080779,YZnSn2,
mp-1080783,HoFeGe2,
mp-1080784,LiHoSn2,
mp-1080791,UCuBi2,
mp-1080793,PuTe3,
mp-1080805,Ag2AsS4N,
mp-2247,AgN3,15.77173995
mp-5372,RbFeS2,16.73509237
mp-1078234,BaGe3,
mp-1080821,BaF3,
mp-1080826,C,
mp-15799,NbN,
mp-909296,CeZnSbO,
mp-1084754,LaAsRuO,
mp-1078508,HoTe3,
mp-1084757,LaNiSn2,
mp-1084767,Zr2InN,
mp-1025536,PrGa2Ni,
mp-1084770,K2BiAu,
mp-20753,CeCoC2,
mp-1078968,LaCoSb2,
mp-10229,Nb3Si,
mp-637575,AlCr3B4,
mp-1084785,KAlO2,
mp-3034,MgAl2Cu,77.94523552
mp-870,TlN3,
mp-1078686,H3W,
mp-12406,US3,
mp-1084808,YbAu,
mp-1084813,NdCuGe2,
mp-1080835,V2GaC,
mp-1025397,GeRu,
mp-1078621,TlInS2,
mp-1084830,LaGe,
mp-1084832,Fe5Co3,
mp-1025423,SmGa2Ni,
mp-31205,Zr3Fe,103.850774
mp-22736,InCuS2,63.57618404
mp-1080107,UCo,
mp-1084847,TbTe3,
mp-1086652,BaAgSF,
mp-4175,ZnSnP2,63.76946478
mp-1079872,PrFeSb2,
mp-1086664,RbCd4As3,
mp-1086667,ScNiC2,
mp-1086669,NiP2W,
mp-1086668,LaSn2Rh,
mp-395,ZrAl3,102.8388736
mp-1086674,YbCoGe2,
mp-691,SnSe,24.38851503
mp-22620,CeZnSbO,
mp-1078796,EuAs3,
mp-4979,AlCuS2,80.44008328
mp-1099251,Mg3GaO4,
mp-1087226,NaAl2Sb,
mp-1683,ZrSe3,16.32904359
mp-1087471,FeCu2GeSe4,
mp-22261,InCuTe2,
mp-1087475,NbCrN2,
mp-1087474,PrClO2,
mp-1087483,ThCuPO,
mp-1087488,InMoS2,
mp-1025446,CeGa2Ni,
mp-1087486,PbS,
mp-1087492,Li2ZnSi,
mp-1087495,Tc3B,
mp-1087496,NpCuPO,
mp-1087501,NdGe2Rh,
mp-1087502,HoPd,
mp-1087511,UFeAs2,
mp-1451,NbNi3,211
mp-12651,MgPt,
mp-1087512,TmTe3,
mp-865625,Na2MgSn,23.01501466
mp-1078873,Mn3Ge,
mp-1078612,LaTe3,
mp-765966,LiVF6,33.27071473
mp-1087531,CsBO6,
mp-956,U3Si,
mp-1087532,CsLuS2,
mp-1822,TiAs,119
mp-1087524,LiH2N,
mp-1087539,ErFeGe2,
mp-1087542,UNiC2,
mp-1009085,BeSiP2,
mp-1087546,O2,
mp-1087547,EuCu,
mp-1079332,HfCuSiAs,
mp-1080797,CsHg,
mp-1091364,LiDySn2,
mp-19786,UCoAs2,
mp-16513,NdAl3,
mp-1091374,NbCrN2,
mp-1091375,PbS,
mp-1079908,Ti2SiC,
mp-1079684,NO,
mp-1091385,PuAl2Pd5,
mp-1078497,YbGa2Ni,
mp-1091387,CaHg3,
mp-1091397,SmCoAsO,
mp-1091399,O2,
mp-16514,Al3Ni5,167.1858706
mp-1080001,ZrGa3,
mp-1078666,GaPt3,
mp-1091407,UCoP2,
mp-3849,TlFeS2,26.11336059
mp-1091415,Ge,
mp-1091416,SrCuTeF,
mp-1091417,AgN,
mp-1091418,NClO2,
mp-1092222,HoNiSb2,
mp-1078931,SrFeAsF,
mp-30534,UCuP2,
mp-1092248,TbInPt2,
mp-1078721,InPd3,
mp-1092268,GaSiCN,
mp-1092281,Ti2TlC,
mp-568718,HfAl3,106
mp-20859,DyCuSb2,
mp-1092296,DyGa2Pd,
mp-1079012,Cu2SnHgTe4,
mp-1078520,AlHO2,
mp-4763,ZnSiP2,84.85419284
mp-1092328,Sc3IrC4,
mp-1079541,ZnCu2SnS4,
mp-1093993,ZnO,
mp-37737,HfTiF6,
mp-8390,LiYbO2,
mp-37920,AgAuS2,
mp-1094038,TaS3,
mp-755021,ReO3,238
mp-1094092,NaPH6,
mp-10748,TaCu3S4,38.09049119
mp-1094159,Li3Mg,
mp-1094169,LaMg3,
mp-1094171,La3Mg,
mp-1094172,La3Mg,
mp-1094174,LaMg3,
mp-1094183,HfMg,
mp-1094185,HfMg3,
mp-1094180,HfMg,
mp-1094220,Hf3Mg,
mp-1094248,YSn3,
mp-1094249,MgSn3,
mp-1094255,Zr3Sn,
mp-1094259,Hf3Mg,
mp-561820,GdCuSeO,
mp-1094263,ZrSn,
mp-1094267,Zr3Sn,
mp-1094268,ZrSn,
mp-1094261,ZrSn,
mp-1094293,Sr3Mg,
mp-1094297,Sr3Mg,
mp-1094312,ZrSn3,
mp-1094330,MgTi3,
mp-1094336,SrMg,
mp-1094337,MgTi,
mp-1094338,SrMg3,
mp-1094342,MgTi,
mp-1094341,MgTi,
mp-1094376,MgTi3,
mp-1094382,MgTi3,
mp-1094383,MgTi,
mp-1094390,MgTi,
mp-1094391,YMg,
mp-1094266,Mg3Ti,
mp-1094395,Mg3Ti,
mp-1094397,Y3Mg,
mp-1094411,YMg3,
mp-1099265,YMg6Cu,
mp-1094427,Mg3Zn,
mp-1094396,Mg3Ti,
mp-1094430,MgZn3,
mp-1094433,Mg3Zn,
mp-1094451,Mg3Zn,
mp-1094452,YMg,
mp-1094466,Mg3Zr,
mp-3524,LiPN2,
mp-1094472,MgZr3,
mp-1099245,Mg3FeO4,
mp-1094478,MgZn3,
mp-1094496,Y3Mg,
mp-1094501,MgTi,
mp-1094505,MgZn,
mp-1094514,Mg3Sn,
mp-1094513,MgSb3,
mp-1094519,Mg3Sn,
mp-1094528,ZrSn,
mp-1094538,Mg3Sb,
mp-1094548,Mg3Sb,
mp-1094551,Mg3Sb,
mp-1094567,LiMg3,
mp-1094565,MgSb,
mp-1094568,LiMg,
mp-1094591,Li3Mg,
mp-1094596,LiMg3,
mp-1094598,Li3Mg,
mp-1094602,LiMg3,
mp-1094608,Mg3Ga,
mp-1094621,MgGa,
mp-1094636,MgGa,
mp-1094645,MgGa3,
mp-1094652,Mg3Ga,
mp-1094654,MgGa,
mp-1025425,Co3H,
mp-1094660,MgGa3,
mp-1095209,GdFeAsO,
mp-1094676,Mg3Bi,
mp-608307,ZrCrF6,
mp-1094760,CeMg3,
mp-1094735,Ca3Mg,
mp-1017400,NaMg6Nb,
mp-1003509,Ti3In,
mp-975144,RbZn4As3,
mp-773729,CrCuO2,
mp-1094814,CeMg3,
mp-905416,PuH3,
mp-607358,FeF3,
mp-1079190,SmFeSb2,
mp-640069,KCoO2,
mp-1095124,TaCo3,
mp-1094937,MgCd3,
mp-1094961,Mg3Al,
mp-1094970,Mg3Al,
mp-1098050,CeMg6Fe,
mp-1094989,Ca3Mg,
mp-611031,SrCrF6,
mp-1094708,CaMg3,
mp-1078709,Na2BiAu,
mp-1095026,DyAgSe2,
mp-1095030,BC7,
mp-11703,KSbS2,
mp-24992,FeHO2,
mp-1099252,Mg3SbO4,
mp-546011,YZnAsO,75
mp-827,KN3,
mp-567341,PrCoC2,
mp-1095059,InGaSe2,
mp-1039119,MgAl3,
mp-1079685,LaNiPO,
mp-1095063,YFeGe2,
mp-1086665,NdCoAsO,
mp-20175,Sc2InC,81.45763334
mp-351,SiNi,164.218582
mp-1095082,InRu3,
mp-1095086,Ta,
mp-582282,GdAgSe2,
mp-1095090,BaMn2O5,
mp-20485,InSe,10.22489511
mp-23807,AlHO2,154.9483683
mp-1080556,EuNiGe2,
mp-1095094,SnI3,
mp-1095099,LiPtF6,
mp-30682,ZrGa,113.9281123
mp-1084828,La3Al,
mp-1078695,NdCoSb2,
mp-12515,LaZnSbO,
mp-1095125,LuNiGe2,
mp-1025521,CeSi2Ru,
mp-1078651,ErNiGe2,
mp-1095134,LaCoGe2,
mp-1095135,DyGa2Ni,
mp-1095137,UFeC2,
mp-1025517,Ti2InN,137.0956948
mp-1095149,LiLaBi2,
mp-1095151,BaCdAsF,
mp-2507,GaS,16.29897106
mp-1079392,CeCoSb2,
mp-1095161,SmMnGe2,
mp-1078507,NdNiSb2,
mp-1095043,Sc3OsC4,
mp-1095168,PrCuSn2,
mp-1095172,CsNdS2,
mp-1079938,TlPd3,
mp-1095177,SiNi,
mp-1079037,LaSi2Ni,
mp-22389,Mn3Sn,
mp-1095181,N3Cl,
mp-32780,AuCl,
mp-1019740,GaB3N4,
mp-1095188,CaNiGeH,
mp-1095184,NpSe3,
mp-1572,GaSe,13.88831612
mp-1095190,DyInCo2,
mp-1095192,TbSb2Pd,
mp-1086672,MnO3,
mp-1095201,ZrCuGe2,
mp-1019508,AlGa3N4,177.6140506
mp-30724,ThHg3,
mp-1078945,FeSe,
mp-1086673,DyTe3,
mp-1078679,GdFeAsO,
mp-10572,NaPN2,
mp-7562,TaTl3S4,
mp-974341,RuRh3,
mp-611331,Cs2MnF5,
mp-871,FeSi,211.4649131
mp-647888,FeB,
mp-27978,PuI3,
mp-29973,SrN,39.29910499
mp-850275,Li3SbS4,10.75260738
mp-1097012,FeCoO2,
mp-1096959,FeAgSe2,
mp-638590,MnTl2GeTe4,
mp-1096920,Cr3O5,
mp-1080747,ScAlCO,
mp-1880,SbF3,14.74783772
mp-1097013,KGaTe2,
mp-1079020,Ge,
mp-715566,CrO3,
mp-1097010,CuPbO2,
mp-1078909,CdCu2GeTe4,
mp-1096845,BaAgO2,
mp-1025549,Tl3VSe4,
mp-5621,NbCu3S4,39.66440189
mp-510421,CrO3,8.531578789
mp-1096933,CsAgO2,
mp-550433,BeZnO2,164.7649418
mp-12903,YAgTe2,41.38296841
mp-4899,GaAgTe2,40.78455891
mp-37480,LiSbSe2,
mp-1098134,KMg6W,
mp-1080602,SmClO2,
mp-1098076,CeMg6B,
mp-1098203,Mg6NbC,
mp-1097797,LiFe3O4,
mp-917532,RbFeSe2,
mp-1424,GePd,122.7404531
mp-1084778,CsZn4As3,
mp-16566,Cu2SnHgSe4,52.8851458
mp-16764,RbYTe2,26.87069226
mp-1098323,SrCeMg6,
mp-1099112,RbCaMg6,
mp-914019,US3,
mp-1099289,SrMg6Co,
mp-1098253,NaHfMg6,
mp-1080808,RbFeS2,
mp-1098280,RbMg6Si,
mp-1097709,CsPb2Cl5,
mp-14092,AlAgTe2,42.36020435
mp-1098122,KMg6Nb,
mp-1098049,CsKMg6,
mp-1098289,RbMg6C,
mp-1098205,Mg6GaB,
mp-1098082,CsRbMg6,
mp-1098071,CsMg6C,
mp-1098327,RbMg6Co,
mp-1098328,RbMg6Sb,
mp-1098079,CsMg6V,
mp-1098297,SrHfMg6,
mp-1078488,TlFeSe2,
mp-9518,NdZnPO,
mp-1098068,CsMg6Mo,
mp-5048,LiGaTe2,26.8986791
mp-996962,LiAgO2,
mp-1098252,RbHfMg6,
mp-568948,UTe3,
mp-36946,TlBiS2,
mp-1098236,Mg6ZrC,
mp-21187,CaIn,
mp-1078987,TbInCo2,
mp-1098120,KMg6Nb,
mp-5840,LiScO2,118.9670027
mp-570722,NbI3,3.56759959
mp-1029835,RbMnN2,114
mp-13572,ScSiPt2,173.3440809
mp-677103,RbHF2,22.33781651
mp-977375,HoBr3,3.800644465
mp-864954,MgMoN2,246.3971645
mp-21855,VCu3Se4,35.93866001
mp-755318,ScHO2,156.6057147
mp-557686,ZrVF6,72.38624766
mp-23244,UI3,6
mp-755253,LiZrO2,155
mp-20320,InTe,20.40150791
mp-1099285,CsMg6Cu,
mp-1079128,CrBi,
mp-1099290,LiMg6Ni,
mp-1078538,FeSe,
mp-1099311,CeMg6V,
mp-1080419,SmBi2Au,
mp-645418,FeCl3,
mp-1025540,MnCu2SiTe4,
mp-1079818,CrTe,
mp-13206,PrZnPO,
mp-1099309,RbMg6Co,
mp-20900,Cu3Sb,94.98216069
mp-21122,NdSb2Pd,
mp-997037,CdAuO2,
mp-997085,SrAgO2,
mp-23232,3-Feb,
mp-1038816,CeMg,
mp-27490,Te2AuCl,
mp-21159,DyGe3,
mp-35915,BaBi2O5,
mp-570051,Tl2SnHgTe4,
mp-33975,CuAsSe2,
mp-570325,AuSe,
mp-31000,NO,
mp-1038767,MgCd,
mp-21345,LaGe,64.01094984
mp-22791,TlInTe2,
mp-9920,TiS3,18.90217904
mp-12724,SrZn,24.18770955
mp-571651,TiSe,104.7783972
mp-1039411,Ca3Mg,
mp-569701,ErTe3,
mp-568247,TmAu3,
mp-30379,GaAu,
mp-611706,CuMoF6,
mp-510140,Pu3Co,
mp-1039350,CaMg,
mp-34650,LiMn3O4,
mp-30428,BaCu,18.3349718
mp-19937,NpSi,
mp-10810,TiAgF6,
mp-1080094,SrHg3,
mp-1038936,MgBi,
mp-571571,CeTe3,
mp-19968,CaIn2Cu,48.40241998
mp-567519,NpBr3,
mp-12854,ZnCu2GeTe4,46.65984052
mp-625055,AlHO2,73.58700073
mp-865324,LuCl3,4.982378147
mp-1100795,ZrCl3,
mp-1091405,TlFeS2,
mp-568256,TbSi,
mp-1084753,K3Sb,
mp-10101,CsAgC2,
mp-1079145,ICl3,
mp-1078665,Ca3Zn,
mp-675298,K2NbO6,
mp-7829,MnNbSi,209
mp-766454,TiO2,154.9888568
mp-7544,ZrSiRu,191
mp-9523,Rb(ThSe3)2,
mp-9522,K(ThSe3)2,
mp-697068,SiPd2,179.7905321
mp-778,Fe2P,215.6254943
mp-9550,ScMnSi,117.9486083
mp-9549,ScFeGe,101.4933036
mp-8482,LiYbGe,
mp-8481,LiPrGe,
mp-982004,SmInPd,
mp-981808,Sm2As2O5,
mp-8415,K2HfF6,51.95294465
mp-973629,LuAlPd,
mp-973592,Ho2Ge2O5,
mp-31298,ErSnRh,
mp-9381,Zr6FeTe2,113.6294295
mp-9357,Th(CrB3)2,
mp-9343,ErAgGe,
mp-9341,GdAgGe,
mp-8312,Ta5As4,
mp-7739,Ba2ZnF6,57.41498084
mp-672307,NdInPt,
mp-672299,YInNi,86.19841086
mp-8221,ZrAsRu,187.0420863
mp-8217,Cs2GeF6,
mp-672254,CaPdPb,57.11131366
mp-8192,Rb2PtF6,22
mp-8191,Cs2PtF6,19.69357823
mp-9732,BaNaP,
mvc-12771,MgV2O6,
mp-605853,Li4CO4,
mp-9223,ScGeRu,152.2782095
mp-557479,V2CoO6,
mp-9127,Ba(SbO3)2,
mp-9125,Ca(SbO3)2,
mp-9126,Sr(SbO3)2,
mp-7323,RbBe2BO3F2,
mp-981207,Yb3In3Ge2Au,
mp-8995,Cs2NbF6,20.00490319
mp-8994,Rb2NbF6,23.32702703
mp-782714,LiV2(OF)3,
mvc-11768,Ca3(FeN2)2,
mp-8953,YbAsPd,
mp-8939,Si2W,220.927665
mp-8938,Si2Mo,207.2885946
mp-7239,PrMgGa,
mp-8922,Cd(SbO3)2,
mp-1078746,Sr2FeH6,
mp-980386,Yb2Nd2O5,
mp-8780,Cr2N,285.0392628
mp-656144,BaEuFe2O5,
mp-684903,V2N,267.3453735
mp-979972,SmAlCu,
mp-645300,Rb4CO4,
mp-645295,Na4CO4,
mp-980056,Rb2Yb2O5,
mp-29624,Mg2Al2Se5,14.66511826
mp-642158,Cs2CrF6,
mp-555760,S,6.26180538
mp-979416,Ta2Be2O5,
mp-27562,Na2Pd3O4,93.01085452
mp-643279,K2H6Pt,16.16585056
mp-7632,NiMoP,241
mp-27826,K2MoCl6,
mp-778411,V2CoO6,58
mp-9771,UTi2O6,
mp-7112,Sr2Cu3(SO)2,
mp-8436,Ta2PdSe6,
mp-8435,Ta2PdS6,
mp-978920,Tb2Be2O5,
mp-7093,HoAgGe,
mp-741706,V2CuO6,46.28311262
mp-632822,Li5B4,
mp-9198,Fe(SiP)4,115.2383149
mp-764220,LiV2OF5,
mp-23097,K2Os(Cl2O)2,
mp-676249,SrU2O6,
mp-978596,Sm2Au2O5,
mp-685149,K5Sb4,
mvc-10862,Ti(BiO3)2,
mp-978518,Sm2Ag2O5,127.3112169
mvc-15230,MgV2O6,
mp-684799,K5As4,
mp-9776,YbAgGe,
mp-642019,NdInPd,
mp-998929,K2O,
mp-640922,CeInPt,
mp-9775,NaSrAs,
mp-645330,Cs4CO4,
mp-9951,MnNbGe,180.1293685
mp-9948,V5Te4,50.37193643
mp-639347,BaEuFe2O5,
mp-638729,Cs2ZrCl6,9
mp-9916,NbCrSi,212.4465363
mp-561562,Co(AsO3)2,
mp-5684,Ce2CuGe6,
mp-5274,ThTi2O6,
mp-975589,Ho6Bi2Rh,
mp-1079107,Co(N3Cl)2,
mp-1078499,Er3(CoGe2)2,
mp-975423,MnNiP,
mvc-15968,Se2Cl2O5,
mp-350,Zr5Te4,67
mp-20998,LiCaPb,
mp-3062,Sm4S3N2,
mvc-15457,La2CrO6,
mp-673678,Ba2In2O5,
mp-762227,V(CO3)2,20.4081734
mvc-15141,Co(BiO3)2,
mp-9752,Li2NbF6,58.29940481
mvc-14949,Ti(BiO3)2,
mvc-14940,Ti(BiO3)2,37.51333244
mp-862682,Ba2Ga2O5,
mp-975106,Rb2Bi2O5,58.95435316
mp-8591,USe2,
mp-1040455,H4PbI3N,
mp-974861,Mn2Co2O5,
mp-1004530,CsBPb(IF2)2,
mvc-13694,La2MoO6,
mp-549389,Li4CO4,
mp-5590,YMgGa,59.68700256
mp-753614,Fe(PS3)2,
mp-8046,Ta4N5,292.3286442
mp-8018,K2RhF6,
mp-775985,V2NiO6,
mp-6870,KBe2BO3F2,
mp-7032,HfMoP,207.5650476
mp-775935,ZrO2,126.7012227
mp-7979,K2PdF6,24.44097626
mp-8414,K2HfF6,14.40665753
mp-7903,Cs2ZrF6,20.86228373
mp-690535,Na(WO3)2,179.6909363
mp-782678,Na4WO4,42.19756931
mp-755505,Li2NbOF5,
mp-984876,Ba2Pd2O5,
mp-754843,Na2Ti2O5,
mp-767174,Li3MnOF4,
mp-7558,TaGe2,
mp-971724,Ti2Si2O5,
mp-971707,Tm2Mg2O5,
mvc-7210,BaTiAlCuO5,
mp-7825,K2GeF6,
mp-7824,K2ReF6,
mp-517,TaSi2,185.5649053
mp-547898,Rb4CO4,
mp-764231,Li3VO3F2,
mp-3053,DyAlNi,
mp-3821,K2PtF6,26
mp-3810,Hg(AsO3)2,
mp-561825,Sr2Mn3(BiO)2,
mp-3197,TbAlPd,
mp-3141,ErInRh,
mp-1079457,Cu(BrN3)2,
mp-2909,HoAlNi,
mp-578,GaAg2,
mp-5615,CaAgAs,
mp-2873,Ce(CrB3)2,
mp-650864,Rb2CoF6,
mp-1078255,As2PdO6,
mp-795639,Rb2Be4Pt3,
mp-6997,Sb2Te,32.33671181
mp-7949,Rb2GeF6,
mp-775831,TiMn2O6,42.38616276
mp-7930,Zr3(Cu2Si)2,137.7190894
mp-684652,BeF2,
mp-21875,Y4GaCo4,
mp-755256,LiBiB2O5,
mp-623988,GdCdPd,
mp-623043,GdInRh,
mp-1078663,USnRu,
mp-600293,YPdPb,
mp-753345,Ba2CaI6,
mp-1015612,CrN2,
mp-1006283,Er3(In2Co)2,
mp-1084748,Ni(N3Cl)2,
mp-972825,SiH8,
mp-972793,Si2B2O5,160.3093523
mp-551736,K4CO4,
mp-755298,Li4NbO4,72.84620784
mp-755243,Li5CuSO2,
mp-972524,SmSiAg,
mp-752798,CeTh2O6,
mp-972507,Yb2Co2O5,
mp-976397,Ho3(In2Co)2,
mp-976368,NdAlPd,
mp-695797,Eu2H6Ru,
mp-764434,Li2VF6,16.45219484
mp-764430,Li2MnF6,
mp-973920,Lu2Ta2O5,
mp-976064,Ho6CoTe2,
mp-991729,CeInPd,
mp-753326,LiAg2F6,
mp-697038,Ba2H6Ru,
mp-973878,Lu3Ga5Ni,
mp-20942,Ba2TlCuO5,
mp-971864,U2Ga2O5,
mp-973773,Nd2Cd2O5,
mp-7705,NbFeB,
mp-704745,Cu8O,
mp-775033,Mn2FeO6,
mp-775006,Mn2CrO6,
mp-760513,La2UO6,
mp-640058,PbI2,
mp-760492,Na4PtO4,54.92654808
mp-760418,Ba2SrI6,
mp-760470,Ce2UO6,
mp-763784,LiMn2F6,
mp-632759,CuH4(OF)2,
mp-19246,Sr2Mn3(SbO)2,
mp-853163,Li4Co(OF)2,
mp-21438,LaInAu,
mp-631369,Ba2NiF6,
mp-4989,CrNiAs,128.8629058
mp-21440,NbCrGe,195.7130351
mp-21456,SmMgIn,
mp-21458,GdCdCu,
mp-5015,UAlRh,
mp-20015,As2PbO6,
mp-20026,Pu2Co,
mp-20037,PrInRh,
mp-21492,CeInNi,
mp-20058,GdAlPd,
mp-21499,YbInPd,
mp-21503,YMgIn,53.93763934
mp-20061,GePt2,177.0871734
mp-21505,YAgPb,
mp-21509,LaMgGa,
mp-21518,CeMgTl,
mp-31072,Sc6Te2Rh,72.948096
mp-20092,EuTa2O6,
mp-23350,Rb2PtCl6,10.97105427
mp-34047,H(WO3)2,
mp-28692,Cs2CuF6,15.60697562
mp-28651,Cs2IrCl6,
mp-504510,MgV2O6,
mp-30021,K5Sb4,
mp-20138,LaInPd,
mp-23383,Rb2TeBr6,
mp-23405,Cs2TeBr6,
mp-23406,Cs2PtCl6,8.262151451
mp-23425,Cs2PbCl6,8.148315228
mp-30062,Cs2PtBr6,8.198358858
mp-23465,Cs2TeCl6,
mp-23471,K2RuCl6,
mp-23472,Re(AgCl3)2,
mp-23475,Rb2PbCl6,10
mp-504729,Cs2PdF6,
mp-28722,Pt(SCl3)2,2.934592365
mp-20207,MnAsRh,
mp-31217,Cu8O,
mp-23499,K2SnCl6,11.85843668
mp-23505,K2TeBr6,
mp-23513,K2PtCl6,12.49076121
mp-31235,BaNaBi,
mp-20224,GdInPd,
mp-23533,K2OsCl6,13
mp-23546,Na2UI6,
mp-31256,U(SbO3)2,
mp-3015,HoInCu,
mp-19731,CeMgPd,
mp-504883,FeH4(ClO)2,
mp-27304,K2MnCl6,
mp-20314,NpSnIr,
mp-20332,GdMgPd,
mp-582293,TbInNi,
mp-571176,Mn2P,
mp-21887,NdInPd,
mp-30227,Rb2WCl6,9.622750497
mp-20390,PrSnPt,
mp-30234,Cs2WCl6,8.32495168
mp-505054,BaEu2NiO5,
mp-23804,Mg2FeH6,79.33393525
mp-3526,ErInPt,
mp-31297,ScInPt,109.3634757
mp-20449,CeInIr,
mp-3534,Ge2Sb2Te5,23
mp-30291,Tb4Se3N2,
mp-28963,Ag8S,
mp-22028,GdMgPt,
mp-561577,Cs2Pd3S4,
mp-22032,TbInIr,
mp-30307,DyBiRh,
mp-30328,Ho6FeBi2,
mp-22064,Cr2As,
mp-505215,Ba(Cu3As)2,66.86796413
mp-20522,TmAgPb,
mp-20538,HoMgIn,
mp-31326,Mg2In,40
mp-30375,ErInAu,
mp-31330,NdInRh,
mp-31347,YInRh,
mp-22145,Sm3(Ge2Ru)2,
mp-642179,Rb2NiF6,
mp-27501,Cs2ThCl6,
mp-505313,BaGd2CoO5,
mp-22167,Zr6Ga2Co,109
mp-29069,Na(CuS)4,58.24663476
mp-22177,DyInAu,
mp-3608,LuAgSn,
mp-22191,HfFeGe,197.4928025
mp-29091,Ti(CuS)4,76.18567203
mp-22210,Co2As,
mp-22214,Rb2RhF6,
mp-31363,K2TaCl6,
mp-363,NbGe2,142.2667432
mp-20665,CeInCu,
mp-36381,Sn(PS3)2,
mp-29135,Zr6CoAs2,124.4958111
mp-27632,K2TcCl6,
mp-27635,Rb2SnI6,
mp-30512,CeTlPd,
mp-31383,Hf6CoBi2,112
mvc-14934,CaFeWO6,
mp-20727,Sb2PbO6,
mp-27658,Li5B4,
mp-27661,U2Cl5O2,
mp-27691,K2PtBr6,10.00114255
mp-22339,ThCoSn,
mp-22376,PrNiSn,
mp-22384,DyInPt,
mp-20789,SmInRh,
mp-37331,Sr2Co2O5,
mp-31426,HoInNi,
mp-22419,NdSnPd,
mp-31427,ErInNi,
mp-27775,U(BiO3)2,
mp-20835,CeSnIr,
mp-27797,Li4H4Rh,
mp-27827,Rb2TiCl6,11.0905741
mp-27828,Cs2TiCl6,8.770515472
mp-27829,Rb2SeCl6,
mp-27830,Cs2SeCl6,
mp-27831,Rb2ZrCl6,9.380354407
mp-27832,Tl2SnCl6,
mp-27833,Tl2TeCl6,
mp-27834,Tl2PtCl6,11
mp-27835,K2OsBr6,
mp-27839,K2TiCl6,11.87673849
mp-20875,TbInRh,
mp-38843,CaTa2O6,
mp-27882,Cs2GeCl6,8.25766114
mp-30563,ZrCoSn,138.0208989
mp-38975,PNO,
mp-22582,Tb3Mn3Ga2Si,
mp-29398,Cs2HfI6,6.833179824
mp-551886,Na4CO4,
mp-31474,Rb2Hg7,
mp-3950,ErInCu,
mp-31492,CeGaNi,
mp-18756,BaTm2NiO5,
mp-18763,BaNd2NiO5,
mp-18802,BaPr2NiO5,
mp-39995,SrNbFeO6,
mp-4002,Li2ZrF6,57.87822754
mp-4030,Rb2Pt3S4,21.30559158
mp-4106,YbSnPd,
mp-30656,TiGaNi,147
mp-30692,GdTlPd,
mp-559146,La2MoO6,
mp-542644,Zn2In2S5,
mp-567178,PbI2,
mp-1080824,FeNiAs,
mp-567214,NdSnRh,
mp-30732,HoTlPd,
mp-30733,HoSnPt,
mp-567244,Mg2Tl,33.93900986
mp-30737,YMgAg,57.56029287
mp-567296,CdI2,
mp-569278,SiPd2,
mp-18963,Ba2Mn3(AsO)2,
mp-30754,LaTlPd,
mp-567369,Nd4Mg3Co2,
mp-567397,W2C,335.7985137
mp-30761,Li7Pb2,
mp-567413,TbInPt,
mp-567416,Ho3Mn3Ga2Si,
mp-543024,Cs2Pd(IBr2)2,
mp-1080457,K2SnN6,
mp-767525,Li6SbS2,
mp-773439,Li3FeOF4,
mp-777858,VO2,
mp-765912,Ti(CoO3)2,
mp-757074,BaCa2I6,
mp-777463,Li2FeF6,37.05943093
mp-765852,Cr(CoO3)2,41.48970203
mp-643243,Cs2H6Pt,11.3581713
mp-643101,Rb2H6Pt,13.65716336
mp-672671,PbI2,
mp-27636,Cs2SnI6,7.134142452
mp-765777,V3O5F,118.7119746
mp-776922,Rb2O,
mp-608823,Ga2Fe2S5,
mp-641923,Cs2SnBr6,8
mp-861182,Li4TiS4,
mp-640917,SiO2,
mp-1079835,Mg(BrN3)2,
mp-863749,Rb2Hf2O5,
mp-779233,FeOF,
mp-673168,SiO2,
mp-1078216,Sr2Ti2Bi2OF2,
mp-863021,Ba2Sc2O5,
mp-569848,LuInPt,
mp-4047,Cs2SiF6,
mp-866668,Rb2SbBr6,
mp-607298,Cs2Pd(ICl2)2,
mp-610706,Cs2CoF6,15.42214685
mp-865500,Na2Hf2O5,99.26985879
mp-754710,Sr2CaI6,
mp-766862,Li2VF6,60.25200428
mp-759835,CeMgAu,
mp-862664,Rb2Zr2O5,81.70177227
mp-697044,Ba2H6Os,
mp-605843,K4CO4,
mp-754517,SrCa2I6,
mp-754483,Na3(CuO2)2,29.37833784
mp-628606,Rb2PdI6,8.690525176
mp-20103,TmInPt,
mp-763352,V(CO3)2,23.18698728
mp-765906,Co2NiO6,45.60248052
mp-754223,Ta2CuO6,134.5822021
mp-754212,BaSr2I6,
mp-623089,CaCdPb,
mp-754196,Ba2SrI6,
mp-645303,Cs4CO4,
mp-764561,Li4Fe(OF)2,
mp-761530,Fe(CoO3)2,
mp-761501,Mn2CoO6,
mp-621362,NdInAu,
mp-621351,SmInAu,
mp-621176,YInAu,
mp-621132,PrInAu,
mp-643902,SnH4(NF)2,
mp-620290,Sr2TlCuO5,
mp-669914,PrTlPd,
mp-765356,Li2VF6,
mp-9262,Cs2PtF6,15
mp-769642,Fe(CO3)2,19
mp-776952,Na2O,46.90241443
mp-611393,BaLuFeCuO5,
mp-610972,MnGePd,127.3620319
mp-765508,V3(O2F)2,109
mp-1079998,Co(IN3)2,
mp-763057,Mn(CoO3)2,
mp-626110,Mo2HO6,
mp-626087,Mo2HO6,
mp-608555,Cs2SnCl6,
mp-31473,K2Hg7,
mp-764717,Li2MnF6,
mp-769218,Ni(PS3)2,11.63434521
mp-625635,H4N2O3,
mp-625619,H4N2O3,
mp-754673,Er6Te2Ru,
mp-647426,Cs2NpBr6,
mp-754629,WN2,103.1332597
mp-605824,Cs4CO4,
mp-20573,DyMgIn,
mp-646733,SmInPt,
mp-569343,Tb4Mg3Co2,
mp-1080513,CuH4(OF)2,
mp-545344,NdTe2ClO5,
mp-545387,K4CO4,
mp-545467,Li3(CuO2)2,51.09418175
mp-545541,Na4CO4,
mp-545630,K4CO4,
mp-567574,DyAgGe,
mp-567573,Rb2UBr6,
mp-571513,Rb2NbCl6,9.467985661
mp-567588,DyInRh,
mp-545760,Rb4CO4,
mp-546182,BaEu2CoO5,
mp-546202,Li4CO4,
mp-557036,BaPrMn2O5,
mp-546546,SiO2,
mp-546551,Na4CO4,
mp-546568,TaNO,
mp-546643,K4CO4,
mp-546707,Na4CO4,
mp-1079820,K2SnO6,
mp-991219,Fe8N,
mp-547956,MnV2O6,43.25742091
mp-548598,U(BiO3)2,
mp-549207,Li4CO4,
mp-549565,Li4CO4,
mp-549687,K4CO4,
mp-549697,RbGeIO6,
mp-549869,K4CO4,
mp-550086,V2CuO6,
mp-567912,SmHgPd,
mp-550314,Rb4CO4,
mp-550436,V2CdO6,84.98920356
mp-550437,GdTe2ClO5,
mp-550474,Li4CO4,
mp-550498,Li4CO4,
mp-567942,Cs2ReCl6,
mp-550547,K4CO4,
mp-567948,Rb2Pd(IBr2)2,
mp-550593,Li4CO4,
mp-550679,Rb4CO4,
mp-550798,Li4CO4,
mp-551135,BaCuB2O5,
mp-567997,Sm3(CoGe2)2,
mp-571606,Sm4Mg3Co2,
mp-551176,Rb4CO4,
mp-551267,Rb4CO4,
mp-551437,Rb4CO4,
mp-551561,K4CO4,
mp-551601,V2ZnO6,
mp-551690,Rb4CO4,
mp-551740,Li4CO4,
mp-551848,Li4CO4,
mp-1094057,Si,
mp-568146,Pd(Se3Br)2,3.791260719
mp-552552,Na4CO4,
mp-552623,Na4CO4,
mp-568221,Ta5Sb4,
mp-552941,Na4CO4,
mp-571641,PrCdPd,
mp-571648,Rb2MnCl6,
mp-553432,TiO2,14.03254993
mp-568289,CdI2,
mp-568333,K2SnBr6,7.584356277
mp-557324,Cs2CrF6,
mp-569581,Bi2Pt,31.07972275
mp-572797,Cs2IrF6,
mp-554051,H6CNF,
mp-573548,La3(GaNi2)2,
mp-574004,GdMgGa,
mp-554327,Ba2Fe2S2OF2,
mp-554337,Rb2IrF6,
mp-540676,MnH4(ClO)2,
mp-568536,BaI2,
mp-554352,Ba2CuF6,57.8248601
mp-555285,Sr2MnCu2(SO)2,
mp-561634,BaNdMn2O5,
mp-690112,H(WO3)2,
mp-557733,KNiIO6,
mp-555307,Ba2CoF6,58.17461081
mp-561672,Cs4IrO4,
mp-569788,LiZnGe,51.37956679
mp-557912,Cs2MnF6,
mp-557839,Sr2Fe2Se2OF2,
mp-540735,Cs2UBr6,
mp-561834,Cs4CO4,
mp-568631,Lu3Mn3Ga2Si,
mp-580154,GdMgAu,
mp-561640,BaSm2CoO5,
mp-580439,UFe5Si3,
mp-561909,V2CdO6,
mp-561913,Sr2Fe2S2OF2,
mp-642160,Rb2CrF6,
mp-561926,NaNiIO6,
mp-558111,Rb2MnF6,
mp-558118,BeF2,
mp-569871,Tm6CoBi2,
mp-568695,CaCdSn,41.96871618
mp-555425,K2Th(CuS2)2,
mp-569885,Cs2TaCl6,
mp-1078646,K2Cu(Cl2O)2,
mp-562283,GePb3O5,
mp-582029,GdInPt,
mp-570026,ErAgGe,
mp-540957,Cs2TeI6,7.804570347
mp-568866,Na6ZnSn2,16.16292745
mp-562815,Cs4CO4,
mp-20451,LaInPt,
mp-558896,Yb3(SF2)2,
mp-561921,BaYCo2O5,
mp-28698,Na4IrO4,
mp-754118,Sr(AsO3)2,
mp-754065,Hg(SbO3)2,
mp-644225,Sr2MgH6,44.7999869
mp-1079898,PtN4(ClO)2,
mp-643370,Ba2MgH6,38
mp-569319,Mo5As4,
mp-560562,Rb2CrF6,
mp-768036,Mn(CO3)2,22.23543469
mp-543072,Co(CO)4,
mp-567680,BaCl2,
mp-552966,Rb4CO4,
mp-601823,TaTe2,
mp-1078208,Ca(IN3)2,
mp-19718,CeInAu,
mp-1079551,BaGdCo2O5,
mp-570138,Tb2Al4NiGe2,
mp-569028,Rb2SnBr6,
mp-569044,Bi2Te5Pb2,
mp-569047,SmTlPd,
mp-555679,Na2UF6,
mp-569066,Cs2PdI6,5.957448785
mp-569086,DyInNi,
mp-569149,K2TeCl6,
mp-570324,Rb2TeBr6,
mp-541275,Cs2U(Cl2O)2,
mp-8429,K4IrO4,
mp-7000,SiO2,29.03132571
mp-570437,CdI2,6
mp-32526,CaV2O6,
mp-570450,Tm3Mn3Ga2Si,
mp-505589,BaYFeCuO5,
mp-505611,Sr2Cu2Ni(SO)2,
mp-541637,Er4I5,
mp-541753,Cs2WBr6,12.11706002
mp-1079023,Si(NF3)2,
mp-556041,Ba2NiF6,59.35268215
mp-1080538,CuBr4(NO)2,
mp-542251,LaCdAu,
mp-570990,Cs2MoCl6,
mp-510268,Cs2Pd3S4,
mp-571069,Ba3(CdSb2)2,
mp-570867,Er3Mn3Ga2Si,
mp-570912,YbInAu,
mp-561844,Ba2Fe2Se2OF2,
mp-570930,Bi2Pb2Se5,15.06084802
mp-571216,Sr3(AlGe2)2,45.76345395
mp-571224,Nb5Sb4,
mp-18787,Ba2Mn3(SbO)2,
mp-1021484,CeSe2,
mp-2971,U(CrC)4,
mp-18912,Na5NiSO2,
mp-7128,Cd(AsO3)2,
mp-1024071,SiPt2,
mp-556417,Rb2NiF6,14.4800481
mp-19027,Na5CoSO2,
mp-19045,Ba2MnZn2(AsO)2,
mp-11091,NdMgPt,
mp-3970,K2TiF6,26.75592201
mp-4189,Dy6FeSb2,
mp-11615,TmMnGe,
mp-4299,HoInPd,
mp-11694,Cs2Pd3Se4,14.82775911
mp-11755,Lu6Sb2Mo,
mp-24906,UCr2O6,
mp-4508,ErInPd,
mp-12381,PrSnRh,
mp-37307,Na(WO3)2,213.646973
mp-626138,Mo2HO6,
mp-689925,Cs2NiF6,
mp-1026362,Te4W3S2,
mp-1026356,Te4W3Se2,
mp-1026352,Te4Mo(WS)2,
mp-561078,Rb2CoF6,16.47533844
mp-1026351,Te6MoW2,
mp-1026350,Te4W3Se2,
mp-1026349,Te2W3Se4,
mp-1026348,Te2W3Se4,
mp-1026347,Te2W3(SeS)2,
mp-1026034,Mo(WS3)2,
mp-1026027,Te2Mo2W(SeS)2,
mp-1026023,Mo2W(SeS2)2,
mp-1026020,Te2Mo3S4,
mp-1026016,Te2Mo2W(SeS)2,
mp-1026015,Te2Mo2WS4,
mp-690785,Na2H6Pt,23.26734746
mp-1025988,Mo3(SeS2)2,
mp-1026002,Te2Mo3(SeS)2,
mp-1025986,Te2Mo3S4,
mp-1025956,Te2Mo2W(SeS)2,
mp-1025948,Mo2W(SeS2)2,
mp-1025946,Mo2W(Se2S)2,
mp-1025941,Mo2W(SeS2)2,
mp-1025937,Te4Mo3S2,
mp-1025934,Mo2W(SeS2)2,
mp-1025933,Te2Mo2W(SeS)2,
mp-1025932,Te2Mo2WS4,
mp-1025927,Te2Mo3(SeS)2,
mp-1025926,Te2Mo2WS4,
mp-1025925,Mo3(SeS2)2,
mp-1025924,Te4Mo(WS)2,
mvc-7203,BaYTiCuO5,
mp-1025923,Te2Mo2WS4,
mp-1025922,Mo2WS6,
mp-1025921,Te4Mo(WS)2,
mp-1025919,MoW2(SeS2)2,
mp-1025917,MoW2(SeS2)2,
mp-1025910,Te4Mo2WS2,
mp-1025911,Mo2WS6,
mp-1025906,Mo3(Se2S)2,
mp-1025905,Mo2WSe6,
mp-1025898,Te2Mo(WS2)2,
mp-1025896,Mo2W(SeS2)2,
mp-1025895,Te2MoW2(SeS)2,
mp-1025891,Te4Mo2WS2,
mp-1025888,Te2MoW2(SeS)2,
mp-1025885,Te2Mo2WSe4,
mp-1025881,Te2Mo2W(SeS)2,
mp-1025879,Mo2W(Se2S)2,
mp-1025876,Te2Mo3Se4,
mp-1025874,MoS2,17.81479125
mp-1025866,Mo2W(Se2S)2,
mp-1025856,Te2MoW2(SeS)2,
mp-1025853,Te2Mo3(SeS)2,
mp-1025851,Te2Mo(WS2)2,
mp-1025870,MoW2(Se2S)2,
mp-1025841,Mo2W(Se2S)2,
mp-1025838,Te2Mo2WS4,
mp-1025815,Mo2WSe6,
mp-1025834,Te2Mo(WSe2)2,
mp-1025824,MoW2(SeS2)2,
mp-1025819,Mo3(Se2S)2,
mp-1025816,MoW2(Se2S)2,
mp-1025836,Te2MoW2(SeS)2,
mp-1025810,Te2Mo2W(SeS)2,
mp-1025806,Te2Mo(WS2)2,
mp-634945,Eu2H6Ru,
mp-1025799,MoSe2,
mp-1025787,Mo(WSe3)2,
mp-1025781,Te4Mo2WSe2,
mp-1025779,Te2Mo2WSe4,
mp-1025778,Te2Mo2W(SeS)2,
mp-1025774,Te2Mo2WSe4,
mp-1025772,Te2Mo2W(SeS)2,
mp-1025769,Te4Mo3S2,
mp-1025768,Te2MoW2(SeS)2,
mp-1025754,Te2Mo2WSe4,
mp-1025752,Te4Mo2WSe2,
mp-1025748,Mo2W(Se2S)2,
mp-1025747,Te2MoW2(SeS)2,
mp-1025743,Te4Mo2WS2,
mp-1025740,MoW2(Se2S)2,
mp-1025733,Te4Mo3Se2,
mp-1025732,Te4Mo(WSe)2,
mp-1025731,Te2Mo2W(SeS)2,
mp-1025729,Te4Mo(WSe)2,
mp-1025728,Te2Mo3Se4,
mp-1025722,Te2MoW2(SeS)2,
mp-568914,K2WCl6,12.23197826
mp-571126,Ti2BRh6,227.7900076
mp-1084774,BaNdCo2O5,
mp-1025716,MoW2(SeS2)2,
mp-1025715,Te2Mo(WS2)2,
mp-1025710,Te4Mo(WS)2,
mp-1025705,Te2Mo(WSe2)2,
mp-1080536,Pt(NF3)2,
mp-1025702,Te2Mo(WSe2)2,
mp-1025692,Te2MoW2(SeS)2,
mp-1025691,Te4Mo(WS)2,
mp-1025690,Te2W3S4,
mp-1025689,Mo(WS3)2,
mp-1025685,Te4Mo3Se2,
mp-1025682,Te4Mo(WSe)2,
mp-1025678,Te6MoW2,
mp-1025668,Te2Mo2WSe4,
mp-1025675,Te4Mo2WSe2,
mp-1025664,Te4Mo2WSe2,
mp-1025663,MoW2(SeS2)2,
mp-1025657,Te4Mo2WS2,
mp-1025656,MoW2(Se2S)2,
mp-1025654,Te4Mo2WS2,
mp-1025652,Te2MoW2(SeS)2,
mp-1025649,Te6Mo2W,
mp-1025648,Te2Mo(WS2)2,
mp-1025637,Te2W3(SeS)2,
mp-1025629,Te6Mo2W,
mp-1025626,Te4Mo2WSe2,
mp-1025599,W3(Se2S)2,
mp-1025598,Te4Mo(WSe)2,
mp-1025589,MoW2(Se2S)2,
mp-1025588,W3(Se2S)2,
mp-1025587,Te4W3S2,
mp-1025586,Te2W3S4,
mp-1025585,Te4Mo(WSe)2,
mp-1025584,W3(SeS2)2,
mp-557397,K2MnF6,
mp-1025583,Te2Mo(WSe2)2,
mp-1025578,Te2W3(SeS)2,
mp-1025577,W3(SeS2)2,
mp-1025576,Te2Mo,
mp-1025575,Mo(WSe3)2,15.70428648
mp-1025574,Te2Mo(WSe2)2,
mp-1025572,WSe2,
mp-1025573,Te2W,
mp-1025571,WS2,
mp-5033,Tl2SiF6,
mp-30609,ErTlPd,
mp-12961,YAlPd,92.88332495
mp-13250,LaSnPt,
mp-13978,Rb2ThF6,
mp-636619,Gd2MnGa6,
mp-861959,Eu2Al2O5,
mp-1079126,Eu2FeH6,
mp-25121,UV2O6,
mp-14983,Si4P4Ru,119.8324471
mp-15322,ScCuSi,112
mp-15987,Hf3(Cu2Si)2,148.1048745
mp-1078744,BaNdCo2O5,
mp-19384,Ni(AsO3)2,147.6284631
mp-16745,ErAgPb,
mp-19409,Mn(AsO3)2,
mp-1849,Mn2P,194.4071552
mvc-10009,LaCrMoO6,
mvc-10007,LaCrTeO6,
mvc-10017,LaCrWO6,
mvc-10012,LaCrSbO6,
mvc-10014,LaMnCrO6,
mvc-10016,LaVCrO6,
mvc-10021,LaCrReO6,
mvc-10024,LaCrSnO6,
mvc-10078,LaCrCuO6,
mvc-10026,LaTaCrO6,
mvc-7696,BaAlVCuO5,
mvc-7191,BaYCuSnO5,
mvc-7194,BaYCuSbO5,
mvc-7206,BaYCuAgO5,
mvc-7198,BaYCu2O5,
mvc-7237,BaAlCuBiO5,
mvc-7216,BaAlCuAgO5,
mvc-7227,BaAlCu2O5,
mvc-7239,BaAlCuSbO5,
mvc-7240,BaAlCuSnO5,
mvc-7260,BaYCuBiO5,
mvc-7665,BaAlFeCuO5,
mvc-7666,BaYCoCuO5,
mvc-7669,BaYMnCuO5,
mvc-7673,BaMnAlCuO5,
mvc-7667,BaYCrCuO5,
mvc-7674,BaAlCuNiO5,
mvc-7676,BaYCuWO5,
mvc-7668,BaYVCuO5,
mvc-7687,BaAlCoCuO5,
mvc-7682,BaYCuMoO5,
mvc-7692,BaAlCrCuO5,
mvc-7688,BaAlCuMoO5,
mvc-863,La2TeO6,
mp-1078198,Ba2CoAg2(SeO)2,
mp-27194,SnI2,9.774915936
mp-1078677,Sr2H6Os,
mvc-7698,BaAlCuWO5,
mp-3603,Ce3(BN2)2,
mp-1022729,Na2H6Ir,
mvc-1211,La2WO6,
mp-9453,Sr2ZnCu2(SO)2,78.60762905
mp-643738,Eu(MgH3)2,
mp-644292,Eu2MgH6,
mp-862724,Rb2Pu2O5,
mp-862794,K2Pu2O5,
mp-863942,Sr2MnZn2(AsO)2,
mp-864244,Eu2Fe2O5,
mp-865402,TmAlCu,
mp-867366,K2U2O5,
mp-867920,K2Rh2O5,
mp-867940,Rb2U2O5,
mp-558872,Na5CoSO2,
mp-643002,Mg2H6Os,78
mp-614121,Rb2MnF6,
mp-1079307,Dy3(CoGe2)2,
mp-1079581,Ru(N3Cl)2,
mp-1015908,CrN2,
mp-1029349,Y4Se3N2,
mp-690516,Sr2Co2O5,
mp-6908,YMgZn,54.62099694
mp-13446,Co2P,224.7272062
mp-11548,YbTlPd,
mp-11547,YTlPd,82.93429219
mp-13474,LiErGe,
mp-10049,MnAsRu,
mp-11580,TiCrP,204
mp-11584,Lu8Te,
mp-10079,TbAgGe,
mp-13525,HoInIr,
mp-13534,LaZnNi,
mp-13536,TbZnNi,
mp-248,Fe2N,243.8070318
mp-1078875,V4Zn5,
mp-16241,YbSiAg,
mp-16258,CaCdGe,
mp-11687,VTe2,26.41967474
mp-16305,ScPRu,174.609075
mp-11750,Ti6Si2B,148.8653364
mp-11754,Sc6Te2Os,71.90903654
mp-11765,Ti5Se4,
mp-10209,Y3Al3NiGe2,
mp-8812,Rb2GeF6,
mp-11860,HoMnGa,
mp-10300,ZrMoP,197.7866537
mp-13947,Rb2HfF6,21.89236168
mp-13946,Rb2ZrF6,21.94336397
mp-13948,Cs2HfF6,20.31402429
mp-10341,SrGeTeO6,
mp-11973,YbSnRh,
mp-11971,HoSnRh,
mp-11974,TmSnRh,
mp-10379,Hf3(Cu2Ge)2,143.0636133
mp-11984,YMgTl,53.90834367
mp-13992,Cs2Pt3S4,
mp-11985,LaMgTl,
mp-11987,SmMgTl,
mp-10401,Tl2SnF6,
mp-10402,TiTl2F6,25.19487615
mp-10445,Sc6FeTe2,67.78261861
mp-10446,Sc6NiTe2,72.90435212
mp-14192,Na2UF6,
mp-14209,LiYGe,
mp-12104,NbSi2,175
mp-14210,LiGdGe,
mp-16644,PrMgPt,
mp-16645,SmMgPt,
mp-10516,Dy6FeTe2,
mp-1222,CrSi2,195.5360412
mp-16740,TiGePd,148.4535893
mp-12277,CaAgP,
mp-16747,LuAgPb,
mp-14336,Cs2Ni3Se4,
mp-14338,Cs2Pt3Se4,17
mp-12378,LaSnRh,
mp-12388,Er3Al3NiGe2,
mp-561746,BaGd2CoO5,
mp-12414,K(USe3)2,
mp-1078623,Zr2BIr6,
mp-1096785,Al2Zn2S5,
mp-10711,VSi2,174.4981467
mp-10734,Ti4O5,207.0204223
mp-10739,TiPRu,220.8106092
mp-12524,Al2W,159.4355323
mp-2598,Ta5Sb4,107
mp-18752,BaYb2NiO5,
mp-14769,Ba2Zn3(AsO)2,
mp-10851,SiO2,
mp-14791,Ge2Te5As2,
mp-10862,Ho2Ge6Pd,
mp-12696,YMgPd,70.18093759
mp-547029,Na3SO4F,
mp-12703,PrZnNi,
mp-12760,Zr6Al2Co,106.4731294
mp-559016,BaDy2CoO5,
mp-24292,Sr2H6Ru,
mp-11038,Zr6Al2Fe,104.5713951
mp-15123,Th(AlC)4,
mp-11069,YbAgSn,
mp-11082,CeCdAu,
mp-12884,Hf5Te4,76.27750172
mp-11104,HoInRh,
mp-12901,Tb6FeSb2,
mp-605034,K2NiF6,15.99413433
mp-1079896,Ca2H6Ru,
mp-11147,Na5CuSO2,
mp-11155,NdMgGa,
mp-11156,TmMgGa,
mp-223,GeO2,
mp-11157,SmMgGa,
mp-11174,K2IrF6,
mp-12962,Zr6FeSb2,113.17697
mp-15297,Hf6NiSb2,126.2669801
mp-12972,Zr6Sb2Pt,119.093276
mp-11190,VSi2,174.5716809
mp-11192,TaSi2,184.643074
mp-12987,Ho2NiGe6,
mp-11201,Sc6FeSb2,72.00891482
mp-11203,Lu6FeSb2,
mp-11202,Y6FeSb2,58.89775522
mp-11204,Tm6FeSb2,
mp-13074,LuNiPb,
mp-13090,YMgAl,57.44004771
mp-13092,Zr6Al2Ni,104.826596
mp-13095,YAlNi,92.06920521
mp-1551,Te2Ir,
mp-11351,CeAlNi,
mp-13171,YMgCu,59.58493201
mp-11373,DyTlPd,
mp-1743,Mo5As4,
mp-13275,NaSrP,
mp-13274,Na4CO4,
mp-15683,CrAsRh,
mp-1079674,Ge(NF3)2,
mp-13382,CeZnPd,
mp-15820,LiHoGe,
mp-15821,LiNdGe,
mp-15837,Nb5Se4,116
mp-15822,LiSmGe,
mp-15951,BeF2,19.92562009
mp-15963,HfPRu,221.070428
mp-15985,Zr3(Cu2Ge)2,132.7050332
mp-2849,US2,
mp-27943,W2N,
mp-20893,GeO2,
mp-32868,Ag2S,
mp-19164,BaDy2CoO5,
mp-19101,BaEr2NiO5,
mp-19118,BaNd2CoO5,
mp-423,GePd2,152
mp-20935,ZrSnIr,159.9100362
mp-30799,NdTlPd,
mp-4238,MnFeAs,158.6011401
mp-19181,BaHo2NiO5,
mp-19199,BaSm2NiO5,
mp-29481,Rb2WBr6,14.60777732
mp-19248,BaSm2CoO5,
mp-20979,TmMgIn,
mp-1079486,Ru(IN3)2,
mp-29496,Pd(SeBr3)2,2.033559408
mp-19292,Co(AsO3)2,143.4226971
mp-19312,BaTb2NiO5,
mp-21007,SmSnPt,
mp-19325,BaY2NiO5,
mp-22696,NdInCu,
mp-28075,K2Ti2O5,
mp-19332,BaGd2NiO5,
mp-28084,Rb2PdBr6,12.10192419
mp-21038,Dy3Mn3Ga2Si,
mp-22718,TbInAu,
mp-22723,DyInIr,
mp-21045,DyAgGe,
mp-19416,BaDy2NiO5,
mp-29556,Tl2WCl6,14.64723118
mp-21054,PrSnPd,
mp-28110,Rb2PtI6,9.364265207
mp-29562,Tl2MoCl6,
mp-21062,YbMnGe,
mp-4416,Ho6FeSb2,
mp-30837,TbTlPd,
mp-22763,CeSnPt,
mp-28145,Rb2PdCl6,11.49919847
mp-21111,NdSnPt,
mp-22769,TiCoGe,171.3886479
mp-28174,Pd(SCl3)2,3.590679342
mp-22779,YbSnPt,
mp-21158,CeAlPd,92.86336078
mp-4555,Ca(AsO3)2,
mp-21167,Ni2P,193.6678
mp-30852,TiPt8,241.6023828
mp-19745,GdInIr,
mp-24947,BaYFe2O5,
mp-19766,CeSnPd,
mp-18746,BaEr2CoO5,
mp-21232,TmInRh,
mp-25047,MnH4(BrO)2,
mp-19782,TbInCu,
mp-21242,LiYbPb,
mp-546320,Rb4CO4,
mp-19790,Rh(OF3)2,5
mp-22947,K2ReCl6,12.32055649
mp-4731,K2UF6,
mp-22972,Tb6FeBi2,
mp-22975,Rb2TeCl6,
mp-25317,Li3(CuO2)2,69.8950893
mp-21290,HoInPt,
mp-25475,CoH4(BrO)2,
mp-23021,K2ReBr6,11.85901207
mp-30921,Y6CoBi2,56.8935344
mp-25491,CoH4(ClO)2,
mp-30922,Ho6CoBi2,
mp-33797,Sr(RuO3)2,
mp-23036,K2SeBr6,
mp-21320,UGaNi,
mp-23039,Er6MnBi2,
mp-23047,Ho6MnBi2,
mp-4829,Na2ThF6,
mp-23059,Rb2SnCl6,
mp-23060,Cs2PtI6,8
mp-23067,K2PdCl6,11.92942962
mp-23077,Cs2UCl6,
mp-19740,YInPt,100.8084931
mp-21375,CeMgGa,
mp-21379,SmInIr,
mp-29806,Cs2PdI6,10
mp-23099,Cs2Pd(IBr2)2,
mp-19934,CeMgPt,
mp-1079955,UCoSn,
mp-1079375,RbBe2BO3F2,
mp-614109,Cs2MnF6,
mp-1078186,KZn2BCl2O3,
mp-1078235,TmInPd,
mp-1078294,Sn(NF3)2,
mp-1078318,Mn(SbO3)2,
mp-1078355,ScNiSn,
mp-1078369,Gd2Al4CoGe2,
mp-7297,Cs2SnF6,
mp-2990,TmAgSn,
mp-1078450,CeCdPt,
mp-1078455,Nd2SO6,
mp-14208,LiYSi,62.0891695
mp-11675,NbTe2,28.40393801
mp-1078506,Pd(NCl3)2,
mp-1078489,HoAlCu,
mp-1078524,ErZnNi,
mp-1078527,ThAlPd,
mp-4960,Li(PrGe3)2,
mp-1078535,Na2TcF6,
mp-1078528,Ir(NCl3)2,
mp-1078540,Ni6Ge2B,
mp-1078545,ErAlPd,
mp-1078571,CaU2(PO2)2,
mp-1078546,Si(NF3)2,
mp-1078593,LaInNi,
mp-29587,Pr3(BN2)2,
mp-1078594,Pt(I3N)2,
mp-1078581,ThAlNi,
mp-1078614,LaCdPd,
mp-1078615,Mg(ClO3)2,
mp-1078635,ScGeOs,
mp-1078639,DyMgPd,
mp-1078641,SmZnNi,
mp-21387,CeInPd,
mp-1078673,NdInNi,
mp-1078664,Pr2Mn2Se2O3,
mp-1078674,PrHgPd,
mp-19811,USnRu,
mp-1078683,UInPd,
mp-1078684,ErCdGa,
mp-1078592,ErAlCu,
mp-1078690,YbCdGe,
mp-1078694,ThGaRh,
mp-1078706,Ba2CoCu2(SO)2,
mp-1078719,V2CoO6,
mp-1078729,Zr6CuBi2,
mp-1078720,Pt(NCl)4,
mp-1078733,YbAlNi,
mp-6915,As2PdO6,141.8022119
mp-1078743,Rb2Mn(Cl2O)2,
mp-1078756,ZrGaRh,
mp-1078760,DySnPt,
mp-1078772,TmAgGe,
mp-1078777,U2TlSe6,
mp-1078774,PuGaRh,
mp-1078775,Nd(CrB3)2,
mp-1078804,ThInNi,
mp-1078813,YZnPd,
mp-1078820,DyMgAg,
mp-1078692,PrAlCu,
mp-1078826,ErAlNi,
mp-1078823,Cs2Zr(AgTe2)2,
mp-1078827,YSnRh,
mp-1078841,LaMgPd,
mp-568539,LaInRh,
mp-1078853,DyCdCu,
mp-1078863,Gd3(CoGe2)2,
mp-1078857,DyAlCu,
mp-1078859,Er6MnTe2,
mp-1078861,Mg(BrO3)2,
mp-1078870,UGaRh,
mp-30883,V4Zn5,125
mp-1078876,ErSnIr,
mp-1078872,Cs2Pu(Cl2O)2,
mp-1078884,HfSiRu,
mp-1078582,UInPt,
mp-1078902,ThAlPt,
mp-1078930,MgN8,
mp-1078934,BaGdFe2O5,
mp-1078832,ZrGaNi,
mp-1078941,Ba2NO6,
mp-11538,TbAlNi,
mp-1078961,LiTbGe,
mp-1078402,ScGePd,
mp-1078984,Ce2Fe2S2O3,
mp-1079003,HoNiSn,
mp-1079004,CeTi2O6,
mp-1079006,Pt(NO3)2,
mp-12510,LaSnPd,
mp-1079017,CeCdCu,
mp-1079073,Pb2CO6,
mp-1079032,Ag2IO6,
mp-1079038,HfSnIr,
mp-1079041,Cd(IN)4,
mp-1079049,Ir(NCl)4,
mp-1079035,MnAsPd,
mp-1078566,Ce2Mn2Se2O3,
mp-1079207,TiO2,
mp-1079085,LuInPd,
mp-1079097,ErMgAg,
mp-569935,La3(BN2)2,
mp-1079118,Ir(Br3O)2,
mp-1079148,LuSnRh,
mp-1079155,Hf6Al2Pt,
mp-1079158,TaReSi,
mp-1079167,HfGeRh,
mp-1079168,ThGaPt,
mp-1079176,Sm2Fe2Se2O3,
mp-1079177,Se(Br3N)2,
mp-1079026,Tc(Br3O)2,
mp-1079184,MnGeRh,
mp-1079194,K2PtO6,
mp-1079198,Sm(CrB3)2,
mp-1078911,TmSnPd,
mp-1079209,Yb2CuGe6,
mp-1078543,YbAlCu,
mp-1079213,Y2CuGe6,
mp-30797,Nb5Te4,89.87191065
mp-1079238,ZrReSi,
mp-1079241,Ce2Si7,
mp-1079242,DyCdGa,
mp-1079245,SmPdPb,
mp-1079246,ZrGaCo,
mp-1079253,Tb6CoTe2,
mp-1079254,Co2As,
mp-1079265,NiPRh,
mp-1079270,Tm2NiSn6,
mp-1079285,Tb6FeBi2,
mp-1079299,Ti(NCl3)2,
mp-1079310,CeHgPd,
mvc-7677,BaYCuNiO5,
mp-1079319,YbMgPb,
mp-1079323,HfSiOs,
mp-1079329,HoZnPd,
mp-1079341,DyZnNi,
mp-1079342,CeZnNi,
mp-1079394,LiDyGe,
mp-1079357,TbAlCu,
mp-1079361,YAlCu,
mp-1079364,Cs2TcF6,
mp-1078378,YbInPt,
mp-1079378,Au(OF3)2,
mp-1079379,Nb(Br3N)2,
mp-1079386,TbZnPd,
mp-1079387,PrInNi,
mp-5723,ZrAlNi,138.3532045
mp-1079405,MnPRh,
mp-1079407,NiPW,
mp-1079408,Li5In4,
mp-1078896,Mn2Ga2S5,
mp-1079423,HoSnIr,
mp-1079435,ErMgPd,
mp-1079440,NiAsPd,
mp-1079448,PrCdGa,
mp-697030,Mg2H6Ru,75.06424986
mp-1079471,TmZnPd,
mp-1079509,NaTi2HO5,
mp-1079542,CoNiAs,
mp-1079538,V2H2O5,
mp-1079597,ScGeRh,
mvc-11547,NiO2,
mp-1079569,Te(NO3)2,
mp-274,Nb5Sb4,98
mp-1079623,TaMnSi,
mp-2478,NbSi2,174.63493
mp-1079585,Nb2N,
mp-1079596,Er2NiSn6,
mp-1079601,ThGaNi,
mp-1079602,Cu(IN)4,
mp-1079605,Dy2NiSn6,
mp-1079573,Pr2Fe2S2O3,
mp-1079577,Ni(ClO3)2,
mp-1079622,Ba3(ZnAs2)2,
mp-1078837,DyZnPd,
mp-1079641,TiCrAs,
mp-1079643,TaMnGe,
mp-1079657,Ge(NF3)2,
mp-1079654,Sm2MnGa6,
mp-1079655,Mn(NCl3)2,
mp-1079671,Tb2CuGe6,
mp-1079663,Cs2Ca(Cl2O)2,
mp-1079678,Cs2Pu(Cl2O)2,
mp-1079682,CeRhPb,
mp-1079690,GdSiAg,
mp-1079688,Hf4CuSi4,
mp-1079700,Dy6CoTe2,
mp-1079709,YbSnIr,
mp-1079717,Sr2Ti2Sb2OF2,
mp-1079727,LuSnPt,
mp-1079718,Rb2Ni3S4,
mp-1079729,ScMnGe,
mp-1079732,Te(Br3N)2,
mp-1079739,GdSnPt,
mp-1079743,SmMgPd,
mp-1079744,SmCdPd,
mp-1079747,Sr2Ti2As2OF2,
mp-1079756,PrMgAg,
mp-1079776,Hf2Co7,
mp-1079780,LaHgPd,
mp-1079782,Cu(N3Cl)2,
mp-1079790,TbSnPt,
mp-1079793,PuAlCo,
mp-1079795,Ga2Fe2S5,
mp-1079794,LuSiAg,
mp-1079797,SmCdCu,
mp-1079806,TiMnAs,
mp-1079784,Sr(RuO3)2,
mp-7498,Ti5Te4,66.25088231
mp-1079825,CaTi2O6,
mp-1079826,ErSnPt,
mp-1079829,Ti2CdO6,
mp-1079831,HfReSi,
mp-1079842,HfGaRh,
mp-1079843,LaMgAg,
mp-1079844,ThGaIr,
mp-1079845,MnNiAs,
mp-1079846,ThAlIr,
mp-1079868,CeAlCu,
mp-1079869,K2PtS6,
mp-559253,La2Fe2Se2O3,
mp-1079880,ErPdPb,
mp-1079079,HfAsRu,
mp-1079438,Ta2N,
mp-553342,CsBe2BO3F2,
mp-1079810,HfSn2,
mp-21494,UCoSn,
mp-1079958,LuSnIr,
mp-1079553,CeInRh,
mp-1079966,CrNiP,
mp-1079969,MnAsRu,
mp-1079974,DySnRh,
mp-1079970,Se(Br3O)2,
mp-1079977,CeCdPd,
mp-1080029,Ba2Mn2Se2OF2,
mp-1080033,SiNiPd,
mp-1080031,Co(ClO3)2,
mp-1080051,Zr6Ga2Ni,
mp-1078757,NdAlNi,
mp-1080062,BaGdCo2O5,
mp-1080064,DyMnGa,
mp-1080076,Sr2NO6,
mp-1080077,UGaPt,
mp-1079292,CuPb2(ClO2)2,
mp-1080085,PrInCu,
mp-1079819,LuAlNi,
mp-1079968,UGaFe,
mp-1080089,TaFeB,
mp-1080096,Pt(S3N)2,
mp-1080119,K2PtO6,
mp-1080127,YbCdPb,
mp-1080129,SmSnRh,
mp-1079816,ZrAsOs,
mp-1080141,Cs2Ni3S4,
mp-1080178,GdZnPd,
mp-1080182,Co(ClO3)2,
mp-1080177,PuAlNi,
mp-21308,TbInPd,
mp-1080265,CeSe2,
mp-1080296,CeSe2,
mp-1080346,CeSe2,
mp-1080351,CeSe2,
mp-1080350,CeSe2,
mp-1080424,ScAgGe,
mp-1080427,TmSnIr,
mp-6922,SiO2,
mp-1080442,UGaPd,
mp-1080446,K2OsO6,
mp-1080449,SmZnPd,
mp-1080445,V(NCl3)2,
mp-1080454,DyPdPb,
mp-1080463,HfPOs,
mp-1080466,Nb2PdS6,
mp-1080464,Ba3(CdAs2)2,
mp-1080477,I(NO3)2,
mp-1080481,Sb(Cl3O)2,
mp-1080486,TiFeP,
mp-1079949,UAlPt,
mp-1080489,HfGeRu,
mp-1080495,ZrGaPt,
mp-1080496,GdInAu,
mp-1080472,Pt(NCl3)2,
mp-23795,CuH4(OF)2,
mp-1080560,NdAlCu,
mp-1080528,U3Al3NiRu2,
mp-1080527,Sn(Br3N)2,
mp-1080544,GdSI,
mp-1080545,ThAlCo,
mp-1080547,CeMgAg,
mp-1080518,HfSnRh,
mp-1080554,Ti4H3Pd2,
mp-1080526,Zr6Ga2Fe,
mp-1080562,USnPt,
mp-1079093,TmSiAg,
mp-1079852,ErZnPd,
mp-1080605,MgGaAu,
mp-1079874,ErSnPd,
mp-1080612,GdAlCu,
mp-30536,V5Sb4,89.30467916
mp-1080610,Cs2Mn(Cl2O)2,
mp-1080624,YInCu,
mp-1079725,Er6CoTe2,
mp-1080654,LaPdPb,
mp-1080652,Se(NCl3)2,
mp-1078767,HfAlNi,
mp-1080665,ScPIr,
mp-1079219,UAlIr,
mp-1080680,YbCdSn,
mp-1080687,Tc(NF3)2,
mp-1080703,PrAlPd,
mp-4720,Si2Ni6B,209.8590044
mp-19311,V2CoO6,52.37470588
mp-1080715,ScSiRu,
mp-1080733,HfCoSn,
mp-1080739,Eu3(SF2)2,
mp-1080740,PrMgPd,
mp-15657,TiCoSi,185.4848779
mp-1080743,Er2CuGe6,
mp-1096914,CrN2,
mp-1080748,Sn(NCl3)2,
mp-1080760,ZrAlPt,
mp-1080768,LuSnPd,
mp-1080769,HfMnGe,
mp-1078552,Li2H6Pt,
mp-1080777,Pr2Fe2Se2O3,
mp-1080778,K2Re,
mp-1080785,ThAlRh,
mp-1078313,Bi2Pt,
mp-1080806,TmSnPt,
mp-1079800,La2Co2Se2O3,
mp-1080815,ZrSnRh,
mp-1080817,NbFeB,
mp-7927,Nb4N5,270
mp-1079239,Ho6MnTe2,
mp-1080829,Ti6Ge2B,
mp-1080831,AsPd2,
mp-614122,K2MnF6,
mp-1080834,Na5As4,
mp-1084759,TbSnRh,
mp-1080594,DyInCu,
mp-1084775,ScSnPt,
mp-1084794,NdCdGa,
mp-1084800,VGe2,
mp-1084801,BaErMn2O5,
mp-1079281,Pb(NCl3)2,
mp-1084809,PrCdCu,
mp-12374,CeSnRh,
mp-24336,MgH4(ClO)2,
mp-569745,YbMgSn,
mp-1084850,Ni(ClO3)2,
mp-1084844,ErSiAg,
mp-1080653,FeNiP,
mp-1084834,K2Tc,
mp-13265,ErAgSn,
mp-1086677,Na2SnO6,
mp-1079206,PrInPd,
mp-1087231,Yb2Ge6Pd,
mp-3630,HoInAu,
mp-1079860,HfGaNi,
mp-1079823,HfAsOs,
mp-29588,Nd3(BN2)2,
mp-1079367,UAlCo,
mp-1087473,LuZnPd,
mp-1087480,LuAlAu,
mp-1079997,VPt8,
mp-1087485,YInPd,
mp-1087487,Hf6Ga2Fe,
mp-1087494,YbPdPb,
mp-1087497,V5Se4,
mp-1087499,NiPPd,
mp-1087505,U(FeB3)2,
mp-1080013,UAlRu,
mp-1087517,NdZnPd,
mp-1087523,TmAlNi,
mp-1087537,CrPPd,
mp-1087513,Tb2MnGa6,
mp-1079878,Te(NCl3)2,
mp-1091363,K2TcF6,
mp-733,GeO2,37.73372549
mp-1091370,LuInAu,
mp-1091389,EuInPd,
mp-1091393,PuGaNi,
mp-1091395,ZrGeOs,
mp-1091398,YSiAg,
mp-1079699,PrAlNi,
mp-567856,MnAsRh,
mp-12710,PrZnPd,
mp-1092251,Nd2CuGe6,
mp-1092256,Yb2Ge6Pt,
mp-1091404,UInRh,
mp-1092293,Bi2Pt,
mp-1078856,SmInNi,
mp-1092318,TmInAu,
mp-1078740,Ho3(CoGe2)2,
mp-1093997,Zn2Ga2S5,
mp-1094001,Zn2Ga2S5,
mp-1094045,Sr2CuAg2(SO)2,
mp-1094069,Sr2Cd2Cu(SO)2,
mp-1094094,Ni5O4,
mp-1094122,Mg,
mp-1094126,Sm2Fe2O5,
mp-36254,Cs2TaS6,
mp-3042,K2SiF6,
mp-1079625,BaYCo2O5,
mp-1096932,Cu2GeI6,
mp-10492,Rb2SiF6,
mp-1095024,Ti4H5,
mp-1095025,Pr(CrB3)2,
mp-1095027,Dy2CuGe6,
mp-1095038,La2CuGe6,
mp-1095040,VFeAs,
mp-1079696,USnRh,
mp-1095053,ThSnRh,
mp-1095061,NbReSi,
mp-1095062,Rb2Pu(Cl2O)2,
mp-1095064,Sr(BrO3)2,
mp-31136,Lu2NiSn6,
mp-14193,K2ThF6,
mp-1095073,MoPRu,
mp-1078430,ScCuGe,
mp-1078880,UGaRu,
mp-1078586,UGaCo,
mp-555,Fe8N,182.4577682
mp-1078182,Nd2Fe2Se2O3,
mp-1095120,PrPdPb,
mp-1095127,USbRu,
mp-1095128,TiPOs,
mp-1095130,DySiAg,
mp-1079069,La2Mn2Se2O3,
mp-1095145,TiReSi,
mp-1095148,TiFeAs,
mp-1095154,SmMgAg,
mp-1078283,Ce2Fe2Se2O3,
mp-1095158,HfGaCo,
mp-1095163,Pt(Cl3O)2,
mp-1079086,UAlNi,
mp-1095186,K(NpSe3)2,
mp-1095185,Y2CrH6,
mp-1019564,Ca6Ge2O,
mp-1095196,HfGeOs,
mp-1095197,SmCdGa,
mp-1080803,USnIr,
mp-1095207,ZrPOs,
mp-690632,SrNbFeO6,
mp-22643,Tb3(CoGe2)2,
mp-11191,CrSi2,195.428587
mp-1096787,Al2Zn2S5,
mp-1096789,Al2Zn2S5,
mp-1096928,CrN2,
mp-1078952,Mg(N3Cl)2,
mp-571558,HgBr2,
mp-765525,Li2VOF5,
mp-1097052,La2Fe2O5,
mp-550320,Li4CO4,
mp-1097888,La2Fe2O5,
mp-6930,SiO2,26.79054881
mp-14088,Rb2PdF6,16.50807094
mp-550895,K4CO4,
mp-556536,Na2Zr(CuS2)2,
mp-1079129,UAlNi,
mvc-16255,BaAlCuWO5,
mp-24853,BaNdCo2O5,
mp-570558,Rb2NbCl6,9.584029953
mp-38238,Ag2O,
mp-35889,K4C2O3,
mp-30477,LiCaSn,33
mp-19060,Sr2Mn3(AsO)2,
mp-11695,Rb2Pd3S4,20.32212896
mvc-10039,LaCrNiO6,
mp-571448,Cs2PuCl6,
mp-3530,Au(OF3)2,
mp-13926,Rb2NaYF6,
mp-1079934,Sr2FeMoO6,
mp-764358,LiFeF3,
mp-7618,Cs3YF6,
mp-7846,Zn3P2,
mp-7845,Zn3As2,
mp-9716,TiBO3,178.9263669
mp-849232,LiFeF3,
mp-8468,Sr(SbPd)2,
mp-8467,YNiGe3,
mp-8466,SmNiGe3,
mp-846,Hf2Al3,114
mp-6968,Cs2KCuF6,
mp-765500,V2OF7,
mp-9657,LiAsO3,
mp-752773,Li4CuF5,
mp-1087238,Y(CuSn)2,
mp-7783,La(BC)2,
mp-8267,KPS3,
mp-8262,K2P3,
mp-14037,NaTl2RhF6,
mp-8251,VP4,
mp-8235,K2SiP2,
mp-672267,Ce(SnPt)2,
mp-8215,LaYbS3,
mp-8212,Cd(PtO2)3,191.9235967
mp-8187,K2ZnO2,42.79331566
mp-8147,K2As2Pd,
mp-765334,LiMnOF2,
mp-8132,Li(TiSe2)3,21.89232539
mp-9330,CdPS3,
mp-8207,Zn(PtO2)3,193.4267941
mp-764305,Mn2OF2,
mvc-14545,CaLa2SbO6,
mp-765806,ZnCoO3,
mp-9095,Tb2Si3,
mp-8431,Ca(BRh)2,
mp-764285,VOF3,
mp-19227,YMnO3,
mp-7302,CrP4,124.2771545
mp-1080730,Sr2ZrMnO6,
mp-1079257,YMg(NiH)4,
mp-7276,ScUS3,
mp-25003,Ba2UMnO6,
mp-8930,K2GeAs2,
mp-685137,Ce2SbO2,
mp-7607,TiHgO3,
mp-545436,Ba2YbBiO6,
mp-8868,Ba3NaN,11.28386684
mp-9349,KRb2ScF6,
mp-9348,KRb2ScF6,
mp-6989,BaSeO3,
mp-8769,Rb2CoSe2,
mp-8768,K2CoSe2,
mp-8285,ZnGeO3,161.7645959
mp-8275,CdGeO3,
mp-6939,Sr(BIr)2,
mp-8717,Rb2MnSe2,
mp-776784,Li3FeF6,53.47131253
mp-8716,K2MnSe2,
mp-8714,Rb2MnS2,
mp-8713,K2MnS2,
mp-6916,Sm(BC)2,
mp-8189,LiReO3,
mvc-13438,Mg2NiN2,
mp-691129,V5N4O,
mp-22813,U2Ni2Sn,
mp-759066,LiAgF3,
mp-691106,MnSnO3,
mp-8110,AlBO3,204.5172588
mp-6910,BaPrO3,
mp-13934,Ba2TmReO6,
mp-555569,Cr2S3,
mp-7818,Pd4Se,139.0272964
mp-763430,Li3MnF6,25.4704489
mp-989504,Na2LiNF6,
mp-1078394,Ba2LuBiO6,
mp-9238,Ba2UCuO6,
mp-760477,SmBO3,
mp-7374,Ba(CuO)2,
mp-9159,Li4NpO5,
mp-1079236,ReTc(PbO3)2,
mp-714,SrSn4,
mp-978992,SnH4,2.120110351
mp-7350,Li(YSi)2,68
mp-7348,Sr(BRh)2,
mp-558919,Rb2CoS2,
mp-9812,ZnCO3,116.8875445
mp-13841,IrF4,
mp-6686,K2NaInF6,
mp-7288,Sc2SO2,139.5027865
mp-703272,K5NO4,
mp-6654,Cs2LiGaF6,
mp-1079761,Ho(NiSb)2,
mp-7241,Ho2InPd2,
mp-978997,Sm(NiBi)2,
mp-8858,RbCuF3,
mp-685077,Fe2Te3,
mvc-11181,Al(CuO2)3,
mp-8787,Ho2NiAs2,
mp-8786,Zr2NiAs2,139
mp-18805,Sr2CoMoO6,
mp-1079373,La2TiNiO6,
mp-675301,Na(NO)2,
mp-690608,SrLaMnWO6,
mp-1084762,MnRe(PbO3)2,
mp-757915,LiAgF3,
mvc-13419,CaLa2CrO6,
mvc-13418,La2ZnFeO6,
mvc-13412,CaLa2FeO6,
mvc-13402,CaLa2SnO6,
mp-978093,Ho2S3,
mp-14292,Ba2NdSbO6,
mvc-13246,La2MgSbO6,
mvc-878,Y(CuO2)3,
mp-21500,Yb2InCu2,
mp-998800,RbInBr3,
mp-998787,CaTlCl3,
mp-998755,RbSrCl3,
mp-998753,RbInCl3,
mp-998750,KAgCl3,
mp-998748,TlAgCl3,
mp-998613,KGeCl3,
mp-998620,RbSnF3,
mp-998611,RbSnCl3,
mp-998608,TlAgBr3,
mp-998606,RbTlBr3,
mp-998591,LiSnCl3,
mp-998569,InGeCl3,
mp-998567,InSnCl3,
mp-998561,CsSrCl3,
mp-998555,InSnBr3,
mp-998553,KAgBr3,
mp-998421,KCaCl3,
mp-998397,KCrCl3,
mp-998324,RbCaCl3,
mvc-5779,Ca2CuWO6,
mvc-5778,Ca2TiWO6,
mp-762411,LiMn3O6,
mvc-5738,Ca2NiWO6,
mp-998457,CsSnF3,
mp-644092,Na2LiAlH6,
mp-977351,Ac2S3,
mp-23026,CsAuCl3,
mp-13456,ZnS,70
mp-989649,CaMoN3,
mp-12866,SrSnO3,
mp-717,B2O3,
mp-989645,YWN3,
mp-767123,LiMn3(O2F)2,
mp-676597,BaVSe3,
mp-29804,Cr3GeC,
mp-989641,LaOsN3,
mp-22442,Ba2NaOsO6,
mp-989638,CaTcN3,
mp-1078947,Nd(AlAu)2,
mp-9635,Ag2HgS2,
mp-989635,CaMoN3,105.1775781
mp-695836,KSbO3,
mp-761801,LiV2CoO6,
mp-7449,Cs2Se3,
mp-989626,LaWN3,
mp-1079325,Sr(AsPt)2,
mp-21296,PtPb4,45
mp-765867,LiV3(O2F)2,
mp-950217,BiI4,
mp-989621,LaOsN3,
mp-765553,LiNi3OF5,
mp-765532,LiV3O5F,
mp-1078492,Cr3PC,
mp-989617,YWN3,
mp-978968,Ti3O2,
mp-989616,CaWN3,
mp-989609,YWN3,
mp-32331,NiP2O7,
mp-1078240,Si6Ni3Au,
mp-6492,Ba2YSbO6,
mp-989603,LaMoN3,
mvc-11733,La2MgVO6,
mvc-11726,CaLa2MoO6,
mp-672286,Eu3Ga2,
mp-31756,Ba2FeReO6,
mp-672272,Sm2Pd2Pb,
mp-674478,BaCO3,52.55243588
mp-989589,LaMnN3,
mp-765314,LiMn3(O2F)2,
mp-765272,Li2V2OF5,
mp-647903,Ba2LuSbO6,
mp-989586,SrTcN3,
mp-23161,NpCl4,
mp-9205,KSeO2F,
mp-13868,PdF4,34.87637972
mp-673825,Ag3SI,
mp-570099,RbVBr3,13.89885819
mp-980949,WCl4,
mp-7281,Dy3Ni2,
mp-1079287,KCuF3,
mp-754084,Cu2OF2,26.49386774
mp-764144,LiCo3OF5,
mp-8934,Cs2SnAs2,
mp-8931,Rb2SnAs2,
mp-16053,CuSiO3,27.36514854
mp-8857,Cs2As2Pd,
mp-8848,TaFeTe3,
mp-989554,LaMnN3,
mp-8770,Cs2CoSe2,
mp-656152,Gd2Cl3,
mp-6560,KSO2F,
mp-684969,Sc2S3,56.28664767
mp-8720,Rb2MnTe2,
mp-6543,VAg(PSe3)2,12.59055416
mp-8719,K2MnTe2,
mp-12637,Ba2NdNbO6,
mp-989546,SrTcN3,
mp-998602,RbOsO3,
mp-676273,Pr2SbO2,
mp-1079452,Ba2ScIrO6,
mvc-13239,TiF4,8.434872646
mp-647347,Np2InPt2,
mp-989530,SrTcN3,
mp-684690,Sc2Se3,
mp-978771,Sm(BRu)2,
mvc-2146,Zn2CoN2,
mp-647240,Np2InRh2,
mvc-11208,La2ZnMoO6,
mvc-2126,Mg2CuN2,
mp-1079742,GeN2OF6,
mp-978678,Sm(BOs)2,
mp-647194,U2InNi2,
mp-1078410,Ba2ZnTeO6,
mvc-11094,CaLa2VO6,
mp-989513,SrWN3,
mp-10152,La(SiIr)2,
mvc-11053,La2TiZnO6,
mvc-11031,CaLa2CoO6,
mvc-11030,CaLa2MnO6,
mvc-11012,La2MgTiO6,
mp-646609,U2InRh2,
mp-989407,YWN3,
mp-989406,LaTcN3,
mvc-15572,Mg2VN2,
mvc-15550,V(ZnN)2,
mvc-15553,Mg2CoN2,
mvc-15551,Mg2WN2,
mvc-15544,Mg2FeN2,
mvc-15541,Ti(ZnN)2,
mp-989401,CaMoN3,
mvc-15400,Zn2NiN2,
mvc-15395,Zn2CrN2,
mvc-15382,Zn2SnN2,
mvc-15380,Zn2CuN2,
mvc-15376,Mg2SnN2,
mvc-15358,Ca2NiN2,
mp-762225,BaCO3,48.32084014
mvc-15331,Mg2CrN2,
mp-6183,Ba2PrRuO6,
mvc-15320,Ca2VN2,
mvc-15308,Ca2CrN2,
mvc-15272,Ca2CoN2,70.46219438
mp-6167,Ba2NdNbO6,
mp-978084,PrVGe3,
mp-6782,Li2ZrTeO6,
mp-7073,BaTiS3,45
mvc-14629,Mg2MnN2,
mp-977559,Dy2MgGe2,
mvc-14558,Mg2TiN2,
mvc-14557,Ca2MnN2,
mp-998845,TlNiO3,
mp-977446,NdVGe3,
mp-27179,CsCrBr3,
mp-640458,Pu2InNi2,
mp-998627,NaMoO3,
mp-998624,NaOsO3,
mp-998615,CaTlF3,
mp-998543,CaTcO3,
mp-998537,ZnAgF3,
mp-998527,NiBiO3,121.8307347
mp-998422,CuAgF3,
mp-998418,MgAgF3,
mp-644369,BaBiO3,
mvc-5962,Ca2TaWO6,
mp-640044,Pu2SnPd2,
mp-643903,Ba2BiSbO6,
mp-640039,Pu2InRh2,
mp-853247,FeBO3,156.1323207
mp-996940,TiReN3,
mp-770662,CdCoO3,
mvc-13985,SnF4,
mp-1093994,ZnSnS3,
mp-1080623,Si2N3,
mvc-13792,Ca2WN2,
mvc-13775,Zn2FeN2,
mvc-13731,Zn2WN2,
mvc-13711,Ca2CuN2,
mp-998743,TlGeCl3,
mp-998711,TlGeF3,
mvc-13664,Mn(ZnN)2,
mp-998612,KGeBr3,
mvc-13642,VF4,
mp-992141,Cs2IBrCl6,
mp-9983,Ta2Se3,
mvc-5966,Ca2SnWO6,
mp-637918,Cr3GeN,
mp-5735,BaTbO3,
mp-637220,Gd(SiPt)2,
mp-989648,Cs2AlGaH6,
mp-989644,Cs2NaCaCl6,
mp-1079278,Sr(AlAu)2,
mp-989639,Cs2KInF6,
mp-6384,RbSO2F,
mp-3779,CrSiTe3,12.9192935
mp-5700,Sr2Cu3O5,
mp-989629,CsRb2GaF6,
mp-638253,EuIn4,
mp-989618,Cs2RbGaF6,
mp-1079343,Cr3GeC,
mp-19308,Li2NiO2,113.8790325
mp-989610,Cs2NaInH6,
mp-989611,YReN3,
mp-989608,Cs2NaAsCl6,
mp-989605,Cs2RbInF6,
mp-989594,Cs2NaGaH6,
mp-989595,CsRb2InF6,
mp-989646,LaWN3,
mp-989592,Sr6Sn2NF,
mp-989593,LaTcN3,
mp-989591,K2BrCl6F,
mp-989590,Ca6Sn2NF,
mp-989636,BaWN3,
mp-769558,LiMn(CO3)2,
mp-989587,K2SBrCl6,
mp-989588,LaOsN3,
mp-635713,TiZnO3,63.8180141
mp-989585,Cs2KPbF6,
mp-989584,Ca6Sn2NO,
mp-989583,Rb2LiInCl6,
mp-989582,Ca6Pb2SeN,
mp-989580,Cs2KNF6,
mp-989581,LaReN3,
mp-989579,Rb2LiTlCl6,20.06305053
mp-989578,Rb2NaInF6,
mp-632715,Cs3CeF6,
mp-989575,Cs2AlTlH6,
mp-635067,KSbO3,
mp-989625,SrWN3,
mp-989576,YWN3,
mp-989574,Cs2NaSrF6,
mp-989573,Rb2BrCl6F,
mp-989572,Cs2NaCaF6,
mp-989571,Cs2NaInCl6,
mp-989570,Cs2CaSnCl6,
mp-989569,Rb2NaPbF6,
mp-989568,Cs2NaMgF6,
mp-989567,Cs2RbTlF6,
mp-989566,Rb2InGaF6,
mp-989565,Rb2TlGaF6,
mp-989563,Rb2NaTlCl6,
mp-989562,Cs2LiTlF6,
mp-989561,NaTl2GaF6,
mp-989560,Cs2TlSiH6,19.4730155
mp-989559,Cs2NaLiF6,
mp-989558,Cs2TlGaF6,
mp-989556,Cs2NaPbF6,
mp-989555,Tl2InGaF6,
mp-989553,Cs2TlGaH6,
mp-865143,BaYbCdSb2,
mp-989551,LiTl2InF6,
mp-989552,LaMoN3,
mp-989550,Rb2TlInCl6,
mp-989549,Cs2PbClF6,
mp-989548,Rb2NaTlF6,
mvc-3570,YCoO3,
mvc-3569,YCrO3,
mp-989547,Rb2NaInCl6,
mvc-3559,YMoO3,152.0542344
mvc-3556,YFeO3,
mp-628819,Cs2TlFeF6,
mp-989545,Rb2NaSbCl6,
mp-989544,Cs2SeClF6,
mp-989543,Cs2BrCl6F,
mp-989542,Ba6Tl2NCl,
mp-989541,Rb2NaSbF6,
mp-989540,Sr6Sn2NO,
mp-989539,Rb2AlTlH6,
mp-33216,Pu2O3,
mp-989538,Cs2InBiF6,
mp-989537,Cs2TlInF6,
mp-989535,Cs2AlInH6,
mp-779389,CsClO3,
mp-989533,NaTl2InF6,
mp-989532,Rb2TlInF6,
mp-989531,Cs2KGaF6,
mp-989529,KRb2InCl6,
mvc-2979,MnF4,
mp-989526,Cs2KTlF6,
mp-989528,Rb2AlInH6,
mp-989527,Cs2NaNF6,
mp-989525,Cs2RbPbF6,
mp-989523,Rb2NaAsF6,
mp-998713,TlInCl3,
mp-989524,LaWN3,170.2865843
mvc-16001,AlWO3,
mp-989522,Mg6Bi2PN,
mvc-15992,MnAlO3,
mp-989521,Cs2SCl6F,
mvc-15989,YWO3,
mp-989520,Rb2NaBiCl6,
mp-6254,Ba2TbNbO6,
mvc-15980,BiF4,
mp-989519,Cs2RbNF6,
mp-6252,Sr2CuTeO6,
mvc-15945,AlCuO3,
mp-989403,LaVN3,
mvc-15941,YBiO3,
mp-989518,Rb2SBrCl6,
mvc-15937,AlSnO3,
mvc-15935,AlAgO3,
mp-989517,Cs2SBrCl6,
mp-989516,Cs2ICl6F,
mvc-15178,SbF4,
mp-989514,Cs2NaSbCl6,
mvc-15884,NiF4,
mp-7888,Sr2HoReO6,
mp-675921,Ce3NF6,
mp-989512,LiTl2InCl6,22.27854582
mp-675879,Ag3SI,
mp-989511,Cs2AsBrCl6,
mp-675287,CsCuCl3,14.73058519
mvc-14582,WF4,
mp-768307,BaSO3,
mp-6204,Cs2NaScF6,
mp-989455,LaWN3,
mp-989405,Cs2LiInBr6,15.59627303
mp-989404,Ca6In2NF,
mp-31632,CrP2O7,
mp-989402,Sr6In2NF,
mp-989400,Rb2NaGaF6,
mvc-15479,CaLa2WO6,
mp-989399,Ca6Al2NF,41.09441424
mp-619611,Ca2FeWO6,
mvc-15464,La2MgCoO6,
mvc-13531,MoF4,
mvc-15460,La2MgNiO6,
mvc-15459,La2MgWO6,
mp-989388,Rb2SCl6F,
mvc-15456,La2MgMoO6,
mvc-15420,La2ZnWO6,
mp-13929,Ba2SmReO6,
mp-676553,RbCrI3,
mp-694931,Sr2CoWO6,
mp-6178,Cs2KTiF6,
mp-9890,TaAgO3,
mvc-15177,La2ZnSnO6,
mp-6114,La3Ni2B2N3,
mp-676121,Ag3SI,
mp-861979,Ir2S3,167.6070264
mvc-14740,YSbO3,
mvc-14594,La2ZnCoO6,
mvc-14591,La2ZnNiO6,
mvc-14551,La2MgBiO6,
mp-6059,Cs2KYF6,
mvc-14411,AlSbO3,
mp-975044,Li(SiRh)2,
mvc-14342,YNiO3,
mp-6037,Ba2SmSbO6,
mp-637063,Cs2TlVF6,
mvc-14043,AlNiO3,
mvc-14006,AlMoO3,
mvc-13997,AlVO3,
mvc-13996,AlCrO3,
mvc-13995,YTiO3,
mvc-13972,AlBiO3,
mp-684585,Gd2O3,
mvc-13971,YSnO3,
mvc-13964,TiAlO3,
mvc-13960,FeF4,10.38372163
mp-625094,Cd(HO)2,57
mp-618813,Gd2Br3,
mvc-13941,CoF4,
mp-605786,Eu2BrO2,
mp-998604,RbPbCl3,
mp-998603,RbPbBr3,
mp-998599,KCaBr3,
mp-613162,CsSnSe3,12.42580107
mp-612520,UI4,
mp-819025,TiMnO3,
mp-608311,Cs2Li3I5,
mvc-13693,La2MgFeO6,
mp-998433,CsSrBr3,
mvc-13690,La2MgCrO6,
mvc-13691,YVO3,
mvc-13688,La2MnZnO6,
mvc-13687,La2ZnCrO6,
mvc-13672,La2VZnO6,
mvc-13624,CaLa2TiO6,
mvc-13620,La2ZnBiO6,
mp-998512,InPbCl3,
mvc-13582,La2MgSnO6,
mp-998299,RbSeBr3,
mvc-13571,La2ZnSbO6,
mvc-13536,CrF4,
mp-998413,CsSeBr3,
mp-5925,Nd2MgNi2,
mvc-13533,AlFeO3,
mvc-13532,AlCoO3,
mp-1078973,Sr(InP)2,
mp-8007,LiUO3,
mp-8000,SrSn(BO3)2,
mp-795717,Sr2NiWO6,
mp-765121,LiMn3O5F,
mp-7964,YAlO3,
mp-775774,AgBiO3,
mp-767705,LiCo(CO3)2,
mp-690789,K3ReH6,
mp-764923,VF4,
mp-7886,Cs2RbYF6,
mp-7986,CaSnO3,
mp-22375,In2S3,
mp-9673,K2NiAs2,
mp-9672,K2NiP2,
mp-696822,LiNO3,
mp-1079979,UFeSe3,
mp-764426,LiFeO3,
mp-7505,K2P2Pd,
mp-7492,LaBO3,
mp-7667,K2S3,
mp-639160,Gd2InGe2,
mp-760461,LuBO3,
mp-5924,MgSiO3,190.892595
mp-3205,CaCO3,66.05765996
mp-1079054,CaIrO3,
mp-13940,Sr2TmReO6,
mp-5899,NdAlO3,
mp-3047,MgGeO3,
mp-22891,Bi2O3,
mp-567007,Cs2KCoF6,
mp-1078570,Ba2FeMoO6,
mp-2958,Dy(BC)2,
mp-1080434,Sr2YCoO6,
mp-2939,BaTbO3,
mp-765919,VF4,
mp-558942,CaFeClO2,
mp-3759,MgGeO3,164.1770474
mp-5765,Nd(BC)2,
mp-573765,Eu(CuSb)2,
mp-991768,Ba2YbNbO6,
mp-650872,Cs2KCrF6,
mp-1079926,La2ZrNiO6,
mp-8500,AsS2NF6,
mp-1079770,FePSe3,
mp-4651,SrTiO3,168.4715734
mp-1001793,KCoCl3,
mp-22706,Mn3GeC,
mp-34038,Li6NCl3,
mp-972831,SiGeN2O,
mp-998429,NiAgF3,
mp-1078722,Eu(AsPt)2,
mp-638765,Al2O3,78
mp-775528,Na2MnO2,
mp-755177,EuSeO3,
mp-974434,RuF4,
mp-760484,TmBO3,
mp-755139,Li5BiS4,
mp-976271,KTi2F7,
mp-976277,Nd(NiBi)2,
mp-655329,MnSnO3,
mp-610645,Ce(NiAs)2,
mp-608408,Ba2GdSbO6,
mp-21370,Ba2EuSbO6,
mp-554938,BaCoO3,
mp-603326,Gd2CdPd2,
mp-861911,Sb2S2O,
mp-612207,K2NaMoF6,
mp-764365,W(OF)2,
mp-620828,Rb2NaFeF6,
mp-632532,Yb2S3,
mp-622615,SrLaMnCoO6,
mp-755367,LiTa2CuO6,
mp-684956,Tl2O3,
mp-755358,LuAlO3,
mp-764839,Na4FeO5,44.50966387
mp-755342,LuGaO3,
mp-752930,LiCu(PO3)2,
mp-755313,Sc2O3,174.2887748
mp-690525,MnCO3,79.64977912
mp-764243,VOF3,
mp-677028,RbBiF3,
mp-16307,Sr2MgIrO6,
mp-1078393,NaSbO3,
mp-935266,LiC2NO6,
mp-755216,TmBiO3,
mp-974381,Rh2S3,
mp-752699,LiAgF3,
mp-974355,Mn2S3,
mp-780275,AgBO3,
mp-976273,Hf3Ge2,
mp-676779,NaHo2F7,
mp-779943,VOF3,
mvc-15176,CaLa2BiO6,
mp-752529,Li5CrS4,
mp-779929,LiCr(CoO3)2,
mp-676650,Li6Br3N,
mp-753318,DyBO3,
mp-1086656,Tb(NiSb)2,
mp-770932,LiSbO3,
mp-685935,CdGeO3,58.80575241
mp-996945,Cs2TlInH6,
mp-996944,Cs2TlInBr6,
mp-996943,Cs2NaInBr6,
mp-996942,Ba6In2NF,
mp-996941,Cs2RbInBr6,
mp-764362,LiNiF3,80.84568737
mp-753176,AgCO3,62
mp-1094048,Sr2TiFeO6,
mp-753164,YbTiO3,
mp-764337,LiMnF3,
mp-6635,Ba2CaReO6,
mp-975738,Pr(BOs)2,
mp-975729,Pr(BRu)2,
mp-4784,CaPtO3,146.1883719
mp-1080567,Sm(NiSb)2,
mp-779664,AgGeO3,
mp-12640,Ba2DyNbO6,
mp-690635,K2NaVOF5,
mp-690633,LiNi4O5,
mp-690542,Li4WO5,57.48798848
mp-676002,Ba2PrF7,
mp-859876,Ge2N2O,
mp-775044,LiVO3,
mp-760980,FeCu5S4,
mp-863261,Sr2CdAs2,
mp-863259,Pm2S3,
mp-866850,CaSnS3,
mp-866826,CaSnS3,
mp-27409,RbNiBr3,17.07796622
mp-568448,Cs2AgAuCl6,
mp-762019,LiV(CO3)2,
mp-23091,Ba2BiSbO6,
mp-675237,Na3GdI6,
mp-755478,CdBiO3,101.4477187
mp-6428,Ba2YRuO6,
mp-766916,Li2VF7,
mp-763712,LiTi2VO6,
mp-763705,Zn2Ni3O5,176.6870766
mp-22977,CsVCl3,14.23318424
mp-763700,LiFeO3,
mp-763697,Li(CoO2)3,
mp-763682,Li(FeO2)3,
mp-778819,LiMnF3,
mp-766796,Cr2OF2,
mp-675976,KPO3,
mp-772801,LuBiO3,
mp-764221,Cr2OF2,
mp-632502,Zr2InNi2,
mp-1079568,NaIrO3,
mp-1078533,Th(AlAu)2,
mp-1080718,Dy(NiSb)2,
mp-18981,Sr2CaWO6,
mp-21443,Ce2Pd2Pb,
mp-31009,Ho(NiB)2,
mp-31011,Y2Si2Rh,105.5907531
mp-23185,XeF4,
mp-28534,CaInBr3,
mp-20030,U2InCo2,
mp-3896,Y(SiIr)2,180.4363595
mp-1080661,Gd2SnAu2,
mp-34195,BaCO3,48.00446191
mp-640470,Pu2InPt2,
mp-31040,NbCl4,
mp-21508,Y2Pd2Pb,82.49297425
mp-1079933,Y2InAu2,
mp-29959,TlBSe3,
mp-13590,LiB(CN)4,29.83859507
mp-20085,LaTiGe3,
mp-28607,UReB3,
mp-28610,CsAgCl3,11.97734474
mp-23319,RbVCl3,15.93067508
mp-31087,Tb2Pd2Pb,
mp-31088,Dy2Pd2Pb,
mp-31089,Ho2Pd2Pb,
mp-28614,NaBPt3,154.7633218
mp-31090,Er2Pd2Pb,
mp-34326,Li6Br3N,
mp-31091,Lu2Pd2Pb,
mp-20106,Li2NdSb2,
mp-31093,Dy2CoSi2,
mp-31094,Tb2FeSi2,
mp-31095,Er2FeSi2,
mp-1080018,Th(CoSn)2,
mp-31103,Ni3Te2,
mp-23349,Bi(BO2)3,
mp-3442,CaTiO3,
mp-7889,Sr2YReO6,
mp-23382,Y4CI5,
mp-31624,Sr2TaCrO6,
mp-20146,Zr2Ni2Sn,132.5445787
mp-3451,BaVS3,
mp-13932,Ba2DyReO6,
mp-27153,UBr4,
mp-28683,Ta(ICl)2,4
mp-20165,Ce2InPd2,
mp-504580,VCuO3,138.2282378
mp-30050,Ba(GeRu)2,
mp-768907,Sr3TeO6,
mp-27176,NaMnCl3,
mp-20178,CeBO3,
mp-30058,TlSbO3,
mp-1078601,La2ReNiO6,
mp-1078736,Pr(NiSb)2,
mp-31198,Er3Ru2,
mp-23482,BaBiO3,
mp-31209,Ca(BeGe)2,
mp-23484,CsAuCl3,
mp-23486,RbNiCl3,17.71078649
mp-1078272,LuBO3,
mp-20210,Ag2PbO2,
mp-31220,AlSiTe3,15.22517555
mp-28736,Pr4RuI5,15.61741038
mvc-5811,TaZn2WO6,
mp-30108,P2PbAu2,
mp-34656,Cd(CN)2,
mp-3466,PrAlO3,
mvc-11489,Ca2FeN2,78
mp-27258,P3Au2,
mp-27259,CsCrI3,
mp-19400,Sr2NiWO6,
mp-20278,Fe(BMo)2,197.1937936
mp-504838,CsPS3,
mp-40143,Cs2KZrOF5,
mp-3474,LaCuO3,
mp-27300,RbAuBr3,
mp-504900,Eu(SbPd)2,
mp-23684,NaHCO2,23.32806394
mp-21866,Dy2InAu2,
mp-23697,K3AlH6,19.69186053
mp-1078237,NaNiF3,
mp-1079204,Sm(CuSn)2,
mp-27337,Xe(OF)2,
mp-20357,Ce2InPt2,
mp-21885,Ca2InPt2,
mp-23736,LiMgH3,39.87140962
mp-30223,La2Fe2I,
mp-21900,Ce(SiIr)2,
mp-20393,Sr2InPt2,
mp-505034,Cs2MnS2,
mp-27361,Nb(SeCl)2,
mp-20404,Sm2InPd2,
mp-20410,Ho(BC)2,
mp-27362,Nb(SCl)2,
mp-27363,BaVSe3,
mp-3129,ScSi3Ni,
mp-27368,NaLi5Sn4,
mp-27369,RbGeCl3,
mp-505105,Cu(HO)2,
mp-28916,Mn3As2,
mp-27388,Ba(SiNi)2,
mp-30284,HgAsO3,
mp-505142,Np(SiPt)2,
mp-505143,Pu(SiIr)2,
mp-20461,BaPbO3,
mp-28793,Mg2C3,90.95617007
mp-28954,Tl2PdSe2,33.84467326
mp-763327,LiMnF3,
mp-30312,Ca2SiIr2,97.14113099
mp-22044,Sm2Ge2Ru,
mp-28978,Ba2S3,
mp-30333,Tb(NiB)2,
mp-505212,Cs3AuO,7.10208572
mp-35687,Be(CN)2,
mp-505249,Th(NiP)2,
mp-35751,Zn(CN)2,
mvc-15566,Ca2SnN2,
mp-27474,PaBr4,
mp-27480,Sn2OF2,
mp-505296,Ce2MgSi2,
mp-35906,Y(AgCl2)3,
mp-22150,Zr2InCo2,132.3429494
mp-24007,Rb2HBrO,
mp-20591,Yb2InGe2,
mp-673798,K3ClO,
mp-20617,Th3Si2,
mp-574369,La2InCu2,
mp-1095039,Sr2HfCrO6,
mp-20629,U(CoP)2,
mp-22209,Cr3AsN,
mp-20654,Gd2InPd2,
mp-20662,Sn4Pt,59.22369248
mp-1080026,Ce(SnPd)2,
mp-20705,U2SnRu2,
mp-505502,Ce(PRh)2,
mp-36600,Ag3SBr,
mp-505515,Sr(CuSb)2,
mp-20716,PbSeO3,35.29275734
mp-1080688,LaNiO3,
mp-12410,Ba2TbIrO6,
mp-3682,KCuF3,
mp-36875,Na(CoO2)3,
mp-31899,Ba2MnReO6,
mp-27678,Y2Cl3,16.27077496
mp-21879,Ba2CePtO6,
mp-20764,YbCeSe3,
mp-27707,RbCoCl3,16.20852415
mp-22360,U2Co2Sn,
mp-20779,Li2CeSb2,
mp-18962,Sr2CaMoO6,
mp-540827,Ba2UFeO6,
mp-20792,Ca2InPd2,
mp-27757,Be4B,137.7856314
mp-2926,Pr2MgNi2,
mp-20814,Dy(BC)2,
mp-22433,Np(SiIr)2,
mp-22438,Ce(SiPt)2,
mp-22446,Li2PrSb2,
mp-20836,Nd(NiAs)2,
mp-21406,Eu3TaO6,
mp-20841,Ba2CaIrO6,108.5657109
mp-20843,Sr2InPd2,
mp-38035,SrCO3,62.59144539
mp-1078340,Ce(AlPd)2,
mp-20870,Dy2InPd2,
mp-41219,BaLiPrTeO6,
mp-22531,Ba2GdNbO6,
mp-27891,Bi2SO2,44.34627919
mp-27898,Zr3AlN,
mp-29400,CsFeCl3,14.01220081
mp-38970,Ga2Te3,22.15610575
mp-31467,Ga3Pd7,149.2903949
mp-29396,Cu2PbO2,50.65322032
mp-39239,SrLaMnRuO6,
mp-39249,BaLaMgRuO6,
mp-39259,BaLaZnRuO6,
mp-559712,Rb2NaCoF6,
mp-39412,SrLaMn2O6,
mp-39542,KRb2ZrOF5,
mp-39626,SrLaMnWO6,
mp-39681,NaTi2BiO6,
mp-39886,BaCaLaBiO6,
mp-18753,Na3Mo(OF)3,
mp-980110,Th(NiSn)2,
mp-4001,BaTaS3,
mp-556757,K2NaNiF6,
mp-18927,Zr3NiO,
mp-40204,KZrTl2OF5,
mp-40802,BaSrLaBiO6,
mp-4077,Cd(CN)2,
mp-4096,CeAlO3,189.1072597
mp-41057,BaLaCuRuO6,
mp-914072,Ba2NdMoO6,
mp-4187,Ge2N2O,
mp-30673,Ti2Ga3,
mp-30684,Zr3Ga2,111.8167101
mp-5864,FePS3,
mp-554941,KRb2BiF6,
mp-559117,KLiMnO2,
mp-5426,ErB3Mo,
mp-567114,Sr(BiPd)2,
mp-542634,Ta2Te3,
mp-5348,MgCO3,105.2975293
mp-567172,Cs2NaYbCl6,
mp-571409,Cs2Li3Br5,
mp-1080570,CsNiBr3,
mp-5364,YbBO3,
mp-561242,TaAgS3,
mp-567207,SrIn4,
mp-23235,UCl4,
mp-567373,LaCN2Cl,
mp-567377,Ba(AlSi)2,
mp-571467,Cs2NaYBr6,
mp-542951,Cs2NaHoCl6,
mp-556983,LaGaO3,
mp-1096778,Ba2VFeO6,
mp-567431,ThCl4,24.52095978
mp-1079141,Pr(GeIr)2,
mp-1080144,Sm(NiSn)2,
mp-1095060,Na3Cl2,
mp-763429,LiFe(CoO3)2,
mp-676459,Ca2LaF7,
mp-1078233,H3CCl,
mp-850948,LiMnCr2O6,
mp-770071,LiAl2FeO6,
mp-625181,Cu(HO)2,
mp-850916,LiCoOF2,
mp-625179,Cu(HO)2,
mp-763359,LiCr2CoO6,
mp-777672,LiFeF3,
mp-547792,KSbO3,
mp-625105,H2CO2,
mp-676020,BaCO3,
mp-861582,LiMnF3,
mp-779948,ZrMnO3,159.9025158
mp-763314,LiCo2CuO6,
mp-765926,VF4,
mp-42022,Cs2RbZrOF5,
mp-675784,H(CO)2,
mp-765921,MnF4,
mp-675778,NaY2F7,
mp-715514,V2O3,
mp-754636,ErBiO3,
mp-850468,LiTiV2O6,
mp-756951,LiSbO3,
mp-623108,Eu4Ir,
mp-765880,Mg3Fe2O5,153.7232443
mp-777483,Ge2N2O,
mp-765849,LiFe(SiO3)2,
mp-765845,LiVF3,
mp-675324,BaCO3,50
mp-675634,KBi2F7,49.52090614
mp-675625,KNO3,
mp-675606,Li5AuO4,
mp-763200,LiVO3,
mp-777389,LiFeF3,
mp-675104,Na3YCl6,
mp-675524,CsPbCl3,
mp-675488,Li6I3N,
mp-28770,Ca2FeN2,77.66961099
mp-675010,CsHgCl3,
mp-754300,HoBiO3,
mp-621667,Eu3Ag2,
mp-1078783,La2VReO6,
mp-1080079,U(AlAu)2,
mp-29658,ZrNiH3,150.9384876
mp-1078341,EuNbO3,
mp-13589,CuB(CN)4,
mp-770839,LiCr(CO3)2,
mp-1078924,Ce(NiSb)2,
mp-755834,AgSnO3,
mp-674508,RbPbF3,
mp-755796,Li2FeS2,
mp-642363,Al2O3,193.1375636
mp-1079316,Dy(GePt)2,
mp-769836,CoBO3,
mp-1091396,Pr(AlAu)2,
mp-761293,ZrCoO3,153.4054411
mp-765535,KLiCoO2,
mp-765533,NaV3O6,
mp-761288,MnBO3,
mp-776912,KLiNiO2,
mp-755559,LiNbO3,
mp-548403,CaCO3,72.97543334
mp-1078490,Sc(NF2)3,
mp-612861,La(ReSi)2,
mp-611316,AsN(OF3)2,
mp-765450,Mn2Cd3O5,
mp-755391,BaNa2O2,
mp-765444,LiSi2NiO6,
mp-610469,CeBiS2O,
mp-636264,La(CuSn)2,
mp-976380,Nd(NiSb)2,
mp-608439,Pb2O3,
mp-1094054,Sr2FeCoO6,
mp-13936,Sr2GdReO6,
mp-754937,LiTi3O6,
mp-6058,K2NaScF6,
mp-557630,MnCoO3,
mp-770690,Mn3TeO6,
mp-6977,Be3N2,
mp-6074,KRb2TiF6,
mp-1079272,Sr2ZrVO6,
mp-673633,In2S3,
mp-1095170,Sr2FeOsO6,
mp-764697,Li3VOF5,
mp-640108,Ce2InNi2,
mp-774520,TiAlO3,
mp-770618,MgMnO3,156.3292857
mp-640051,Pu2Ni2Sn,
mp-770615,Li2CrO2,
mp-639876,U2SnRh2,
mp-755003,LaBiO3,
mp-760432,Cu2O3,92.6213201
mp-770602,TiVO3,167.6794395
mp-760414,Ti3PdO,
mp-770583,MnZnO3,159.9403323
mp-1087477,La2TcNiO6,
mp-770543,Mn2O3,
mp-6135,Ba2PrIrO6,
mp-6192,Ba2DySbO6,
mp-865139,LiV2CrO6,
mp-20044,La(NiAs)2,
mp-864675,Yb3N2,
mp-759897,Cu2OF2,
mp-504674,Ba2EuReO6,
mp-41283,BaLaTaMnO6,
mp-770398,NiSnO3,155.8147772
mp-6231,Ba2ErSbO6,
mp-853231,LiFeOF2,
mp-770347,TbNiO3,
mp-778717,MgFeO3,145.7081194
mp-759116,YbAlO3,
mp-770252,CaNiO3,73.65296195
mp-853130,TiNiO3,170.9515409
mp-605867,CeIn7Pt2,
mp-677191,BaLaZnRuO6,
mp-765253,MnF4,
mp-40189,BaLiLaTeO6,
mp-778591,LiMnF3,
mp-770150,TlCoO3,141
mp-676512,Na3AlF6,49.70644715
mp-770086,FeNiO3,162.5553046
mp-6265,Ba2TbSbO6,
mp-989536,Cs2LiNF6,
mp-672302,Ga2Se3,
mp-758052,LiCuF3,76.00203318
mp-781081,VOF3,
mp-989577,LiTl2GaF6,
mp-1079517,La2MnNiO6,
mp-989642,Cs2NaAlH6,
mp-1079827,Ce(SnRh)2,
mp-18904,Ba2NdMoO6,
mp-765887,Li4NiOF4,
mp-770564,Eu3WO6,
mp-769970,ScFeO3,173.8754032
mp-754218,Tb2SeO2,
mp-776205,Hf2N2O,173.3432881
mp-714906,V2O3,
mp-754202,CsClO3,
mp-756922,Ho2SO2,
mvc-5969,Ca2BiWO6,
mp-776150,ScAgO3,131.76484
mp-765851,LiVF3,45.91349278
mp-622618,BaLaNiRuO6,
mp-18903,Sr2CdWO6,
mp-622570,Ti2Cu3,133.1112165
mp-753056,HoBO3,
mvc-16535,Ca2MnWO6,
mp-754086,Li2CuS2,26.43113884
mp-754085,Li2BiS2,
mp-769905,ZnFeO3,
mp-754071,Pb2O3,
mp-767908,LiCo2CuO6,
mp-6798,Ba2NaReO6,
mp-765814,LiNi4O4F,
mp-777362,LiFeF3,
mp-4522,CaSiO3,
mp-908376,LaNiO3,
mp-776083,HfSnO3,25.77620656
mp-765785,Li3Ni2O2F3,
mp-7127,Ba2YbTaO6,
mp-12814,Ba3SbN,27.0727635
mp-765757,Li4MnOF4,
mp-643989,KHCO2,19.046793
mp-769800,SrEu4O5,
mp-756214,YAlO3,191.4821773
mp-765720,Li3Co2O2F3,
mp-756187,Li2FeS2,
mp-643754,HgH2NCl,
mp-7844,Mg3As2,
mp-7251,Ba2YNbO6,134.0050023
mp-6687,Ba2HoSbO6,
mp-765685,Li4CoOF4,
mp-643708,LiH2IO,
mp-762633,LiMn2NiO6,
mp-551269,Ba2LaSbO6,
mp-504723,Ba2NiWO6,
mp-769661,CoAgO3,110.9026526
mp-760405,ErBO3,
mp-776999,Cr2O3,
mp-769645,LiCo(CO3)2,
mp-21348,Ba2EuTaO6,
mp-849664,Li4FeOF4,
mp-777522,LiFeF3,
mp-765545,LiVF3,57.02246683
mp-765313,Li4MnO2F3,
mp-765534,Li2Ni3O3F2,
mp-20709,Ba2ScSbO6,
mp-5844,CaSiO3,
mp-776913,Li2FeWO6,
mp-772548,SmCuO3,
mp-755568,GaBiO3,
mp-765499,Li3VF6,53.81737722
mp-613327,Fe(BW)2,318.5346863
mp-768197,Li5SbS4,
mp-765254,W(OF)2,30.92238654
mp-628825,Cs2KMnF6,
mp-611623,U(CoP)2,
mp-765237,VF4,
mp-611608,CsNiF3,26
mp-765233,VF4,
mp-774305,LiCo2NiO6,
mp-778194,Ge2N2O,
mp-1079224,V3AsN,
mp-12730,Ba2YbRuO6,
mp-771131,NdZrO3,
mp-1078587,Lu(CuSn)2,
mp-754943,ErBiO3,
mp-611630,CaFeClO2,
mp-754936,DyAlO3,
mp-12948,NaMgF3,
mp-610744,Cs2MnTe2,
mp-5245,Zn(CN)2,
mp-696740,CaCO3,
mp-849318,Na2FeO2,57.53277024
mp-764698,LiVF3,65.03301038
mp-1080625,Sr2LiReO6,
mp-781698,NaFeO3,65.40828061
mp-774146,W(BrO)2,
mp-754759,Y2O3,138
mp-757165,Li5FeS4,
mp-754701,CaTiO3,135.2500324
mp-625405,V2H3O5,86
mp-776486,MnAgO3,
mp-772053,ZrMnO3,141.5010468
mp-1020703,SiGeN2O,
mp-754624,Al2O3,189.7762993
mp-1078553,SrHfO3,
mp-8085,Mg3P2,57
mp-9413,Ca2TiSiO6,
mp-754501,Ca(CuO)2,
mp-646507,Hf2Ni2Sn,141.7628372
mp-561559,Sr2CoWO6,
mp-754469,Er2TeO2,
mp-646426,U2InPd2,
mp-646420,Nd2InRh2,
mp-754455,Sc2O3,140.6110311
mp-754435,LuAlO3,
mp-754409,HoBO3,
mp-776320,CuAsO3,53.19919789
mp-699343,Li4MoO5,
mp-6621,Ba2ErRuO6,
mp-5431,BaTeO3,
mp-1079146,Th3Si2,
mp-30670,Th3Ga2,
mp-545343,LiIO3,
mp-571505,Rb2In3,
mp-545482,PdSeO3,17.68595751
mp-545487,Cs(CO)2,
mp-545500,BaSbClO2,
mp-545544,Ba2TaBiO6,
mp-608486,KRb2FeF6,
mp-545603,Ba2BiSbO6,
mp-545659,Ba2DyBiO6,
mp-545643,BaCO3,
mp-545783,BaBiO3,
mp-1079313,V3GeC,
mp-545735,Ba2NdRuO6,
mp-557958,Cs2KNiF6,
mp-567614,Tb2Co2I,
mp-546079,MgCO3,86.93452536
mp-567628,Rb2LiDyBr6,
mp-567652,Cs2LiYCl6,19.10506277
mp-567666,Ba3BiN,24.9126328
mp-546285,NbI3O,
mp-546295,Sr2CuOsO6,
mp-11734,Sr2MgReO6,
mp-546684,PdSeO3,
mp-5468,Na3AlF6,
mp-567366,CsCuCl3,15.27979554
mp-567727,Pr2Co2I,
mp-546877,V7O3,
mp-546920,Li(CO)2,
mp-547094,RuO4,
mp-547244,SrBiClO2,
mp-567752,Cs2In3,
mp-980084,Th(CuSn)2,
mp-567776,Cs2AgAuCl6,
mp-548691,Sr2ZnReO6,
mp-548658,RbPO3,
mp-548824,BaTbO3,
mp-19282,Sr2ZnWO6,
mp-567844,Gd2Fe2I,
mp-549970,Ba2ZnReO6,
mp-567913,CsAuSe3,
mvc-11630,TiZn(BiO3)2,
mp-550553,CdBiClO2,
mp-550514,LaTaN2O,
mp-550685,Ba2CaTeO6,
mp-18992,Ba2MnTeO6,
mp-550908,SrHfO3,156.1764419
mp-551092,KLiZnO2,
mp-571599,Ba(BiPd)2,59.9426674
mp-551203,Sr2I2O,
mp-551243,BaBiIO2,
mp-571608,Yb3Ag2,
mp-559454,Cs2KFeF6,
mp-569505,TbRe2SiC,
mp-568052,K2Ga3,
mp-551702,Ba2CdReO6,
mp-551835,Ba2I2O,
mp-540540,PaBr3O,
mp-552089,Sr2Cu3O5,
mp-552191,Ba2TbBiO6,
mp-557133,Cs2KMoF6,
mp-1079464,Fe(NF2)3,
mp-1079140,Al(NF2)3,
mp-569517,C,
mp-552185,AgNO3,34.92831567
mp-552234,SrBiBrO2,
mp-552200,Ba2TaBiO6,
mp-552454,SrTaNO2,176.852039
mp-552547,SrBiIO2,
mp-552588,LiNbO3,142
mp-552806,BaBiClO2,
mp-553025,CaBiClO2,
mp-569526,RbCuCl3,16.35023031
mp-553121,Sm2IO2,
mp-568266,Tm2NiAs2,
mp-568328,FeP4,139.3373009
mp-561461,Cs2KMnF6,
mp-774250,MnAlO3,
mp-552946,Ba2YIrO6,
mp-553955,V2O3,
mp-12780,Sr(GaAu)2,
mp-540609,CsMnI3,
mp-15626,Rb2NaTiF6,
mp-20282,CsPbF3,
mp-554061,MnSbS2Br,
mp-1078717,La(NiSn)2,
mp-569623,Nb(SeBr)2,
mp-557411,KRb2VF6,
mp-573204,Cs2KBiF6,
mp-1080508,La(GePt)2,
mp-554168,KRb2MoF6,
mp-559588,CdSbS2Br,
mp-568506,Pr2Ni2I,
mp-1078886,Ce(AlAu)2,
mp-557500,LiNi(PS3)2,
mp-557515,CrBiO3,
mp-554238,CuBiSCl2,
mp-573721,Cs2SiAs2,
mp-557533,Cs2TlVF6,
mp-561558,Ba2CuWO6,
mp-561561,Cs2KRhF6,
mp-573947,Cs2MnSe2,
mp-574122,UAl4,
mp-1080179,Pr(NiBi)2,
mp-40356,BaLaMnMoO6,
mp-1079937,Pr3Si2,
mp-1080173,Ce(CuSn)2,
mp-557664,Cs2TlBiF6,
mp-554405,ZnS,69.17341839
mp-569748,ThFe2SiC,
mp-569753,TlCoCl3,18.96599218
mp-7714,Li4UO5,
mp-574498,Cs3Bi2,
mp-561628,CeCrS2O,
mp-9839,K2LiAlF6,
mp-611846,VF4,
mp-1080546,La(GePt)2,
mp-557772,CsNiF3,25.12300648
mp-561710,CsSnS3,
mp-554620,Sr2FeReO6,
mp-569812,BaN3Cl,
mp-559695,Cs2RbBiF6,
mp-1079414,Er(NiSb)2,
mp-568619,SiC,213.203732
mp-579605,Cs2KEuCl6,
mp-555358,Ba2UCu2S5,
mp-561827,Cs3TlF6,
mp-555359,KMnF3,59.12793009
mp-714863,V2O3,
mp-561830,Cs2CoS2,16.9775883
mp-1080493,Y3Au2,
mp-540783,OsO4,4.092795823
mp-554799,VF4,13.71516253
mp-38220,RbNO3,
mp-558050,Rb2NaMnF6,
mp-558078,Rb2NaFeF6,
mp-561894,Ba2CoMoO6,121.2639009
mp-561920,CsAgF3,
mp-561922,LaCoO3,
mp-580541,Cs2NaSmCl6,
mp-1078747,NdCrGe3,
mp-555403,K3WF6,34
mp-580589,Cs2NaErCl6,
mp-580631,Cs2KTbCl6,
mp-1079847,CsFeBr3,
mp-568666,RbAuI3,
mp-558132,MgVO3,
mp-568668,DyFe2SiC,
mp-568670,Cs2NaTbCl6,
mp-561949,GdBO3,
mp-31935,MnP2O7,
mp-568728,Er2CoSi2,
mp-1079583,Rb2NaAlF6,
mp-569916,Al3Pt2,
mp-672187,Pr2Pd2Pb,
mp-555464,KRb2NiF6,
mp-1078787,Sm(AlAu)2,
mp-540895,CsCo(CO)4,
mp-558494,NdCrS2O,
mp-19996,Ba2GdNbO6,
mp-569996,Tb2InGe2,
mp-581968,Tm2Pd2Pb,
mp-558674,K2NaFeF6,
mp-1078963,V3GaN,
mp-558728,Cs3Li2F5,
mp-20301,La2Pd2Pb,
mp-582389,Eu2B5Os3,
mp-558851,Cs2KCoF6,
mp-558895,Cs2KVF6,
mp-18829,Sr2ZnMoO6,
mp-570102,HoSiRu2C,
mp-754345,LiTaO3,
mp-1078969,Ba2NbVO6,
mp-754323,TmBiO3,
mp-754307,BaNdO3,
mp-849081,Cr2S3,
mp-754226,YLuO3,
mp-569807,RbTiBr3,16.32958379
mp-754185,Y2MgNi2,
mp-754184,ErAlO3,
mp-768680,CrP2S7,8.177990176
mp-754165,ScGaO3,178.9157306
mp-761574,CoSnO3,152.3358865
mp-776185,LiFeF3,
mp-754157,AlInO3,184.2459407
mp-8943,PtF4,38.6190091
mp-12644,Ba2LuNbO6,
mp-42054,BaLaTaZnO6,
mp-36903,KNO3,
mp-1014257,Ti3ZnN,146.0917607
mp-1014252,Hf3ZnN,149.9136684
mp-562005,V2O3,
mp-754009,ScBiO3,
mp-1078814,Ce2C2Cl,
mp-1014226,Zr3ZnN,
mp-776250,Zr2N2O,159
mp-1014168,CsPbBr3,16.78971462
mp-761524,MgCoO3,146
mp-754549,Na2CuO2,
mp-753948,PrTiO3,
mp-20908,Ce(BC)2,
mp-995393,LiS4,
mp-18845,Ba2FeWO6,
mp-40251,BaLaMgTaO6,
mp-644762,Eu(ZnSn)2,
mp-753668,Ba2GdSbO6,
mp-768479,YScO3,151.5697841
mp-21288,La2InGe2,
mp-768358,ScInO3,152.422759
mp-566360,Rb2NaCoF6,
mp-778408,HgBiO3,
mp-12631,SrTcO3,176.1921829
mp-768310,LaBiO3,60.77930332
mp-768308,LaAgO3,
mp-10731,Ba2PrSbO6,
mp-771272,MnTlO3,
mp-768221,YBiO3,
mp-673165,Dy2O3,
mp-768175,Dy2SO2,
mp-763059,LiV(CO3)2,
mp-696965,Cs3TbF6,
mp-753806,BSbO3,
mp-768029,LiFe(CO3)2,
mp-774149,Li2CrWO6,
mp-762903,LiMnF3,
mp-1078912,Sr2HfFeO6,
mp-1080774,Ga2O3,
mp-1020631,ZnGeO3,
mp-1020623,ZnSiO3,
mp-1020622,SrZrO3,
mp-1003637,LiMn3O6,
mp-754246,TiSnO3,26.12451078
mp-20715,Pr2InGe2,
mp-13941,Sr2YbReO6,
mp-1095155,Sr2NiIrO6,
mp-13190,KRb2GaF6,
mp-23438,BaBiO3,
mp-6065,Sr2GaSbO6,
mp-41414,BaLaMgBiO6,
mp-1096782,Ba2VFeO6,
mp-1078893,La2TiCoO6,
mp-555036,KCrF3,
mp-24841,CoTe(PbO3)2,
mp-24858,Ba2UCoO6,
mp-21309,MgTe(PbO3)2,
mp-1079027,Sr2ZrCoO6,
mp-14038,Rb2NaRhF6,
mp-13933,Ba2HoReO6,
mp-12729,Ba2TmRuO6,
mp-1078887,Sr2MnNbO6,
mp-545999,AgSbO3,86.23639596
mp-754152,YBiO3,
mp-32059,MoP2O7,
mp-570112,Cr3C2,308.9134034
mp-559001,CrFe(BiO3)2,
mp-20958,Ba2LaReO6,
mp-569877,Dy2InGe2,
mp-32307,Sr2ReNiO6,
mp-569037,Y3H2,
mp-560037,Rb2NaBiF6,
mp-569054,La2Co3,75
mp-1079634,Tb2SnAu2,
mp-570229,ThBr4,21
mp-1079920,Ba2CrMoO6,
mp-570245,Ba2GaGeN,
mp-541180,Te3Pt2,
mp-560088,Cs2Li3F5,
mp-569109,MnBiSe2I,
mp-570268,MnSbSe2I,
mp-867749,CaBiO3,
mp-570298,Ba(SbAu)2,
mp-570303,KTmI3,
mp-1079436,NaV(NF3)2,
mp-1078457,Ba2ZrTiO6,
mp-20091,Np2InNi2,
mp-561436,Ba2YReO6,
mp-570355,PbCl4,
mp-569175,ZrCl4,
mp-19258,Ba2SmMoO6,
mp-570379,Cs2LiLuCl6,19.78862302
mp-574221,Np(SiPt)2,
mp-560185,TiFe(BiO3)2,
mp-32493,V(HO)2,
mp-3250,Ni2SbTe2,40.89299557
mp-32539,W(ClO)2,23.94562465
mp-555857,BaVS3,
mp-570451,Nb2Te3,
mp-760457,YBO3,
mp-10584,Ba2LiOsO6,
mp-32616,Ga2S3,
mp-570326,CsCrCl3,
mp-32654,Sc2Te3,
mp-1079324,Cr3AsC,
mp-610955,CsCrCl3,
mp-13001,Ba2HoTaO6,
mp-850086,Ni3S2,
mp-561738,Ba2NiMoO6,
mp-8098,InGaO3,169.8825432
mp-8180,LiNO3,39.41322387
mp-20650,CeCrGe3,
mp-42227,Cs2ZrTlOF5,
mp-505618,Ba2CuWO6,
mp-541588,VHgO3,
mp-505634,Cs2Te3,
mp-8765,Na2CoS2,
mp-8766,Rb2CoS2,
mp-541667,Nb(SeBr)2,
mp-570561,Dy2MgSi2,
mp-570562,Te3Pt2,
mp-555970,NaTl2MoF6,
mp-541785,GePdS3,6.308365116
mp-19085,Ba2MnWO6,
mp-570595,DySiRu2C,
mp-560357,MnClO3,
mp-541899,CsCdBr3,
mp-1078217,NaFeF3,
mp-36940,Mg(CN)2,
mp-556487,K2NaMoF6,
mp-560385,KRb2CoF6,
mp-542180,Th(TeI)2,
mp-560421,Sr2NiTeO6,
mp-604652,TiFe(BiO3)2,
mp-977548,Nd2MgGe2,
mp-542454,Mo2As3,
mp-542455,Ca2B5Os3,
mp-570961,CdBiSe2I,
mp-12642,Ba2TmNbO6,
mp-1087240,La2InPd2,
mp-556094,AgBiSCl2,
mp-5131,K2CoS2,
mp-1078794,Ce(NiSn)2,
mp-510173,PuGa4,
mp-570756,Cs3Li2Cl5,
mp-560790,Cs2NaBiF6,
mp-27359,CsScCl3,
mp-556856,BaCSNCl,
mp-1079300,BaZrSe3,
mp-571124,Cs2KScCl6,
mp-556353,Rb2NaNiF6,
mp-565920,KMnF3,
mp-556194,SrSbSe2F,44.18234809
mp-560474,Co(PtO2)3,
mp-560861,Cs2KMnF6,
mp-1079695,V3GeN,
mp-3618,Sc2FeSi2,119.7569278
mp-510438,InPt,
mp-5566,KCuF3,66.60403848
mp-608777,Eu(InAs)2,
mp-560547,KCrF3,
mp-13560,YB2Pd7,
mp-556264,KRb2CrF6,
mp-560558,CsCdAuS2,
mp-560936,Rb2NaCrF6,
mp-560956,Cs2KCrF6,
mp-560959,KTl2MoF6,
mp-560963,Rb2NaMoF6,
mp-556320,Cs2NaFeF6,
mp-18757,Sr2CdWO6,
mp-18764,Ba2SrWO6,
mp-554252,K2NaCrF6,
mp-1021465,Na2ZnSe2,
mp-6984,K2SiAs2,
mp-20198,CaIrO3,
mp-553896,K3MoF6,
mp-554302,Cs2NaMnF6,
mp-19078,Ba2SrWO6,
mp-637470,Rb2NaVF6,
mp-18908,Sr2NiTeO6,
mp-7615,Rb3TlF6,
mp-6609,Ba2HoRuO6,
mp-9319,Ba2PrPtO6,
mp-18940,Sr2NiMoO6,
mp-29986,La2Al2I,
mp-18946,VBO3,181.8862297
mp-2128,Sn4Pd,56.43434918
mp-10335,Ba2CuTeO6,
mp-3953,CaCO3,75.86612531
mp-556405,LaCN2F,
mp-1078575,CaIrO3,
mp-754812,Al2O3,130.3890397
mp-1095106,Gd(CuSn)2,
mp-10998,Yb2Ge2Ir,
mp-1078835,Sr2FeMoO6,
mp-24859,CoPb2WO6,
mp-4022,Zr2CoSi2,
mp-4227,BaVS3,46.54139942
mp-556580,CoCO3,
mp-1167,CF4,
mp-19097,FeBO3,173.7422273
mp-25013,Ba2MnMoO6,
mp-11778,ThMnSe3,
mp-11788,YbSmSe3,
mp-19119,Sr2NiOsO6,
mp-558473,Ba2NdRuO6,
mp-554021,Sr2CoWO6,
mp-551830,SrTiO3,
mp-19138,BaNiO3,85
mp-19147,NiCO3,124.8052184
mp-25172,Ba3WO6,95.22812807
mp-1078758,Sr2NiRuO6,
mp-27508,Li6Br3N,
mp-20620,Ba2NbInO6,
mp-558507,TbMn2BiO6,
mp-6430,Ba2YReO6,
mp-560671,Rb2NaVF6,
mp-32927,Tb2O3,
mp-23054,NaBiO3,58
mp-22441,Ba2MgReO6,
mp-29257,LaTlO3,
mvc-16352,Zn2MoWO6,
mp-27505,Fe3Sn2,105.3858923
mp-18939,LiCo(CO)4,
mp-696871,LaAlO3,
mp-22279,Ba2EuNbO6,
mp-314,Th3Ge2,
mp-13797,K2NaCuF6,
mp-1016145,CaMn3O6,
mp-13938,Sr2DyReO6,
mp-12912,Ba2PrRuO6,
mp-1016144,MgMn3O6,
mp-32306,Ba2ReNiO6,
mp-621686,K2NaNiF6,
mp-39288,BaLaMgNbO6,
mp-9115,Ba2SrIrO6,
mp-6110,Sr2YSbO6,
mp-743867,TiMnO3,
mp-1003317,Mn3HO6,
mp-673247,Y2O3,
mp-1011260,EuFeO3,
mp-1079048,V3PN,
mp-19156,BaMnO3,80
mp-19157,LaMnO3,
mp-1078353,MnPb2WO6,
mp-19170,PrNiO3,
mp-905403,Sr2FeMoO6,
mp-1080696,U(CuSn)2,
mp-41918,SrLaNbZnO6,
mp-25005,MnSnO3,139.7611684
mp-13357,Yb2MgSi2,
mp-1393,Sn4Au,51.20638741
mp-20647,Nd2ScSi2,
mp-562274,Ba2LuIrO6,
mp-12434,Ho2InGe2,
mp-19270,TiFeO3,
mp-1078950,ReTc(SnO3)2,
mp-19299,CrBO3,
mp-1079651,Cr2Se3,
mp-5304,LaAlO3,
mp-15317,Rb2NaHoF6,
mp-14588,Na2PtSe2,
mp-560710,Cs2TlMoF6,
mp-19357,LaCrO3,
mp-28835,LiScI3,16.0231475
mp-560723,Sr2CoMoO6,
mp-16496,Al(CuRe)2,
mvc-10946,La2MgMnO6,
mp-19420,Sr2MgWO6,126.7697133
mp-19424,TiCoO3,175.0853585
mp-22184,Ba2SmNbO6,
mp-867963,Pu(SiPt)2,
mp-6270,Ba2LiReO6,
mp-561067,KRb2FeF6,
mp-18732,TiNiO3,
mp-561079,CdBiS2Br,
mp-571350,Ba(AsPd)2,
mp-5821,TaAgS3,
mp-6304,Sr2GaSbO6,144.2737635
mp-6613,Ba2YTaO6,138
mp-6960,Rb2SiAs2,
mvc-6670,Zn2CrWO6,
mvc-6757,Zn2BiWO6,
mvc-6767,Zn2NiWO6,
mvc-6787,Zn2CuWO6,
mvc-7100,Zn2AgWO6,
mp-550081,Ba2LaIrO6,
mvc-7378,Zn2SbWO6,
mp-23215,ThCl4,
mp-989643,LaCoN3,
mp-1080742,Sr2ZrCrO6,
mp-1080782,BaClO3,
mvc-5908,Ca2CrWO6,
mp-12641,Ba2HoNbO6,
mp-552176,Ba2PrNbO6,
mp-24972,Fe2O3,192.1381306
mp-1080142,Co(N2Cl)3,
mp-555520,Sr2FeWO6,
mvc-5863,Mg2TaWO6,
mvc-5853,Mg2CoWO6,
mvc-5870,Ca2VWO6,
mvc-5881,Mg2VWO6,
mvc-5910,Mg2MoWO6,
mvc-5939,Mg2TiWO6,
mvc-5927,Mg2BiWO6,
mvc-5949,VZn2WO6,
mvc-5956,Mg2FeWO6,
mvc-5930,Mg2MnWO6,
mvc-5960,Mg2CrWO6,
mvc-5921,Mg2SnWO6,
mvc-5957,TiZn2WO6,
mvc-5988,Ca2MoWO6,
mvc-5995,Ca2SbWO6,
mvc-5999,Mg2SbWO6,
mvc-6045,MnZn2WO6,
mvc-5923,Mg2AgWO6,
mvc-6009,Zn2SnWO6,
mvc-5942,Ca2AgWO6,
mvc-6090,Mg2TeWO6,
mvc-6095,Zn2FeWO6,
mvc-6162,Zn2CoWO6,
mvc-6194,Zn2TeWO6,
mvc-6178,Mg2CuWO6,
mvc-6433,Ca2TeWO6,
mvc-16560,Ca2CoWO6,
mvc-12913,Ca2FeWO6,
mvc-16271,TiZn(BiO3)2,
mp-642803,Zr2HBr2,
mp-864635,Ag2Cl3,
mp-861595,Pr2CdCu2,
mp-861945,Ag2F3,
mp-862869,Pa2S3,
mp-862982,Ag2Br3,
mp-862796,Pu2S3,
mp-13811,Ba2MgUO6,
mp-1078716,SrMoO3,
mp-865439,Th3O2,
mp-865782,Yb3SiO,
mp-865834,Yb3GeO,
mp-866519,CaSnS3,
mp-866083,Zr3N2,195.85726
mp-866833,CaSnS3,
mp-866845,CaSnS3,
mp-6739,Ba2CaOsO6,
mp-867219,Sr2GaGeN,
mp-867185,Pu3O2,
mp-952567,Fe2S3,
mp-689441,Cs2KMoF6,
mp-558233,TiCoO3,
mp-796301,Cr2O3,
mp-621440,Rb2NaNiF6,
mp-362,Ni3S2,126.9275059
mp-555240,BaVS3,
mp-912903,Ba2CoMoO6,
mp-621366,Cs2KFeF6,
mp-1072994,Mg2Si3,
mp-1073136,Mg2Si3,
mp-561855,Ba2CoWO6,
mp-2998,BaTiO3,163.2112795
mp-780260,TiGeO3,28.40081003
mp-1029457,Ba(CoN)2,98
mp-40761,SrLaMnCoO6,
mp-1029265,Mg2ZnN2,
mp-558435,KYb2F7,
mp-1001082,Si(CO)2,
mp-1001079,Li(CN)2,
mp-1001022,Cu2PPd2,
mp-690518,Na(CoO2)3,
mp-776216,AlCoO3,76.74056022
mp-7048,Al2O3,185.6509582
mp-6909,BaPrO3,
mp-776740,Li2MnWO6,
mp-13815,Rb2NaErF6,
mp-642159,K3MoF6,
mp-10057,VCoB3,288.9954242
mp-11581,Tm2NiAs2,
mp-13800,Cs2NaTlF6,
mp-11583,Zr2SN2,159.2674627
mp-11585,La2MgGeO6,
mp-11609,Sb(MoS)2,
mp-21185,Cd3P2,
mp-909679,FeCO3,
mp-13554,SnHgO3,
mp-13570,Mg(ScGa)2,69.90446747
mp-1078675,La2HfNiO6,
mp-10136,Ti2ReB2,253.0679127
mp-11674,Al2Se3,
mp-13799,K2NaYF6,
mp-13658,RbNO3,
mp-11690,Tc2P3,
mp-10162,La3Si2,57.7303676
mp-11696,As3W2,134.4518023
mp-11713,SiC,
mp-11715,MgSn(BO3)2,
mp-13687,Cs2KAgF6,
mp-13798,K2NaTlF6,
mp-10223,Na2PdS2,
mp-11784,LaYbSe3,
mp-11786,YbPrSe3,
mp-11787,YbNdSe3,
mp-2500,AlCu,112.6149615
mp-10246,Na2PtS2,
mp-13816,Cs2NaErF6,
mp-13898,Cs2NaInF6,
mp-16377,Ho(SiPt)2,
mp-10284,YSi3Ni,119.4792682
mp-10283,SmSi3Ni,
mp-13900,Sr(CuO)2,
mp-10289,Ca(BC)2,135
mp-10298,Sm(SiPt)2,
mp-11872,Ag2O3,
mp-13920,Ba(ZnSn)2,43.57922766
mp-10308,Ho2Ge2Rh,
mp-13925,Cs2NaYF6,
mp-11918,Ca(BeN)2,111.8714121
mp-11919,Sr(BeN)2,
mp-1080021,Nb2B3,
mp-11928,Pr2AlCo2,
mp-11964,Ce2CdPt2,
mp-11965,Ce2CdPd2,
mp-11990,Pr2CdNi2,
mp-11991,Nd2CdNi2,
mp-14036,KRb2RhF6,
mp-16520,NpAl4,
mp-1203,TiO,195
mp-12054,Cr2B3,
mp-2330,Nb2Se3,69
mp-14223,Ba2YbSbO6,
mp-1047,Ca3N2,72
mp-759939,AgGeO3,
mp-14226,Ba2YSbO6,
mp-16638,Nd2MgCu2,
mp-16652,Tb2MgPd2,
mp-14254,NdAlO3,
mp-10532,Yb2AlSi2,
mp-1078332,RbCa(FeAs)4,
mp-10559,Gd3AuO6,
mp-10560,Sm3AuO6,
mp-16756,Ta3Ga2,
mp-20575,Nd2InGe2,
mp-12974,Pr2CdPd2,
mp-14398,CaSn(BO3)2,
mp-12368,SbS2NF6,
mp-14445,Ca(BIr)2,
mp-12385,Ba2YTaO6,133.6445089
mp-12386,ErSi3Ni,
mp-12417,Ba2CaReO6,
mp-12427,Sr2TaGaO6,
mp-10676,Sc2AlSi2,101.5157564
mp-29740,Tl(ZnSb)2,
mp-12463,Ni(TePd)2,
mp-12464,Co(PdSe)2,
mp-12465,Co(TePd)2,
mp-12466,Fe(PdSe)2,
mp-14622,Y(BIr)2,
mp-1691,La2Ni3,
mp-14628,ZnSnO3,144.0251622
mp-10744,Si3Pt2,160.9391991
mp-12535,K2ZnTe2,
mp-12543,Dy3Pd2,
mp-12544,Ho3Pd2,
mp-12545,Er3Pd2,
mp-14652,Cs2P3,
mp-14787,Tm2S3,
mp-10852,La(BC)2,
mp-10853,Pr(BC)2,
mp-10854,Tb(BC)2,
mp-10856,Er(BC)2,
mp-10857,Tm(BC)2,
mp-10858,Lu(BC)2,
mp-1482,Zr2Al3,107.9016465
mp-12689,Er2InPd2,
mp-12691,Lu2InPd2,
mp-23004,CsMgCl3,13.40568099
mp-2079,Rb2P3,
mp-12867,SrSnO3,139.4155716
mp-11086,La2MgCu2,
mp-2378,Th3Al2,
mp-12911,Ba2LaRuO6,
mp-12927,Ba(BeN)2,98.3576391
mp-12975,Sm2CdPd2,
mp-12977,Dy2CdPd2,
mp-15318,Rb2NaHoF6,
mp-10762,Cd3As2,
mp-2091,V3B2,255.932776
mp-13000,Ba2HoTaO6,
mp-1079286,IrC4,
mp-13007,PrCrGe3,
mp-13009,SmCrGe3,
mp-1301,Yb2S3,
mp-13055,Ba2LaTaO6,
mp-1080695,KNp(CO3)2,
mp-11272,Be2Nb3,165
mp-1078448,Sr2CrOsO6,
mp-11288,Ca3Hg2,30.37928172
mp-1080736,NiPS3,
mp-13134,Ga2O3,163.0361264
mp-1006321,Ce(CuSb)2,
mp-13135,Eu(ZnSn)2,
mp-561753,Sr2CoReO6,
mp-556045,KCuF3,
mp-13148,Ca3N2,
mp-15556,Rb2As3,
mp-15557,Cs2As3,
mp-25053,Sr2NiMoO6,
mp-15588,Ce(BRu)2,
mp-11393,Nb3Ga2,167
mp-15607,Ca(BC)2,
mp-2105,Hf3Si2,144.9495808
mp-15635,TiTl3F6,32
mp-15659,Sb2Pt3,135.2760091
mp-13288,Ba3LiN,
mp-684768,Sm2O3,
mp-13323,Ba2EuNbO6,
mp-13326,PrLuSe3,
mp-13327,NdLuSe3,
mp-13334,ZnSnO3,165.438163
mp-13356,Ba2SrTeO6,
mp-11508,MoP4,
mp-1341,Te2Rh3,
mp-13415,Ta3B2,
mp-13416,Sc2InNi2,101.0582521
mp-13427,Sr3Hg2,
mp-13429,La2CdRh2,
mp-15827,Ho2Ge2Os,
mp-18971,Mn(PtO2)3,190.4392984
mp-4190,CaSnO3,
mp-13485,Eu(AlAu)2,
mp-29422,HfCl4,
mp-685148,Ho2O3,
mp-20907,La2InRh2,
mp-19074,TiFeO3,
mp-19098,Ba2CaWO6,
mp-24341,CsBeH3,
mp-42190,K2NaTiOF5,
mp-905285,LaMnO3,
mp-22628,CsNO3,
mp-29465,TaCl4,
mp-3316,BaCeO3,
mp-1079828,IrC4,
mp-13937,Sr2TbReO6,
mp-22629,Tb2CoGe2,
mp-4253,V(CrC)2,291.102393
mp-19218,Sr3Fe2O5,
mvc-11553,YMnO3,
mp-24412,K2NaAlH6,
mp-19241,BaNiO3,85.1754059
mp-19245,BaLaMn2O6,
mp-20976,Eu(BIr)2,
mp-19274,BaPrMn2O6,
mp-20991,BaPbO3,
mp-29763,RbMnBr3,
mp-22667,UFeS3,
mp-19331,MnNiO3,175.1637328
mp-19375,CeCrSe2O,
mp-4360,NaCdF3,
mp-21052,Tb2InPd2,
mp-4385,CdCO3,90.9085366
mp-24589,K2HBrO,
mp-4391,MgSiO3,199.5079205
mp-1078659,CaRhO3,
mp-22758,U(SiIr)2,
mp-30840,Ti2Pd3,157
mp-27291,PaCl4,
mp-22768,Nd2Ge2Ir,
mp-21136,Ce3Ni2B2N3,
mp-4525,SrRuO3,
mp-21141,Fe2CuGe2,128.9076328
mp-20400,Ce(GePt)2,
mp-22810,Ce2MgCu2,
mp-24844,MnCoO3,169.8296291
mp-24855,BaLa(CoO3)2,
mp-24856,BaPr(CoO3)2,
mp-28235,Tl(CuO)2,
mp-21190,PbSO3,
mp-19755,Li(TiS2)3,
mp-18848,Sr2MgWO6,128
mp-33319,Pr3NF6,
mp-24934,InFeO3,165.7199527
mp-21205,Tm2InPd2,
mp-29679,Hg2PCl2,
mp-25004,BaNdMn2O6,
mp-21222,Sm2InGe2,
mp-25012,MnSn(BO3)2,
mp-28282,RbTiCl3,17.23944179
mp-28283,CsTiCl3,15.83390092
mp-1079352,SrRuO3,
mp-3336,LaGaO3,
mp-4663,Yb2CdPd2,
mp-28295,CsIO3,
mp-23048,CsMnBr3,
mp-19788,Tb2Ge2Ru,
mp-19789,Mn(BW)2,305.8433893
mp-29711,Tl2Te3,
mp-35143,BaNbS3,47.63217776
mp-23038,CsVBr3,10.9053976
mp-28323,Pd2Cl2O,
mp-22955,LiIO3,
mp-19808,Eu(ZnGe)2,
mp-21267,Yb2InPd2,
mp-21269,U2AlCo2,
mp-22966,C(ClF)2,2.403621719
mp-33554,Na3GdCl6,
mp-19825,Pu2InPd2,
mp-3363,Sc2Ni2Sn,102.320186
mp-19159,Ca2PdWO6,
mp-28357,NbHg3F6,22.78524969
mp-22991,CsVI3,10.62260934
mp-19843,CeAlO3,
mp-29750,CsMgBr3,10.69120619
mp-29751,CsMgI3,8.379651429
mp-28369,GeH3Cl,
mp-23022,KClO3,
mp-23092,Ba2TaBiO6,
mp-30925,La(NO2)3,
mp-33746,SrCO3,
mp-3382,CaSiO3,
mp-21337,U2SnPd2,
mp-21346,U3Si2,
mp-28405,S(ClO)2,
mp-19885,InGaS3,
mp-21350,Pr2MgGe2,
mp-21357,U2Fe2Sn,
mp-3395,SrSeO3,
mp-487,MnP4,138
mp-28416,Ce3Sn7,
mp-19906,Zr2InNi2,132.1273883
mp-28423,Ga2TeSe2,
mp-23084,BiPbClO2,
mp-19910,Ce2MgNi2,
mp-19912,UMnSe3,
mp-21382,Dy2AlGe2,
mp-4900,BaCeO3,
mp-4901,Y2MgCu2,61.91494206
mp-28439,KSc2F7,
mp-3408,CeAlO3,
mp-23104,Pb2ClOF,
mp-23108,Cs2NaUCl6,
mp-23120,Cs2NaYCl6,
mp-23127,Ba2BiSbO6,
mp-23137,Ba2YBiO6,115
mp-23138,SbPbClO2,
mp-4952,La2MgNi2,
mp-19947,Pu2SnPt2,
mp-28473,CClF3,
mp-19955,Co2CuGe2,161.1336652
mp-19093,Ba2UNiO6,
mp-1079925,Sr2YCrO6,
mp-715496,Cr2O3,
mp-608386,Cs2NaMnF6,
mp-738575,V(HO)2,
mp-19406,La2MgMnO6,
mp-676437,CoPS3,
mp-6145,Ba2LuRuO6,
mp-819180,MnGeO3,
mp-611150,Cs2NaFeF6,
mp-651344,K2NaFeF6,
mp-6692,Ba2PrSbO6,
mp-1078185,Ba2LuSbO6,
mp-4675,NaTaO3,
mp-27552,TlPbI3,
mp-1078180,Sr2MgOsO6,
mp-1078188,LiOsO3,
mp-1078202,Yb2SnGe2,
mp-1078209,LiLa2FeO6,
mp-1078212,Li2B2C,
mp-24843,Ba2CoWO6,
mp-541449,CrGeTe3,13.58140118
mp-1078203,CsTlF3,
mp-1078231,Sr(GaRh)2,
mp-1078239,WBr4,
mp-1078253,MnB4,
mp-6653,Ba2ErNbO6,
mp-1078259,GaBO3,
mp-1078257,Sr(SnHg)2,
mp-7560,LuBO3,
mp-7027,InBO3,
mp-1078269,Sr2UCu2S5,
mp-1078277,Mn2FeWO6,
mp-1078280,Ca2GaPd2,
mp-22230,BaPbO3,
mp-1078291,LaCo2AsN,
mp-1078299,Fe(BMo)2,
mp-1078298,SbN(OF3)2,
mp-754019,Na4NpO5,
mp-1078304,Ca2AlPd2,
mp-1078197,H3CBr,
mp-1078316,Ce2AlRu2,
mp-1078326,Ca2GePd2,
mp-1078328,LaBiS2O,
mp-1078329,ZnPbO3,
mp-484,Te3As2,16.09801795
mp-1078348,CeGa3Pd,
mp-1078295,NaNbO3,
mp-19751,Ba2YbNbO6,
mp-19448,Ni3TeO6,156.8977415
mp-1078358,LiOsO3,
mp-1078362,Ca2AlPt2,
mp-1078366,Bi2S2O,
mp-505769,Eu(CuSb)2,
mp-1078377,LiNbO3,
mp-8697,ScBO3,160.8949177
mp-1078379,FeBiS2Br,
mp-1078391,CaZn(CO3)2,
mp-1078392,YSb(PbO3)2,
mp-4482,NaSbO3,
mp-1078397,LaBiS2O,
mp-1078398,CeAsO3,
mp-1078408,LaNi2AsN,
mp-1078456,K2Se2N,
mp-1078405,Ba2ThCu2Se5,
mp-1078429,EuGa3Pd,
mp-1078428,Ca2GaPt2,
mp-1078205,KRb2InF6,
mp-1078431,LaBiSe2O,
mp-1078250,Cs2AgBiBr6,
mp-18977,Ba2CaWO6,
mp-1078439,CeIn7Pt2,
mp-1078441,Ba2UCu2Se5,
mp-553281,Ba2LaNbO6,
mp-1078367,InNi2SbO6,
mp-1078354,Sr2CrOsO6,
mp-1078303,Ba2YOsO6,
mp-3771,MgTiO3,162.5160515
mp-1078458,CrFeO3,
mp-13935,Ba2YbReO6,
mp-1078470,TiZnO3,
mp-1078483,Ca2GePt2,
mp-1078491,LaFe2AsN,
mp-1078258,Cs2AgBiCl6,
mp-1078510,Na2ZnCl4O3,
mp-1078244,ScNi2SbO6,
mp-1078511,CuAsPtS2,
mp-1078539,Sr2MgMoO6,
mp-560374,YbNdS3,
mp-1078537,PrLuS3,
mp-1078544,Sc2InCu2,
mp-20689,Nb3B2,239.5278332
mp-3721,SrHfO3,155.8861575
mp-7447,Rb2Se3,
mp-1078556,Dy2NiAs2,
mp-19082,TiMnO3,159.1167278
mp-1078778,Ce(SbPd)2,
mp-1078567,Sr(BiPd)2,
mp-557382,Ba2ZnWO6,
mp-1078573,GeH4,
mp-1078579,Fe4C,
mp-1078580,Sr2TiMoO6,
mp-13939,Sr2ErReO6,
mp-1078616,CeSb3Pd,
mp-1078605,Pt(NCl)2,
mp-1078631,SrBiS2F,
mp-1078473,MnCO3,
mp-1078630,Ba2ThCu2S5,
mp-1078636,Ba2ZnAs2,
mp-1078649,U(NiAs)2,
mp-28453,CsAuI3,
mp-614792,CsNiF3,
mp-1078667,GeH4,
mp-1078671,Sr2CaWO6,
mp-1078670,EuHO3,
mp-1078672,Ce2CdCu2,
mp-15955,Y(BC)2,
mp-19417,TiFeO3,
mp-14039,K2NaRhF6,
mp-1078713,Tb(SiIr)2,
mp-1078727,Ba2BiIrO6,
mp-1078738,Er2InCu2,
mp-1078741,Ba2CuOsO6,
mp-1078748,Sr2TaInO6,
mp-1078751,Na2PdSe2,
mp-1078750,NaCaH3,
mp-1078411,Sr(SnAu)2,
mp-1078771,Tb2Ni2Sn,
mp-25173,MgPb2WO6,
mp-865403,Tm2MgGe2,
mp-1078776,InBiS3,
mp-19376,TiMnO3,145.1388422
mp-1078791,C2N3,
mp-1078792,U(GePt)2,
mp-1078793,Th(GePt)2,
mp-1078518,Sr2NiIrO6,
mp-1078802,LaVGe3,
mp-1078810,Sc2SnAu2,
mp-613,Te2Pd3,
mp-1078818,Mg2NiH2,
mp-1078829,Gd2Cl3,
mp-1078848,OsBrN5Cl2O,
mp-1078849,Ca(GaP)2,
mp-1078815,NbSe4,
mp-1078854,ErNiGe3,
mp-1078866,Y(BC)2,
mp-1078874,Ba2CeTaO6,
mp-1078878,Ho2InNi2,
mp-1078889,La(AsIr)2,
mp-1078891,Sm(NiB)2,
mp-1078898,Gd(BC)2,
mp-1078908,Ca2CdP2,
mp-1078914,Li5Br3O2,
mp-1078916,Tm2InCu2,
mp-1078913,Rb3CeF6,
mp-569548,CsAuBr3,
mp-1078933,NaCaH3,
mp-1078932,Ca(BH)2,
mp-1078460,Li2CuSn2,
mp-1078939,MnNF3,
mp-1078948,Nd(BIr)2,
mp-1078957,Ta3Be2,
mp-1080738,Sn2MoOsO6,
mp-1078965,Cs2Sb2Pd,
mp-1078971,VPS3,
mp-1078978,Yb2CdGe2,
mp-1078980,Eu2ZnP2,
mp-1078996,Nb3Si2,
mp-1078995,Sr2MgTeO6,
mp-818838,TiFeO3,
mp-1079021,YbCeS3,
mp-1079029,Al2S3,
mp-1079033,Sm(NiAs)2,
mp-1079040,CsDyBr3,
mp-1079044,TmNiGe3,
mp-27178,HgPS3,
mp-1079052,Er2CdGe2,
mp-1079047,Sm2CoGe2,
mp-1079053,B2Mo3,
mp-1079050,LaAsO3,
mp-1079056,ZrTi(PbO3)2,
mp-1079059,Er2InAu2,
mp-539,Ga2S3,30.68435297
mp-1079089,Dy(SiIr)2,
mp-1079090,Er3Sn7,
mp-1079094,Sb2Te3,
mp-29617,V3Sb2,
mp-1079096,Cs2NaLaBr6,
mp-1079110,Hf3AlN,
mp-1079112,Y2InPd2,
mp-1079113,Ba2SrUO6,
mp-1079120,Nb(BMo)2,
mp-1079127,Ti2H3,
mp-755382,BiSbO3,
mp-1079130,Ba2ZnBi2,
mp-1079135,Nd2CdGe2,
mp-1078668,NiPbO3,
mp-25089,Sr2NiWO6,
mp-1079149,Ba2ZnSb2,
mp-1079166,Tb(GePt)2,
mp-1079159,Ta2O3,
mp-1079170,NaZnBr3O5,
mp-1079171,NdNiGe3,
mp-1079169,Ba2NdIrO6,
mp-1079197,Ho(SiIr)2,
mp-1079200,SnNF3,
mp-1079205,Tb2NiAs2,
mp-1079211,Ce(PIr)2,
mp-1079218,Ho3Sn7,
mp-1080110,Ti(NF2)3,
mp-30846,Sn3Pt2,101.7814158
mp-1079230,SnH4,
mp-1079232,Cs2HgPdCl6,
mp-1079251,W2N3,
mp-1079255,Tb(BIr)2,
mp-1079262,Pt(NCl)2,
mp-1079264,Nb(SBr)2,
mp-19168,LaMnO3,
mp-1079273,La3Sn7,
mp-2920,LaAlO3,181
mp-1079288,Pr(PRh)2,
mp-19403,Ba2CaMoO6,
mp-1079290,C3IN,
mp-1079303,GdNiGe3,
mp-1079306,Sr3Fe2O5,
mp-9208,V2B3,280.3582038
mp-1078725,Ba2UZnO6,
mp-1079391,Sr2LaCrO6,
mp-1079311,Nd(PRh)2,
mp-1079221,Th(SiPt)2,
mp-1078929,Hg2Br2N,
mp-540570,MgVO3,
mp-1079334,SrTcO3,
mp-1079339,K2NaMnF6,
mp-510294,Sr2CuWO6,
mp-1079335,Er(NiB)2,
mp-1079111,EuTiO3,
mp-1079347,La(AsRh)2,
mp-1079348,B3Os2,
mp-1079351,Sr2CuMoO6,
mp-1079355,Nd(AsRh)2,
mp-1079356,NbCrN3,
mp-19127,Sr2FeMoO6,
mp-1078487,Zn(NCl)2,
mp-1079374,ThTaN3,
mp-1079377,Si2W3,
mp-1079383,Ce2InCu2,
mp-1079388,Nd(BRu)2,
mp-1079406,Eu(SnPd)2,
mp-1079409,Ca(NCl)2,
mp-1079413,Zn(OF)2,
mp-1078588,BaTaSe3,
mp-5470,AgPS3,
mp-1079427,Na2CuO2,
mp-1079428,Sm(BIr)2,
mp-1079430,Sm(BC)2,
mp-1079439,Fe(ClO2)3,
mp-1079449,Nd(SiIr)2,
mp-1079450,CoTe(PbO3)2,
mp-655360,UI4,
mp-1079447,Ni(ClO)2,
mp-1078278,CrB4,
mp-1079462,Sm(GePt)2,
mp-1079461,Ag2IOF,
mp-1079458,Cs2NaCeCl6,
mp-1079481,AlSBr3,
mp-1079489,Zr2InAu2,
mp-7819,Pd4S,147.2513223
mp-1079487,Nb(SBr)2,
mp-1079498,Pr2InCu2,
mp-1079501,Tb2InAu2,
mp-1079513,K2As2Pt,
mp-1079508,Y2InCu2,
mp-1078732,V(NF2)3,
mp-1079510,Lu2InNi2,
mp-1079516,Cu(ClO)2,
mp-1079136,U2InPt2,
mp-1079192,Sr2GdRuO6,
mp-1079518,Er(SiPt)2,
mp-8695,MnPSe3,
mp-30943,MgPSe3,11.62662797
mp-19182,Ba2CaWO6,
mp-31515,Sr2CoReO6,
mp-1079523,CoO4,
mp-1079560,Nb2CrB2,
mp-31144,Rb3Au7,
mp-1079563,Ni(ClO)2,
mp-1079613,Sm(GeIr)2,
mp-1079576,Y2InNi2,
mp-1079578,Tb(BC)2,
mp-601706,FeBiO3,
mp-1079615,Ba2UCdO6,
mp-1079629,Mg(BC)2,
mp-1079633,Fe(BrN)2,
mp-1079588,Nd2InNi2,
mp-676058,V3NiS6,70.1136336
mp-557296,Sr2MnSbO6,
mp-1079600,Cs2S3,
mp-1079609,Bi(BO2)3,
mp-1079618,TbAl4,
mp-1079584,U2InIr2,
mp-1079620,Cr(ClO)2,
mp-1079632,Ba2CeNbO6,
mp-1079644,Tm2CdGe2,
mp-2832,Cr2Se3,
mp-1079659,Ta(BMo)2,
mp-1079664,Nd2InNi2,
mp-1079666,Ba2CdAs2,
mp-1079667,Tm2CoGe2,
mp-1079670,TmSb(PbO3)2,
mp-1079672,KSnN3,
mp-1079676,LiBeH3,
mp-1079705,Ba2LuTaO6,
mp-1079686,BaHo(CoO3)2,
mp-1079691,CeAlH2Ir,
mp-1079692,Y(CO2)3,
mp-1079697,SmPRu2C,
mp-1079704,Tb3Sn7,
mp-1079706,Ti5Al2C3,
mp-1079715,LuNiGe3,
mp-1079726,Zr2SeN2,
mp-1079723,Mg(IN)2,
mp-458,Ti2O3,215.7123043
mp-622596,BaLaMnMoO6,
mp-18995,Ba2FeMoO6,
mp-1079737,OsIN5Cl2O,
mp-1079749,Tm(BC)2,
mp-1079752,SnPS3,
mp-1078830,RbSeO3,
mp-1079754,NiPSe3,
mp-1079757,La2InNi2,
mp-1078904,Sb2Te3,
mp-2928,FePSe3,
mp-1079772,Ca(InP)2,
mp-1079773,Nd(GePt)2,
mp-11659,BaTi(BO3)2,
mp-1079778,Sr2ZnWO6,
mp-1079779,Tb2InCu2,
mp-1079781,LiCaAl3,
mp-1079785,Y2CdGe2,
mp-1079798,Sn(CCl)2,
mp-1079803,Th(BOs)2,
mp-1079812,B9N,
mp-1079822,Hf2InPd2,
mp-1079824,Th(CoP)2,
mp-1079837,Gd(BOs)2,
mp-1079838,Dy2CdGe2,
mp-1079840,Dy2Ni2Sn,
mp-1079841,Pr(GePt)2,
mp-1078907,Ba2GdMoO6,
mp-510546,Sr2CoMoO6,
mp-865747,Y2MgGe2,71.81072638
mp-1079864,C2NClO,
mp-1079871,Cs2KSmCl6,
mp-698039,Cs2KNiF6,
mp-1079886,Eu(BC)2,
mp-1079893,BaTiSe3,
mp-1079891,Ba2Br2O,
mp-1079895,Np3Si2,
mp-1079897,SmAl4,
mp-1079900,Dy(NiB)2,
mp-1079902,SnH4,
mp-1079480,Tb3Ni2,
mp-1079921,HoNiGe3,
mp-1079918,CaCO3,
mp-1079935,LiCaH3,
mp-1078443,As2Se3,
mp-1079939,FeH4,
mp-1079951,Na2CoSe2,
mp-1079954,Er2InNi2,
mp-28508,Cd(HO)2,
mp-1079959,Th(GeIr)2,
mp-1079648,U(GeRh)2,
mp-1079967,Ba(SbPd)2,
mp-1079559,CdPSe3,
mp-1079975,U(CoGe)2,
mp-1079978,LaNb2O7,
mp-1079562,UFeSe3,
mp-1079988,La2Al2Ge,
mp-1079994,Y(NiB)2,
mp-1079995,YbPrS3,
mp-1079999,Zr2NiP2,
mp-1080000,CdNCl3,
mp-4419,NaNbO3,133
mp-1078742,U(GeIr)2,
mp-1080017,Cs2NaLaCl6,
mp-1080005,Cs3Li2Br5,
mp-1080028,Sr2ZrTiO6,
mp-31496,Li2Sn2Au,47.44943719
mp-1080042,IrC4,
mp-1080052,LiIO3,
mp-1080049,Sr(ZnSn)2,
mp-4497,Si2N2O,
mp-1080060,LaAlO3,
mp-1080061,Dy(SiPt)2,
mp-1080068,CuCO3,
mp-23516,Cu2Cl2O,
mp-680731,Tl2Te3,
mp-1079144,BaNd(CoO3)2,
mp-1080104,Pr(BIr)2,
mp-1080122,Bi2O3,
mp-1080124,CdCl4,
mp-1080130,U2SnPt2,
mp-1080133,SrGa3Pd,
mp-11441,Hf2Ga3,116.6738501
mp-1078336,NaCoF3,
mp-1080140,SnPS3,
mp-1080146,Pu3Si2,
mp-1080118,Dy2InNi2,
mp-907688,U(SiPt)2,
mp-1080176,Gd(BC)2,
mp-1080181,Pr2InNi2,
mp-1080183,La(PRh)2,
mp-1080180,Eu(GePt)2,
mp-1080184,LaIO3,
mp-1080232,CsSrI3,
mp-622599,BaLaTaMnO6,
mp-3666,LiTaO3,123.2680488
mp-24854,CoCO3,115.8745019
mp-1079437,4-Feb,
mp-18814,MnCO3,99.37209652
mp-1095118,Sr2ZrCrO6,
mp-1080428,NbBr4,
mp-1080432,K2Se2O,
mp-1078361,Fe2O3,
mp-18965,BaCoO3,86.05420592
mp-18986,Ba2MgWO6,
mp-1080439,P4Ru,
mp-1080460,Mo(BrO)2,
mp-1079724,Pt(NCl)2,
mp-1080474,FeNCl3,
mp-1080475,Zn(BrN)2,
mp-1079971,Sr2ZnMoO6,
mp-1080507,Ca2TiMnO6,
mp-1078331,Sb2Te3,
mp-1080537,K2NaVF6,
mp-1080515,Nd(BOs)2,
mp-21101,U(SiPt)2,
mp-1080523,Ho3Ni2,
mp-1080529,SrTiS3,
mp-1080531,Tb(GeIr)2,
mp-20196,NbTe4,34.84384017
mp-1080533,U(SiAu)2,
mp-1080543,Np2InPd2,
mp-3342,ZnPS3,
mp-616378,CsSnI3,16
mp-1080534,Cs2Li3I5,
mp-1080078,LaCrGe3,
mp-1080558,Nd(GeIr)2,
mp-1080559,In(GaAu)2,
mp-1080575,SrZrO3,
mp-1080584,LaCo5H4,
mp-1080586,Sn4Ir,
mp-1080587,CdNCl3,
mp-1080595,Gd2CoSi2,
mp-1079338,Ba(BrO)2,
mp-1080606,La(SiPt)2,
mp-1080617,GeH4,
mp-1080614,Cs2Sb2Pt,
mp-12525,Sr2LiReO6,
mp-4243,CaIrO3,
mp-1080646,Y(SiPt)2,
mp-8613,MnPS3,
mp-1080657,SiS4,
mp-1080672,Th(BRu)2,
mp-1080677,Tl2Se3,
mp-1080693,Cs2Bi2Pd,
mp-1078625,Tm2InAu2,
mp-1080702,Ba(CuSb)2,
mp-1079416,ZrTi(PbO3)2,
mp-1080722,Nd2CdCu2,
mp-1080710,Ho2InAu2,
mp-1080713,Er2Ni2Sn,
mp-1078261,Ho2Ni2Sn,
mp-1080719,Sr2YTaO6,
mp-1080714,Li2AgSn2,
mp-3731,LiNbO3,102.3931874
mp-1080711,N2,
mp-1080727,SnNF3,
mp-1080729,CePRu2C,
mp-1080734,Ce(BOs)2,
mp-1627,Mo2S3,99.31160011
mp-1080757,Ta2CrB2,
mp-2826,Lu2S3,77.19722998
mp-1080767,Eu(BiPd)2,
mp-5076,SrZrO3,
mp-1080762,NpGa4,
mp-1080773,Pr(AsRh)2,
mp-1243,Ga2O3,
mp-25014,MnGeO3,
mp-1080789,Sb2Te3,
mp-1080794,TbPRu2C,
mp-1080796,PuIn7Pt2,
mp-1080792,KICl2O,
mp-1080800,Th(CoAs)2,
mp-13641,TiCdO3,150.1238069
mp-1080801,NdLuS3,
mp-19051,LaCoO3,
mp-1080799,CuNF3,
mp-1080818,Ho2CoGe2,
mp-1080812,TmSb(PbO3)2,
mp-1078871,LaGaO3,
mp-1080814,Lu2InCu2,
mp-1080816,Cr3PN,
mp-30686,Zr2Ga3,110.7286665
mp-14142,TiZnO3,170.6852412
mp-1080825,C3NCl,
mp-1080828,KCuF3,
mp-18969,FeCO3,111.2311885
mp-1019544,BaZrO3,142.9757887
mp-1080842,Ba2UPbO6,
mp-1080840,K3SmN6,
mp-557639,Ni3TeO6,
mp-1084749,TiZn(BiO3)2,
mp-6504,BaMg(CO3)2,
mp-13073,PrNiGe3,
mp-1084761,Cr2InPd2,
mp-1084760,CaBO3,
mp-754329,CdSnO3,
mp-1079331,Pt(NCl)2,
mp-1084771,Be3P2,
mp-865129,Lu2MgGe2,
mp-1078734,Co(IN2)3,
mp-4531,NaNO3,27.39615013
mp-18771,Sr2CoWO6,
mp-1080041,Cs2NaBiCl6,
mp-1084797,Ho(BC)2,
mp-1084804,Nd(BC)2,
mp-1084815,Nd(SiPt)2,
mp-675651,MgPS3,
mp-1084823,Sr2CrSbO6,
mp-1084826,Nd2Co3,
mp-18857,Sr2FeMoO6,
mp-1084838,Y(GePt)2,
mp-1084840,TiZn(BiO3)2,
mp-22323,In2O3,151.0039997
mp-863723,Ho2MgGe2,
mp-13005,LaCrGe3,
mp-1086653,Yb(BC)2,
mp-19059,Ca2FeWO6,
mp-1078634,LaFeO3,
mp-1086660,Nb2FeB2,
mp-1080058,KIO3,
mp-1086666,Sr2TaInO6,
mp-1087218,Pr(NiAs)2,
mp-690590,SrLaMnRuO6,
mp-1078868,Sr2MgReO6,
mp-1087230,Si2Mo3,
mp-1087235,TbNiGe3,
mp-1087236,Ba2AsSe4O3,
mp-551918,AlBiO3,128.1214096
mp-1087228,Er2NiAs2,
mp-5328,CdPS3,
mp-1087476,K2Mg5Sn3,
mp-1087478,DyNiGe3,
mp-1080080,LaAlO3,
mp-1087498,Ce(AsRh)2,
mp-1079403,Sr2CoOsO6,
mp-1087509,P4Os,
mp-861620,LaZn4,
mp-1087538,Sm(SiIr)2,
mp-14294,Ba2YbSbO6,
mp-1087519,C2BrNO,
mp-22817,TaTe4,
mp-1091362,Li(NdSi)2,
mp-19399,Cr2O3,
mp-1091368,SrTa2O7,
mp-1091371,Bi2O3,
mp-1079708,N2O3,
mp-1078551,Ba2NdMoO6,
mp-1091380,Sr(ClO)2,
mp-1091386,Lu2CoGe2,
mp-8249,TlPS3,
mp-1091390,Ca(GePt)2,
mp-8257,Na2ZnS2,
mp-1091391,BaTl4,
mp-1091394,Ba2NaIO6,
mp-867301,Tb2MgGe2,
mp-1078718,Tb2InNi2,
mp-1092225,CeLuS3,
mp-8680,Ce(BIr)2,
mp-1092278,Mn(BMo)2,
mp-1092291,Sm(GePt)2,
mp-18967,Ba2CoMoO6,
mp-1092301,La(GaPd)2,
mp-1079630,Ba2TaInO6,
mp-19339,LaNiO3,
mp-1087507,Ce(BC)2,
mp-1079901,Ba2CrMoO6,
mp-7446,Rb2S3,
mp-1080023,MoOs(PbO3)2,
mp-1094034,Ti3C2,
mp-1094046,Ti(HO)2,
mp-1094075,P,
mp-1080506,Sr2TaInO6,
mp-1094112,NbOF3,
mp-7617,Rb3YF6,
mp-1079477,Ba2VMoO6,
mp-10413,AgB(CN)4,
mp-1080753,NaPb2IO6,
mp-1084766,Co(IN2)3,
mp-550579,ScTa(PbO3)2,
mp-1095111,Pr(CuSn)2,
mp-638008,KRb2VF6,
mp-631229,Rb2NaMnF6,
mp-651002,KRb2CrF6,
mp-556251,TiNiO3,
mp-637384,Cs2KVF6,
mp-566581,KRb2CoF6,
mp-819044,TiMnO3,
mp-1079759,Nd2ScSi2,
mp-818781,MnCO3,
mp-906708,Ba2FeMoO6,
mp-1080491,PuGa4,
mp-611990,KMnF3,
mp-654932,Ba2LaRuO6,
mp-908533,Sr2CuWO6,
mp-914067,Ba2SmMoO6,
mp-628821,Cs2KMnF6,
mp-556816,TiFeO3,
mp-1092271,Ce(BIr)2,
mp-1080670,Sr2LaCoO6,
mp-621363,K2NaCrF6,
mp-1099573,CuAgF3,
mp-714977,Fe2O3,
mp-650767,Rb2NaCrF6,
mp-917381,CuGeO3,
mp-908116,MnPSe3,
mp-566532,LaMnO3,
mp-1095029,Dy(BIr)2,
mp-1079007,Ce3Si2,
mp-1095035,Eu2InPt2,
mp-1080787,Sr2GdRuO6,
mp-1095046,La(GeIr)2,
mp-23160,ThBr4,
mp-20683,Cu3Se2,74.44733318
mp-1095058,Er(BC)2,
mp-1095065,Sm2InNi2,
mp-1095055,Fe(NF2)3,
mp-1095068,Lu(BC)2,
mp-1095072,Sm(PIr)2,
mp-1095071,Ce(GaPd)2,
mp-1095076,Ta2FeB2,
mp-669913,Sr2Pb3,
mp-1095074,Ba2GdMoO6,
mp-1095083,Sm2CdGe2,
mp-13008,NdCrGe3,
mp-1095079,K3AlF6,
mp-542734,Rh2O3,
mp-1095100,U2SnIr2,
mp-862697,Er2MgGe2,
mp-621689,KRb2NiF6,
mp-1080037,Th(SiIr)2,
mp-1095110,Ba2SmMoO6,
mp-1078906,CoTe(PbO3)2,
mp-18937,V2O3,202.1786608
mp-1095109,Ba2BiIrO6,
mp-1095117,Pr(BC)2,
mp-7904,CdP4,55
mp-1340,Ga2Se3,27.57651974
mp-1095131,SrTa2O7,
mp-886,Ga2O3,155.3568247
mp-1095136,La(BOs)2,
mp-1095141,Sr2MnMoO6,
mp-1095139,SnPO3,
mp-1095144,La2InNi2,
mp-1095140,Er2CoGe2,
mp-19389,Ba2NdMoO6,
mp-1095147,MnInO3,
mp-1095152,Lu2InAu2,
mp-1095164,Gd(BRu)2,
mp-1095160,Eu2InPd2,
mp-1143,Al2O3,231.8769888
mp-13854,B3Ru2,
mp-1095167,Ba2SrUO6,
mp-24932,FeBiO3,109.105981
mp-1095180,Ca2CdAs2,
mp-1095187,Nb2O3,
mp-1078595,H4W,
mp-5327,Na4UO5,
mp-676040,NiPS3,
mp-1095204,Tm2Ni2Sn,
mp-13931,Ba2TbReO6,
mp-1021504,Ba2NbFeO6,
mp-6122,Ba2NdSbO6,
mp-690558,SrLaMn2O6,
mp-384,MgP4,57.76690961
mp-1096790,CuPbBr3,
mp-1096987,FeCo9,
mp-1096885,Cr3N2,
mp-1096926,Cs2InAgCl6,
mp-1096939,CuGeI3,
mp-754401,Al2O3,94.62943712
mp-1080746,Dy(NiBi)2,
mp-1079540,La(SbPd)2,
mp-1096852,BaNiCl3,
mp-1096838,Ba(AgO)2,
mp-1080123,Ba2LaIrO6,
mp-1096853,Ba2NbFeO6,
mp-1080470,Ba2SmOsO6,
mp-27253,Au2O3,81.32783281
mp-1097048,LaCuO2F,
mp-546321,Ba2NdBiO6,
mp-20723,Ca2PbAu2,
mp-1080725,SnH4,
mp-1096882,Cr3N2,
mp-1096988,GaCuBr3,
mp-1078274,Ca2SnGe2,
mp-1097043,LiFeF3,
mp-1022724,CaC4,143.1698657
mp-546190,Ag2O3,
mp-10302,Ba2ScIrO6,
mp-558955,Ba2CoReO6,
mp-573473,Eu(SbPd)2,
mp-991139,Ba2PrRuO6,
mp-796253,Fe2O3,
mp-550423,Ba2UCuO6,
mp-557643,Na2CoS2,
mp-555056,SbS2NCl6,
mp-22950,CsNiCl3,15
mp-7670,K2Se3,
mp-1078833,Tb(AlAu)2,
mp-561813,Cs2MnS2,
mp-556769,K2CoS2,
mp-1078860,SrGeAu3,
mp-569106,Yb2CdSb2,33.19478541
mp-1080573,V3PC,
mp-1079764,La(AlPd)2,
mp-1078220,CrGeTe3,
mp-917370,MnPS3,
mp-22962,CsTiBr3,15.24497975
mp-19238,Co(PtO2)3,194.6916969
mp-13109,SrHfO3,156.3945625
mp-8208,Mg(PtO2)3,189.060218
mp-27255,Ga2TeS2,24.94695576
mp-13583,Sc2Si2Ru,122.1705425
mp-18765,Na2NiO2,59.05884061
mp-13993,Ti3NiS6,71.54015195
mvc-15307,Ca2TiN2,
mp-675830,FeCu5S4,
mp-546810,Rb(CO)2,
mp-983357,H3F2,
mp-1078409,Ba2LaBiO6,
mp-552056,PbCClO2,
mp-6459,CaMg(CO3)2,89.40632
mp-989534,LaMoN3,
mp-556953,RbPS3,
mp-1079330,MgVO3,
mp-1079839,Ba2GdMoO6,
mp-566698,KCrF3,
mp-623098,Ca2FeWO6,
mp-23548,AgBiO3,
mvc-16529,Ca2CrWO6,
mp-22077,Gd3Pd2,
mp-22272,Ba2UCuO6,
mp-13056,Ba2LaTaO6,
mp-21450,Nd2InPd2,
mp-21870,Pr2InPd2,
mp-22942,BaBiO3,
mp-866066,B2S3,20.15415663
mp-867932,Sm2MgGe2,
mp-8932,Cs2SiP2,
mp-31793,FeP2O7,
mp-542776,PuAl4,
mp-13445,Rb2As2Pt,
mp-1079322,Hg2Br2N,
mp-31529,CoP2O7,74.48361318
mp-32455,VP2O7,
mp-21218,La(GePt)2,
mp-35835,Ag(AuS)2,
mp-25524,FeAs2O7,
mp-504708,CsCoCl3,15.08226346
mp-20576,Ge2Pt3,
mp-568887,RbCrCl3,
mp-19945,Gd2MgGe2,
mp-567698,CsTiI3,10.19017193
mvc-5737,Ca2CoWO6,
mp-20452,Ba(MgPb)2,32.00565679
mp-557805,MnBiS2Br,
mp-561766,FeBiO3,
mp-21344,CuGeO3,
mp-567931,InSiTe3,
mp-558258,Eu2I2O,
mp-27769,V3AsC,
mp-22511,Ce2MgGe2,
mp-20000,Nd(NiSn)2,
mp-32580,Ga2Te3,
mp-21358,Ce(SnIr)2,
mp-510315,Ce(GeIr)2,
mvc-6039,Zn2MoWO6,
mp-567694,La2C2Cl,
mp-20959,Ce2InGe2,
mp-21389,Eu3AuO6,
mp-20816,Gd2AlGe2,
mp-29616,CsCrCl3,
mvc-12168,Ca2MnWO6,
mp-541013,TiI4,2
mp-9902,Sc2CoSi2,122.5309402
mp-574639,Sr(CuSb)2,
mp-547522,BaPbO3,
mp-1079082,Ga2S3,
mp-1078806,FePS3,
mp-554931,CF4,
mp-1100921,V7O3,
mp-1087506,CuGeO3,
mp-1095132,Ga2O3,
mp-782695,Li4CoOF5,
mp-698,U3O8,
mp-754760,Eu(ReO4)2,
mp-656880,Y2Mn2S2O5,
mp-6929,Ca2As2O7,
mp-759568,LiBiP2O7,
mp-7273,Te8Rh3,
mp-8896,Sr2B4Rh5,
mp-8895,Ca2B4Rh5,
mp-765404,Li2V(CO3)2,
mp-780835,Li5FeO3F2,
mp-8127,K2Mg(CO3)2,
mp-9259,Ba2Mg(BO3)2,
mvc-13032,Ba2Cu2HgO6,
mp-672257,Tm2Ga8Fe,
mp-7193,Lu2Si2O7,
mvc-11334,Ca3(CuO3)2,
mp-8864,Li(Co3P2)2,199.2233533
mp-7079,CaZrSi2O7,
mp-762624,Li2Mn(NiO3)2,
mp-640597,Ce3(AgGe)4,
mp-639910,Y(Sn3Ru2)2,120.1579944
mp-762412,Li2Mn3O6,
mvc-13028,CaCu2F8,
mp-762391,Li2(NiO2)3,94.94347736
mp-7064,Er2Si2O7,
mp-9903,U3(SiNi)4,
mp-753651,SrLa2Cl8,
mp-744274,Fe(Si2O3)2,
mp-624492,Li(Fe3Ge2)2,135.1079311
mp-634381,V2Zn2O7,111.0087108
mp-674708,Rb4N4O3,
mp-754198,Ba(LaI4)2,
mp-674325,Rb4CO6,
mp-975640,Pr3(CuSn)4,
mp-9102,RbVP2S7,
mp-771973,BaLa2Cl8,
mp-684958,TaO10,
mp-762271,Li2V3O6,106.6856957
mp-7080,Li5(NiN)3,78.76283374
mp-762266,Li2Cu2F7,
mp-574262,Ce4C2Br5,
mvc-15991,Mo3O8,
mp-676180,U4Be2C5,
mp-7147,KCrP2S7,
mp-989460,B2(CN2)3,4.831665091
mp-989459,B2(CN2)3,
mp-685011,Te8I3,
mp-9888,Ir3Se8,83.57523946
mvc-11351,Ca3(CrN3)2,
mp-7693,BaTm2F8,
mp-6023,Tl2Sn(AsS3)2,
mvc-12826,Ca3(CoO3)2,
mp-985468,Er2Ga8Co,
mp-655297,K2PdN2(ClO2)2,
mvc-13706,Cr3O8,
mp-768222,BaY2F8,
mp-11176,Ca3(SiIr)4,131.5636431
mp-3179,Tb3(CuSi)4,
mp-5594,Sc2Si2O7,158.9482731
mp-3852,Tb3(CuGe)4,
mp-5652,Y2Si2O7,138.9397144
mp-5618,Mg2As2O7,104.4856652
mp-2874,In2Si2O7,152
mp-561871,Co2As2O7,
mp-677516,Rb5NO5,
mp-762268,Li3V2O6,86.71845847
mp-676229,Rb5NO5,
mp-675987,Ag7(SI)2,
mp-675766,K4CO6,20.59003087
mp-621619,Gd3(CuGe)4,
mp-613733,K2PdN2(ClO2)2,
mp-612175,Eu3(AsPd)4,
mp-8090,Cu2P2O7,
mp-768240,BaY2F8,
mp-783902,Dy2V2O7,
mp-782702,Ni5O6,124.7881761
mp-9694,Tm3(GePd)4,
mp-753693,Ho2Ge2O7,
mp-775433,Li2Ni(PS3)2,
mp-541600,RbLaTa2O7,
mp-308,U3O8,
mp-632402,LiCaUF8,
mp-764999,Li2(CoO2)3,31.57013471
mp-867714,Li2Fe(PS3)2,
mp-14344,Yb2(NiB2)3,
mp-11017,KCd(NO2)3,
mp-760546,LiCu2(CO3)2,
mp-769466,Y2Ge2O7,
mp-567545,K(In3Au2)2,
mp-753495,Sb3O7F,
mp-753459,Nb3O7F,213.5427069
mp-569617,Ca3Zn2(CuP2)2,
mp-753081,Li3(CuO)4,60.3306925
mp-764325,V3(OF)4,
mp-752926,LiTiP2O7,
mp-753156,La2Th2O7,
mp-755194,Er(ReO4)2,
mp-764204,LiV2OF7,
mp-676816,La2PbF8,
mp-752477,K3NaFeCl6,
mp-770845,Li2Al2FeO6,
mp-761285,Sc2V2O7,138.9394162
mp-867701,Li6CuS4,35
mp-4071,Er2(NiB2)3,
mp-770649,Li5NbO5,98.60010686
mp-760539,Li2Ti3O6,107.081344
mp-770603,Li5CrO5,
mp-767042,Li5MnO3F2,
mp-760401,Nb3O7F,189.0793327
mp-760400,Na5BiO5,
mp-637614,Zn3(InS3)2,53
mp-766964,Li2Fe2SiO6,
mp-766908,Li5VO3F2,
mp-763708,Li2TiV2O6,
mp-759876,Na5SbO5,
mp-763691,Li2(FeO2)3,
mp-11018,TlCd(NO2)3,
mp-763576,Li3(FeO3)2,80.30408592
mp-19989,Ce2In8Co,
mp-31015,Ta3SBr7,
mp-21493,U2Ga8Ru,
mp-31017,Ce4B2N5,
mp-31029,Nd2Ni5B4,
mp-29914,Er7(NiTe)2,
mp-31054,La3(VN3)2,
mp-20082,Yb(As2Rh3)2,
mp-3107,Ga3PO7,150.1214333
mp-28629,Ta5B6,
mp-757826,CsCa(NO2)3,
mp-34421,CdBi3O7,
mp-27171,Hg2P2S7,
mp-765182,Li3VF7,34.44857772
mp-3471,La2Ni5B4,
mp-34579,Na3HfF7,40.27826052
mp-30192,Pr4Se3O4,
mp-20352,Ba3In2O6,
mp-23709,Mg(AlH4)2,14
mp-30242,Mg4H2O5,79.34182183
mp-34036,NbBi3O7,
mp-22043,TlCd(NO2)3,
mp-35397,Bi2WO8,65.65819098
mp-28939,U4Te3O4,
mp-22039,Dy3(CuGe)4,
mp-505200,CoCuP2O7,
mp-1095411,EuIn2(GeIr)4,
mp-29005,U(Cr3P2)2,
mp-505292,Nd3(CuGe)4,
mp-24030,ZrP2(HO3)2,
mp-29057,Nb3SBr7,12.518356
mp-20624,La2(Zn2Ge)3,
mp-11016,RbCd(NO2)3,
mp-22378,CsCd(NO2)3,
mp-36225,Na3ZrF7,
mp-27587,Li8Pb3,
mp-505517,BaNb4O6,185.0776952
mp-3683,Ho3(CuGe)4,
mp-31404,Mg5Si6,
mp-31405,Mg4AlSi6,
mp-20748,Dy4In(NiGe2)2,
mp-36890,TaBi3O7,
mp-29201,TbCd2F8,
mp-37315,Mg3(HO3)2,
mp-37430,Na4S2O5,
mp-31423,Ho3(CuSi)4,
mp-22418,Sr3(SnIr)4,94.16010875
mp-37947,Na4C2O5,
mp-20844,Dy3(CuSn)4,
mp-22490,Sc3(NiGe)4,126.6496306
mp-22597,RbCd(NO2)3,
mp-27862,UTa2O8,
mp-627380,Mn(ReO4)2,13.66806516
mp-29364,Li5SbO5,
mp-29365,Li5BiO5,
mp-21869,Gd(Sn3Ru2)2,
mp-22583,KInP2S7,
mp-18807,V2Zn2O7,110.5767259
mp-31516,Co(ReO4)2,23
mp-18924,Sr3(FeO3)2,108.7540802
mp-5427,Mg2P2O7,116.4608842
mp-23133,Sr2Cu3(BrO2)2,
mp-571419,Zr2Al4C5,182.8685694
mp-567241,Pr3(AgSn)4,
mp-567248,Yb4Mn2Sn5,
mp-542752,Ce4Co2Sn5,
mp-542824,Ce3(AgSn)4,
mp-542881,Ce3(CuSn)4,
mp-763498,LiP2WO7,
mp-763323,LiMn2(BO3)2,
mp-770101,Li5MnO5,
mp-770094,Y2V2O7,125.0633263
mp-763318,LiCo2(BO3)2,
mp-676038,Ga5(PS)3,
mp-675266,Ca3(HO3)2,
mp-769904,V2Si2O7,188.4167025
mp-767352,Mn5O5F,
mp-769888,Ho2V2O7,
mp-765788,Li5VO3F2,
mp-643013,ZrP2(HO3)2,
mp-568168,Rb(In3Au2)2,
mp-38102,Na3CeF7,
mp-613839,Tb3(MnGe)4,
mp-552028,Nd2Ti2S2O5,
mp-867750,Ti3PO7,
mp-755013,Li5TaO5,
mp-861268,LiLaNb2O7,
mp-764683,Li5NiO3F2,
mp-754621,Sm2Ge2O7,
mp-758594,Li(Fe3P2)2,175
mp-605650,Ba5Ga5Pb,
mp-754262,Zn2As2O7,103.5674608
mp-31928,LiMnP2O7,
mp-602393,La4Ni3Pb4,
mp-753802,Sc2Ti2O7,137.4199658
mp-753747,Ta3O7F,
mp-601846,Yb2In8Ir,
mp-765359,Li5VO4F,
mp-627151,Zr(MoO4)2,
mp-757872,Li2Ag3F6,
mp-768241,Dy2Ge2O7,
mp-763080,Li2Fe2CoO6,
mp-765201,Li4MnOF5,
mp-755380,Ce2Dy2O7,
mp-765184,W3O7F,227.8165335
mp-849389,Li2Fe(CuO3)2,
mp-768063,V2P2O7,118.6989045
mp-762971,Li2V3O6,88.3576119
mp-768007,Li2Fe(CO3)2,
mp-696353,Al6C3N2,
mp-762918,Li2Cr2CoO6,
mp-762915,Li2(NiO2)3,94.52160696
mp-754632,Pr(ReO4)2,
mp-607475,Zr4In5Co2,89.37433504
mp-545346,LiGaAs2O7,
mp-5454,Er3(CuSi)4,
mp-31621,Co(ClO4)2,
mp-567621,Er3(CuGe)4,
mp-557030,NaW2(Br3O)2,
mp-567670,Ho3(AgSn)4,
mp-546757,Sn3PO4F3,
mp-567713,Nb3TeI7,12.28068833
mp-546846,BaBi4(IO2)2,
mp-547017,LiAlAs2O7,
mp-31649,LiCrP2O7,
mp-548170,U3O8,
mp-552963,Pr2Ti2S2O5,
mp-548479,Cs2U2O7,
mp-548609,Tl2Cu(SO3)2,
mp-549490,KNb4O5F,
mp-549580,Sr2Cu3(IO2)2,
mp-549737,Ba2Ca(BO3)2,
mp-550117,Sm4Se3O4,
mp-567908,Lu4B3C4,
mp-550306,YCu2Bi2(SeO2)2,61.2358919
mp-550925,NaScAs2O7,
mp-551283,Na2Cu2TeO6,
mp-551741,Zn2P2O7,116.8444912
mp-552177,Ce4Se3O4,
mp-552663,LiScAs2O7,
mp-553278,Nd4Se3O4,
mp-553374,Cs4Sb2O5,
mp-569565,La3(CrN3)2,
mp-568370,La3(SiNi)4,
mp-561475,V2MoO8,62.0743782
mp-569637,La4C2Cl5,
mp-568498,Sm2(CN2)3,
mp-31785,LiFeP2O7,
mp-568519,Tm3(CuGe)4,
mp-573877,Tm3(CuSn)4,
mp-581496,Ce3(AgSn)4,
mp-35589,Na3UF7,
mp-759386,Ce2Th2O7,
mp-561716,La3(NiO3)2,
mp-568625,La3(SiPd)4,
mp-31907,Mn(ReO4)2,20.17332708
mp-634106,Ni(WO4)2,
mp-569873,La4C2Br5,
mp-540849,CsHg(NO2)3,
mp-540846,V2MoO8,
mp-558430,BaB2F8,
mp-568782,Dy(PPt4)2,
mp-568809,Ba5Al5Pb,28.63893285
mp-6494,K2Ca(CO3)2,
mp-568838,Hg4I7,
mp-582406,Gd2(Zn2Ge)3,
mp-32057,LiMoP2O7,
mp-754311,Mg(ReO4)2,17.57526989
mp-540966,Ni(ClO4)2,
mp-1004758,Mn3(HO3)2,
mp-753990,BaY2F8,
mp-568116,Lu2(CN2)3,
mp-753719,SrLiNb2O6F,
mp-849524,LiFe3O3F4,
mp-753691,Y2Bi2O7,
mp-1003485,Mg2Mn3O6,
mp-21243,TlHg(NO2)3,
mp-559953,Co2P2O7,
mp-568967,Ba5Ga5Sn,
mp-568991,Hf2Al4C5,
mp-32311,Re2NiO8,15.02236402
mp-32338,LiNiP2O7,
mp-8891,K2Zr(BO3)2,
mp-541312,Ge3(Te3As)2,
mp-570498,Pr4C2Cl5,
mp-32795,Re3O8,
mp-570529,Eu2B4Rh5,
mp-641815,Cr3O8,
mp-570568,W2NCl8,4.016360573
mp-570677,Ba5Al5Sn,29.75759407
mp-1095524,Tm2In8Co,
mp-510456,Zr(MoO4)2,22.32790071
mp-571223,Tb3(CuSn)4,
mp-18775,Fe3PO7,136.0306072
mp-1021466,CsPPb(IF3)2,
mp-1021490,Sn4SF6,
mp-1021492,Cd4SF6,
mp-1021494,Cd5(S2Cl)2,
mp-18819,Ni2P2O7,131
mp-18849,Fe2P2O7,75.850546
mp-10221,Pr3(NiGe)4,
mp-1022730,YFe2Bi2(SeO2)2,
mp-29964,La3(TaN3)2,
mp-8771,Lu2(NiB2)3,
mp-10415,Yb3(GePd)4,
mp-24860,Co2P2O7,127.8268296
mp-4242,U3(CuGe)4,
mp-19142,Mn2V2O7,96.39516727
mp-20781,RbHg(NO2)3,
mp-636287,Eu3(GaNi)4,
mp-1003313,Li2Mn3O6,
mp-505067,Co2As2O7,110.9233261
mp-25092,Ni2As2O7,114.9740675
mp-19290,Mn2As2O7,
mp-864792,Nd3(CuSn)4,
mp-18721,Mn2P2O7,111.5702818
mp-18740,V2Cd2O7,85.0756237
mp-6026,Na2Mg(CO3)2,
mvc-662,Mo(WO4)2,
mvc-667,Te(WO4)2,
mvc-668,Sn(WO4)2,
mvc-671,W3O8,
mvc-678,Ti(WO4)2,26.26412265
mvc-688,V(WO4)2,
mvc-687,Bi(WO4)2,
mvc-708,Cr(WO4)2,
mvc-740,Ta(WO4)2,
mp-550722,Ba2Tl2CuO6,
mvc-636,Sb(WO4)2,
mvc-10857,Al2(CuO2)3,
mvc-12773,Y2(CuO2)3,
mp-715515,Cr3O8,
mp-861587,Pr2In8Pd,
mp-864685,Nd2In8Pd,
mp-866385,TlW2(Cl3O)2,
mp-867221,Ce3(TaN3)2,
mp-547517,Sr2Cu3(ClO2)2,
mp-11285,Ca3(GaNi)4,77.26384021
mp-13508,Er4In(NiGe2)2,
mp-13510,Ho4In(NiGe2)2,
mp-13511,Tm4In(NiGe2)2,
mp-10076,Hf3(NiGe)4,159.713843
mp-13541,Sr2Mg(BO3)2,
mp-11665,Ce2(Zn2Ge)3,
mp-11666,Pr2(Zn2Ge)3,
mp-11667,Nd2(Zn2Ge)3,
mp-11668,Sm2(Zn2Ge)3,
mp-11752,Lu7(NiTe)2,
mp-11753,Lu7(TePd)2,
mp-10244,Zr3(CuSi)4,144.8562769
mp-10245,Hf3(CuSi)4,153.4814038
mp-10326,Zn(ReO4)2,15.43578565
mp-25305,Y2Ti2S2O5,
mp-1407,Rh3Se8,
mp-10440,Mg(P2Rh3)2,204.4209764
mp-10486,Cd2As2O7,
mp-10518,KVP2S7,
mp-10558,La3(NbN3)2,
mp-12324,CsVP2S7,
mp-10776,K2Sn(AsS3)2,
mp-14696,La2B4Rh5,
mp-12611,Ca3Ga8,
mp-10924,Mg(Co3P2)2,202.8711959
mp-12732,Dy3(CuSi)4,
mp-10960,Tb2Ti2S2O5,
mp-15009,La3(GeRh)4,
mp-12803,BaEr2F8,
mp-12826,Sb8Te3,
mp-13128,Cu2As2O7,
mp-15753,Ba3(LiAs)4,
mp-16043,Mg(As2Rh3)2,173
mp-16044,Ca(As2Rh3)2,
mp-16045,Sr(As2Rh3)2,
mp-553248,CsLaNb2O7,
mp-2760,Nb6C5,238.8608303
mp-4513,Ho2Ga8Co,
mp-29419,Hf(Te2Cl3)2,7.03372831
mp-19189,K2Co(SeO3)2,
mp-19066,W3O8,
mp-22623,Ce3(CuGe)4,
mp-765198,Li3MnF7,
mp-4300,Yb2Si2O7,91.645066
mp-20752,Ce(Sn3Ru2)2,
mp-22729,La3(GePd)4,
mp-4412,La4Se3O4,
mp-22808,Dy3(AgSn)4,
mp-3354,Ho3(GePd)4,
mp-30945,Ga2PdBr8,
mp-30946,Ga2PdI8,
mp-23085,Ba2Cu3(ClO2)2,
mp-23095,Ca3Cu2(ClO2)2,
mp-29821,Gd4B3C4,
mp-545706,Ca3Cu2(BrO2)2,
mp-28687,U2Cu4As5,
mp-540687,Ge3(BiTe3)2,
mp-1094110,Ni5Cl6,
mp-20208,Sm(Sn3Ru2)2,
mp-22770,KCd(NO2)3,
mp-715582,W3O8,
mp-643431,AgH4WS4N,
mp-819185,LiFeAs2O7,
mp-5999,Sm2Ti2S2O5,
mp-1095231,Ba3(LiBi)4,
mp-18878,LiFeAs2O7,
mp-5280,In2Ge2O7,
mp-1095255,Ba3ThSe7,
mp-1095287,ScTlP2S7,
mp-1095296,Dy4Te3S4,
mp-1095324,U2In8Rh,
mp-1095240,Ca3(GeIr)4,
mp-1095367,MgCu2AsO7,
mp-1095369,Sr3(GaIr)4,
mp-1095406,Ba3(LiSb)4,
mp-1095215,K2Mg(CO3)2,
mp-1095424,Pr4Mn2As5,
mp-21199,Na3(GePt)4,83.19687341
mp-1095455,CoCS(N3Cl)2,
mp-1095457,Nd2In8Co,
mp-1095458,Ce2Ni5B4,
mp-1095467,Tm2Si2O7,
mp-1095498,Ba2Ni5Ge4,
mp-1095506,BaReH9,
mp-646456,Tm2In8Co,
mp-1095528,Ho(Ge2Rh3)2,
mp-1095537,Er3(CuSn)4,
mp-1095552,La(Ge2Rh3)2,
mp-1095560,Zr3Al3Ni3H2,
mp-1095575,Y3(CuSn)4,
mp-1095577,Tm4B3C4,
mp-1095585,Er2Ga8Fe,
mp-1095593,Ho2In8Co,
mp-1095624,Tb2Ga8Co,
mp-1095622,Zr(MoO4)2,
mp-1095635,Lu(P2Rh3)2,
mp-1095653,Yb3(CuGe)4,
mp-1095685,Tm3(FeGe)4,
mp-1095591,Tm3(CuSn)4,
mp-2733,Al8Mo3,141.4003513
mp-6628,CsCd(NO2)3,
mp-1095435,Ho2(NiB2)3,
mp-1095238,Eu3(GeIr)4,
mp-1096788,Zn3(GaS3)2,
mp-567598,Dy7(TeIr)2,
mp-561574,CoCuP2O7,
mp-557675,K2Co(SeO3)2,
mp-557929,Tl(Cu3S2)2,53.7617679
mp-5798,Al6C3N2,164.6911251
mp-774191,Fe3OF7,
mp-765357,Li3V2(OF)3,
mp-630927,Pb4SeBr6,
mvc-15486,W3O8,
mp-655489,Pb4SeBr6,
mp-510764,Ni(WO4)2,
mp-31519,LiCoP2O7,
mp-32405,LiVP2O7,
mp-19137,K2Mn(SeO3)2,
mp-25472,Co(WO4)2,
mp-33056,Rb6C5,
mvc-700,Ni(WO4)2,
mp-540803,Sr3(LiSb)4,
mp-35185,NbBi3O7,
mp-37030,TaBi3O7,
mp-570702,Sm2Cu4Sn5,
mvc-637,Re(WO4)2,
mp-23129,Ba2Cu3(BrO2)2,
mp-561779,Cr3O8,
mp-624081,Fe2P2O7,
mp-1094547,MgSb2,
mp-782682,FeOF,104.4752686
mp-782681,FeOF,118.2918153
mp-775697,Li3Mn2CrO6,
mp-764895,LiVF4,59.79530839
mp-757238,GdAsO4,
mp-675479,PuPaO4,
mp-7572,MgSO4,
mp-764818,Fe4O5F3,
mp-764820,Fe2OF3,
mp-767644,LiV(PO4)2,
mp-7566,InPO4,
mp-7038,TlPd2Se3,21.15849233
mp-984714,AgAsS,
mp-756244,CaEu2O3,
mp-628766,Co2Si,
mp-7466,CaCu2O3,74.41377957
mp-7456,SnF2,
mp-9595,NbInO4,161.3122508
mp-9540,SmMgF4,
mp-9539,EuMgF4,
mp-9529,DyGeRh,
mp-8487,CaSbPt,82.09983938
mp-7645,KAl(SO4)2,
mp-8459,CdSO4,57.88351004
mp-765559,LiAgF4,
mp-9440,YbAgSb,
mp-8418,ZrCoP,193
mp-30961,Ca7Tl3N2,
mp-8377,TeO2,
mp-7644,LuAsO4,136.2697387
mp-9397,HfTlCuSe3,
mp-9396,HfTlCuS3,
mp-973540,LuAlB4,
mp-7609,SbOF,
mp-672645,TiSiRh,187
mp-637232,TaSe2,
mp-760483,Li2PdO3,105.341238
mp-1094474,MgZn,
mp-7601,NbGaO4,163.3410026
mp-776791,LiFeF4,52
mp-7469,NaCuO,45.99313239
mp-983228,SrEu2Al2O7,
mp-8253,Na5ReO6,
mp-672274,YbIn4Rh,
mp-672271,NbSe2,
mp-7050,ZrTlCuSe3,
mp-956096,HfFe2,
mp-672194,CaIn4Ni,
mp-9317,KZrCuS3,
mp-9318,KZrCuSe3,
mp-565799,Li2MnO3,
mp-570466,Li2Ca,16
mp-8490,LiGe,
mp-7775,U2AlCu3,
mp-9272,TlPt2S3,29.12096307
mp-9270,SbIrS,
mp-8483,K2SO3,
mp-9268,KSe,
mp-9251,TlTe3Pt2,22
mp-9248,Cu2SiS3,79
mp-9225,ScSiPt,149.0799835
mp-7378,NaCdAs,
mp-8458,BaAsPt,68.88562193
mp-9179,Ba3Zr2S7,59.58646426
mp-9173,TiO2,94.18297702
mp-9107,NaZrCuS3,
mp-558139,CuS,
mp-9068,K2NaAlP2,
mp-9064,RbTe,
mp-9063,RbSe,13.10025555
mp-9062,RbS,
mp-7352,MgCuP,93.89216714
mp-561606,CrCoO4,
mp-765437,NbCrO4,195.70042
mp-765436,FeSbO4,
mp-8983,CaSiPt,101.9316389
mp-8979,TaInO4,
mp-8952,HoAsPd,
mp-9394,U2Cr3Si,
mp-8919,ErPPd,
mp-8914,SrGaSn,
mp-888,CaAs,
mp-9258,SiO2,320
mp-685097,HfO2,209.5121228
mp-9801,HfCoAs,181.3110664
mp-765410,LiNiOF,
mp-8307,CaNi4B,132.8986759
mp-8759,Cs2ZrO3,
mp-8754,NaLiTe,
mp-771720,Li3Mn2NiO6,
mp-771718,Li3Mn2CuO6,
mp-771715,Li3Mn(CuO3)2,
mp-979964,YbH2ClO2,
mp-977014,H5PbCI3N2,
mp-8511,PF5,6.250174489
mp-8161,CaPdF4,73.83539353
mp-780809,Li3Cu(NiO3)2,
mp-21347,CoBMo,305
mp-979911,Y2Au,
mp-6847,KY2Ti2S2O5,
mp-771666,Li3Ni2SbO6,
mp-771661,Li3Cr(FeO3)2,
mp-1095569,NdMn2,
mp-540010,WO2,
mp-771655,Li3V2CrO6,
mp-7388,NaAuF4,
mp-7387,KAgF4,
mp-780753,FeOF,
mp-7386,NaAgF4,
mp-659830,CeIn4Pd,
mp-738,Sb2Au,71.18962689
mp-7199,RbPrTe4,
mp-8308,Ca3Ni7B2,103.4515848
mp-7470,RbCuO,
mp-7126,TiSnSb,
mp-561603,Sr3Co2Cl2O5,
mp-7124,TbSiPt,
mvc-12574,NiO2,
mp-9078,BaPIr,
mp-9075,CdCuF4,85.3862808
mp-7812,GeO2,23.38886518
mp-610958,BaFeF4,
mvc-11999,FeO2,
mvc-11993,FeO2,
mp-7716,SbTe,
mp-730,P2Pt,176.8863975
mp-7275,BaSi2,
mvc-11581,CrO2,
mp-569630,NdOs2,
mp-2589,MgO2,129.0968827
mp-7228,ReO2,276.6759384
mp-8843,SrSiPd,68.39111152
mp-8723,AsF5,
mvc-11104,Ca2CrN3,
mp-978568,Si3MoPt2,
mvc-10945,Ca2VN3,
mp-568901,NbFe2,195.5973939
mp-771528,Li3Ti2MnO6,
mp-7206,TcAgO4,
mp-6450,K2LiAlP2,
mp-1095343,Ca2Mg3Si,
mp-643063,NbSe2,23
mp-771484,VCoO4,82.52077726
mp-642654,SrH2O3,
mp-642653,BaH2O3,
mp-977588,LuNiSn,
mp-9852,TmP5,
mp-9851,HoP5,
mvc-13180,CrSe2,
mp-1094475,MgZn,
mp-9850,DyP5,
mp-30032,TlIO4,
mp-9848,PrP5,
mp-1094373,Mg2Ti,
mp-977428,YbAl2Cu,
mp-972808,SiO2,36
mp-675120,Cu2SiTe3,52.06988045
mp-9986,CsAuO,21.86463785
mp-9808,Rb3NbO8,
mp-1094191,MgZn2,
mp-6999,ScPS4,7.917623225
mvc-12905,FeO2,
mp-9720,Rb3BP2,
mvc-14348,MgCrF4,
mp-639,US2,
mp-9847,YbP5,
mp-676828,ZnCuAs,75.41614608
mp-674984,CuSi2P3,
mp-1094561,MgSb2,
mp-674953,Cu2GeTe3,48.01423199
mp-755,CoSb2,99.47480203
mp-673658,H2O,
mp-7703,DyTaO4,
mp-569367,HoGeIr,
mp-913389,EuSnPd,
mp-2214,TmMg2,
mp-9900,Ag2GeS3,
mvc-12404,TiO2,
mp-504100,CuO2,
mp-637182,Gd3Al7Ag2,
mp-11497,TbMg2,
mp-636403,PuNi3,
mp-636334,SnRh2,177.0052489
mp-9665,K3BAs2,16.03294032
mp-9664,K3BP2,17.93482358
mp-7784,SbAsO4,
mp-752401,Rb2ZrO3,33.92951909
mp-770118,Ba3Ti2O7,86.12791419
mp-635966,MoO2,89.18267851
mp-27175,InOF,
mp-7459,Te2Mo,19.9344256
mvc-12077,VO2,
mvc-12126,VO2,
mp-18834,SrMoO4,
mvc-12050,NiO2,
mp-8666,CsAgO,
mp-779592,GdOF,
mvc-12040,CrO2,
mvc-4364,BiO2,
mvc-12022,MnO2,106.0180148
mp-7631,SiC,213.0985792
mp-9548,GeAs,19.89456656
mp-9503,BaDyCuTe3,
mp-767160,Ca5MnO6,
mp-753661,SbOF,
mp-27608,Be4TeO7,
mp-9718,Rb3BAs2,15
mp-9391,TaNi2Te3,17.59255386
mp-672394,YbIn4Ni,
mp-7094,ReAgO4,
mp-9344,TiTlCuTe3,
mp-776803,LiFeF4,52.11859402
mp-694857,Sr3Cr2O7,
mvc-11780,MoS2,65.08001327
mp-8248,Rb2TeO3,
mp-853152,Na3NiO2,
mp-8200,AgP2,62
mp-9693,K2SnSe3,
mp-16648,LiSn4Rh,63.62723466
mp-9692,K2GeSe3,
mvc-11653,CrSe2,
mp-9675,Cs3BP2,
mp-8645,GeTe7As4,
mp-560449,K3Ni2F7,
mp-7379,TlCdSb,
mp-7332,NdP5,
mp-8982,CaSiPt,60.00747996
mp-6647,BaYAgSe3,
mp-765953,Li2MnO2F,
mp-1038882,MgCd2,
mvc-11438,CoSe2,36.93620312
mvc-6939,NiO2,
mp-9481,TcS2,26.19944999
mp-8842,CaSiPd,66.01735851
mvc-11411,FeS2,
mp-8755,KNaTe,
mp-7219,Na2ZrSe3,35
mp-7087,SiO2,
mp-7212,CsSmHgSe3,
mp-7211,CsPrHgSe3,
mvc-3477,MnZnF4,
mp-684798,Ag2Te,
mvc-3446,CaVF4,
mvc-3380,ZnCoF4,
mvc-3351,MgWF4,
mvc-11244,CoS2,
mp-8190,Tl2SiS3,
mvc-2949,SbO2,
mp-573608,CdI2,
mp-2858,ZrO2,183.0512876
mp-570159,SmZnSn,
mp-684525,Cu2Se,
mp-7155,CsErZnSe3,
mp-7277,Tl2GeS3,
mp-7152,CsZrCuSe3,
mp-7151,CsUCuSe3,
mp-771554,FeCo3O8,
mvc-1,NiS2,
mp-1094586,Li2Mg,
mp-685013,TiS2,
mp-611448,C,
mp-7084,SrCaSi,
mp-504667,RbIn(WO4)2,
mp-609,CrSn2,
mp-642659,V2H,192.3630785
mp-608348,NbFeO4,
mp-608594,CrWO4,
mp-680742,GdP5,
mp-985626,Na3Mn2SbO6,
mp-998916,KO2,
mp-8603,RbAgO,24.29554054
mvc-14346,CaCoF4,
mvc-14339,ZnWF4,
mvc-14312,VF5,
mp-8543,Na3AlAs2,23.13339692
mp-9981,Mn2N,
mp-8535,ErSi2Rh3,
mvc-14233,MgCoF4,
mp-9782,KAg3Se2,
mp-979414,WSCl4,
mp-9794,Rb2GeSe3,
mp-7709,ZnF2,95.89498494
mp-762163,Li3TiMn2O6,
mvc-14215,CrF5,
mp-9855,KHfCuS3,
mp-978,Sr2Sn,
mp-780033,TbNbO4,
mp-985442,AgAsSe,
mp-5985,HoTaO4,
mp-9946,ZnS,69.74845761
mp-616166,Ba2Ho(CuO2)3,
mp-676985,YbPaO4,
mp-5957,EuTaO4,
mp-754172,La3Ti2N3O4,
mp-640189,TiNi,152.1647329
mp-9741,Na3Cd2IrO6,
mvc-13558,FeS2,
mp-761914,LiAgF4,
mp-677105,Cu2GeSe3,59.62400865
mvc-14182,ZnCuF4,
mp-5601,HoCoSn,
mp-5575,GdTaO4,
mp-5186,ScNiSn,99.52099251
mp-676703,Li3MnAs2,
mp-5061,Li5ReO6,
mp-5134,LaMg2Ni9,
mp-3881,BaZnF4,56.76199345
mp-5122,Na3AlP2,28.29960876
mp-5557,ThB4Mo,
mp-622966,MnF2,
mp-3074,KAgO,
mp-3204,YbSnPd,
mp-5679,CdSO4,
mp-3054,Li2CO3,55
mp-20982,K3Cu2F7,
mp-8667,CeB2C,
mp-3144,HoNbO4,
mp-3787,RbFe2S3,
mp-3756,SmTaO4,
mp-3751,AlTlF4,41.48598293
mp-9905,Ba2Si,
mp-2824,AlPd2,158.0270423
mp-3076,LaSnPt,
mvc-4323,SnO2,
mvc-4274,BiO2,
mp-1094663,MgGa2,
mvc-4245,SbO2,
mp-634430,VO2,
mp-1095334,HoCo3,
mp-676409,EuPaO4,
mp-20190,LaZnSn,
mp-632864,LiNiO2,
mp-977013,H6PbCI3N,11.33354767
mp-977012,H6PbCBr3N,16
mp-977011,H3PbCI3NF3,10.31006283
mp-676518,In3SbTe2,10
mp-762304,BiOF,
mp-865750,Li2TeO3,
mp-763432,Li2VO2F,
mp-9756,ThGeO4,
mp-9780,RbHfAgTe3,
mp-676295,Li3MnP2,
mp-631040,EuCrO4,
mvc-3716,MgVF4,
mvc-34,MnS2,
mvc-3525,VZnF4,48.73706283
mp-9755,HfGeO4,
mvc-3497,ZnNiF4,
mvc-3299,CaCrF4,
mp-1027110,Te2MoWS2,
mp-676247,NaYbF4,
mvc-3135,TiZnF4,
mvc-3102,MgCuF4,
mvc-3242,ZnSnF4,
mvc-2118,WO2,
mp-9145,Rb2SnSe3,
mp-1026979,TeMo2Se2S,
mvc-15798,BiF5,
mvc-15779,TaF5,
mp-6259,SrLi2Ta2O7,
mp-6215,AgHgAsS3,
mp-9868,KCu3S2,
mp-675880,Cu2SnTe3,45.66455919
mp-862850,KPAuSe3,
mp-7622,KSO4,20.14659649
mvc-14697,SbF5,
mp-9856,Cs2ZrSe3,
mp-605,ZrTe5,11.35010747
mvc-14217,MoF5,
mvc-14195,MgSnF4,
mvc-14167,WF5,
mp-13499,HoMg2,
mp-1094523,YMg,
mp-9854,YP5,
mp-9853,LuP5,
mp-5724,AlPO4,20.12645117
mp-5887,EuNiGe,
mp-5707,CsAsF4,
mp-566,CeP5,
mp-673663,CuGe2P3,
mvc-15363,SnO2,
mp-861738,CaMgPb,36.04821255
mp-8630,SbIrS,141.0835437
mvc-15000,FeO2,
mp-862693,BaNaH3Pd,
mp-985782,H2C,43.9308527
mp-1565,ZrO2,234.7359915
mvc-14769,CrS2,
mvc-14589,CrO2,
mp-8615,NbBO4,252.0416086
mp-13024,AlPO4,
mvc-14355,CaNiF4,
mvc-14349,CaMnF4,
mvc-14340,CaWF4,
mvc-14286,CaTiF4,
mvc-14232,MgNiF4,
mvc-14231,CaFeF4,
mvc-14177,MgTiF4,
mvc-14149,CoO2,82.487637
mp-615820,Pu2Pt,
mp-612946,KTeOF3,
mp-607477,CsSc3(CuTe3)2,
mp-623035,FeSbPt,
mp-5971,YBPt2,159.1699479
mp-1016063,CrN2,
mp-1016070,CrN2,
mp-1016069,CrN2,
mp-776485,NbV3O8,153.3211403
mvc-13696,NiO2,
mvc-13677,MoO2,
mp-613677,GdMnGe,
mp-1015026,CrN2,
mp-23562,KIO4,20.15923549
mp-755115,CuReO4,45.24223919
mp-753632,Li2CrS3,
mp-753610,BaCaI4,
mp-8058,YAsO4,
mp-8048,NdNi4B,
mp-8042,ZrGeO4,201.651273
mp-7029,SiO2,
mp-8073,AsPd2,122.2772432
mp-775986,NaNiBO3,
mp-765031,MnOF,
mp-768383,SmBiO4,
mp-775777,LiFeF4,55.44310118
mp-764943,Fe4O3F5,
mp-782719,LiVF4,57.53556494
mp-782713,Li3TiCr2O6,
mp-775808,MgO,115
mp-764922,VF5,
mp-765140,VF5,
mp-921118,ErFe4B,
mp-755738,Rb2O,
mp-984605,Ca3SnH2,
mp-755352,Li2HfO3,106.1694099
mp-754973,Cs2NpO3,
mp-7646,Cs2PrO3,
mp-754845,La3Ti2N3O4,
mp-971678,Na3Ni2SbO6,
mp-9844,BaAl2B2O7,
mp-7567,UGeO4,
mp-983608,UGePt,
mp-9666,K2NaGaP2,
mp-7559,YNi4B,156.3861551
mp-696695,BaCaCO3,
mp-696678,PH2NO2,
mp-764433,Li2VO2F,
mp-752669,CeHfO4,
mp-9634,Na3AgS2,
mp-984550,CsGaH4,
mp-1095379,Na3PaF8,
mp-753486,BaCaI4,
mp-555480,K3Co2F7,
mp-753416,LiCuBO3,
mp-753368,YbIO,
mp-764360,LiVF4,40.10279299
mp-31433,LuNiSn4,
mp-5132,YPO4,
mp-504858,CoCu2O3,102.9581147
mp-5558,NaReO4,24.81879892
mp-694855,Li2MoO3,
mp-5309,KAuF4,
mp-5908,CeAsS,
mp-753478,BiOF,
mp-767212,MnPO4,
mp-3830,NiAsS,109.013702
mp-383,Rb2Te,
mp-556185,RbNaTiO3,
mp-3045,ErFe4B,
mp-1073852,MgSi,
mp-21868,Ba2Lu(CuO2)3,
mp-5659,Ti3SiC2,184.068646
mp-776670,LiMnF4,
mp-2940,LuPO4,
mp-5836,ThSiO4,
mp-22293,PrZnSn,
mp-761873,KTiF4,
mp-5104,CaZnF4,68
mp-5259,RbAlF4,41.94830124
mp-5632,DyAsO4,126.7458567
mp-2910,KAlF4,46.32619878
mp-562,Sb2Pt,103.6671126
mp-5767,DyPO4,
mp-5222,ReTeS,
mp-3747,Ti3AlC2,158.5214385
mp-714904,FeO2,
mp-753378,TaGaO4,
mp-5078,SrZnF4,60.78964594
mp-21511,K2NaInP2,
mp-775001,V3FeO8,6.673697948
mp-669367,KAl(SO4)2,
mp-774922,Ti3TeO8,6.282093459
mp-911466,DyCrO4,
mp-761322,LiNiBO3,
mp-771735,TaFeO4,
mp-7951,ThSe2,
mp-7931,SrP,44.55955777
mp-7926,TaSe2,23
mp-7858,MgUO4,
mp-686050,CePaO4,
mp-642822,CaC2,52.18801653
mp-865937,KNpAgS3,
mp-642649,BaH2O3,
mp-19450,ScTl(MoO4)2,
mp-767186,LiMn3(OF3)2,
mp-867680,NaTlO,
mp-1016058,CrN2,
mp-8724,K2TeO3,
mp-1014342,CrN2,
mp-1039711,CeMg,
mp-1039582,CeMg,
mp-1039543,MgCd2,
mp-1039565,CeMg5,
mp-1039509,CeMg,
mp-1039493,CaMg,
mp-1039468,CaMg,
mp-1039441,CaMg2,
mp-1039419,MgBi,
mp-1039403,CaMg,
mp-641367,Cr3AuO8,
mp-1039395,MgBi,
mp-1039186,MgCd,
mp-1039049,CeMg,
mp-1038987,CaMg5,
mp-1038944,MgCd,
mp-1038799,MgBi,
mp-1038761,MgBi,
mp-1038760,Ca2Mg,
mp-1038759,Mg2Bi,
mp-669500,US2,
mp-1030570,Te2MoWSeS,
mp-1030569,Te2MoW3(SeS2)2,
mp-1030568,Te2MoW3(Se2S)2,
mp-1030535,MoWSe3S,
mp-1030567,MoW3(Se3S)2,
mp-1030566,MoW3(SeS)4,
mp-1030565,MoWSe4,
mp-1030522,MoWSe3S,
mp-1030523,Te2Mo3WSe6,
mp-1030521,Te2Mo3W(Se2S)2,
mp-1030519,MoWSe3S,
mp-1030517,TeMoWSeS2,
mp-1030513,MoWSe3S,
mp-1030509,TeMoWSe3,
mp-1030508,Te2MoWSe2,
mp-1030507,Te2Mo3W(SeS2)2,
mp-1030505,Te2Mo(WSe2)3,
mp-863761,K2BaCdSb2,
mp-774736,LiCuS,43
mp-1030504,MoW3Se8,
mp-1030470,Te4Mo3W(SeS)2,
mp-1030447,Te3Mo2Se,
mp-863758,K2SrCdSb2,
mp-1030398,Te2MoWS2,
mp-1028422,Te4Mo3WSe4,
mp-20535,TbSiRh,
mp-780539,LiVF4,60.92829269
mp-1094316,SrMg2,
mp-755364,NdSeO,
mp-760512,LiCuCO3,
mp-779211,Li2MnFe(BO3)2,
mp-764829,Fe4O3F5,
mp-764822,Li2VO2F,
mp-976713,HoH2ClO2,
mp-764810,LiMnF4,
mp-779190,LiVF4,72.03823896
mp-636976,VO2,
mp-767044,Li2MnO2F,
mp-770577,LiAlFeO3,
mp-767013,FePO4,38
mp-997512,Li3Cr2CuO6,
mp-638078,CsTbZnTe3,
mp-637926,LaGaNi,
mp-770544,LiAlCrO3,
mp-769365,ZnSeO4,69.23035494
mp-780295,Li2VO2F,
mp-755089,ZrO2,152
mp-557491,BaZnO2,
mp-1094145,Mg2Fe,
mp-777595,LiFeF4,48.75010298
mp-771841,Mn3CuO8,40.37807421
mp-766784,V3CoO8,6.478346542
mp-753605,LiCuS,25.52043245
mp-636921,VO2,
mp-764467,Na2FeO3,52.62832848
mp-766879,WOF4,4.907959105
mp-753539,SbOF,
mp-2517,Ca2Si,36.71050403
mp-972224,TaGeRh,
mp-753508,LiCuS,36.79680673
mp-609413,Eu2Ga3Ir,
mp-972187,ZrSiPt,
mp-685151,TiO,
mp-753425,LiCuCO3,
mp-772395,LiV(OF)2,
mp-753360,BiOF,
mp-753342,LiCuF4,
mp-778756,LiVBO3,
mp-753257,LiCuF4,27.58300497
mp-1096896,CrN2,
mp-753371,LiCuS,34.49593495
mp-753181,SrCu2O3,92.17800284
mp-1073638,MgSi2,
mp-753160,BiOF,
mp-995198,CO2,
mp-975726,PrAl4Co,
mp-776827,LiFeF4,45
mp-773569,LiFe3(OF3)2,
mp-677413,K2SO3,
mp-755357,NdAsO4,
mp-770242,LiCrBO3,
mp-775407,Li3Ti(FeO3)2,
mp-1094326,MgTi2,
mp-764229,LiV(OF)2,
mp-780002,V2O3F,108.4874037
mp-1020020,Li8NO3,
mp-1094275,MgTi2,
mp-12735,KAg2,
mp-764199,LiVOF3,
mp-976291,LiAlH4,
mp-868760,Li3Ti2VO6,
mvc-3677,MgFeF4,
mp-861577,Li2VO3,
mp-861569,CrSbO4,
mp-1094637,MgGa,
mp-676778,KBiF4,
mp-861573,Li3Al2CrO6,
mp-779517,Sr3Hf2O7,136
mp-753541,LiCuF4,43.33142787
mp-770158,LiMnAlO3,
mp-752520,GdIO,
mp-761842,Hf3SnO8,181.4160821
mp-676693,KCN,
mp-764145,NaMnO4,
mp-752496,TiOF,155.388755
mp-676666,Rb2CeO3,
mp-779923,Fe2O3F,
mvc-15392,BiO2,
mp-767367,VOF,163.3630374
mp-764099,Mn2O3F,
mp-505130,CsReO4,
mp-770931,CuTeO4,
mp-764060,Na2VO3,91.54530912
mp-753306,YUO4,
mvc-11423,TiO2,
mp-996161,Nb3AlC2,202.6342801
mp-772359,Mn3CoO8,31.37266027
mp-761367,Li3Mn2CoO6,
mp-767102,Li2MnO2F,
mp-770090,LiAlCoO3,
mp-971914,SrSiPt,
mp-767299,Li3Co2CuO6,
mp-770087,LiAlNiO3,
mp-764027,Li2VO2F,
mp-643009,SrMgH4,37.84961727
mp-775130,Li2CrO3,
mp-764332,LiMn5O5F,
mp-764322,VOF,171
mp-764320,Li5MnOF5,
mp-1073465,MgSi2,
mp-642817,KHO,
mp-642810,HOF,
mp-691107,FeOF,88.66521367
mp-775107,Li3Co2SbO6,
mp-642682,CsHO,
mp-642648,KP(HO)2,
mp-761315,MnFeO4,151.6712589
mp-765967,WOF4,4.854286605
mp-684704,H2O,
mp-763982,Li3TiV2O6,
mp-642458,CeIn4Pd,
mp-775434,CrBiO4,
mp-771742,Co3BiO8,1
mp-1094506,MgTi2,
mp-861243,Cs2SnO3,
mp-775020,Mn2OF3,
mp-763940,Co2OF3,
mp-761108,BiOF,
mp-770727,Li3Al2FeO6,
mp-761036,CdSeO4,
mp-761034,Hf5N5O2,
mp-859126,Ba3CaI8,
mp-761032,Hf5N5O2,
mp-641533,InAs,
mp-779328,NaCu2O3,88
mp-641365,PbWO4,80.56109092
mp-774874,Li3Ti2CuO6,
mp-767110,Li2MnO2F,
mp-1095547,ZrTi2Ni9,
mp-779242,Fe4O7F,
mp-760582,Li2AgF3,
mp-760580,Li2AgF3,
mp-779216,Fe2O3F,
mp-774472,PrSO,
mp-760476,LiU3O8,
mp-770600,DyWO4,
mp-770580,LiCr2O3,
mp-770578,GeWO4,
mp-770569,ZnCrO4,
mp-774019,Mn3TeO8,
mp-774018,Li3Nb2VO6,
mp-752768,LiAgF4,
mp-764225,LiCo5O5F,
mp-865492,LuCuPbSe3,
mp-766951,Li3VF8,19.10893635
mp-766949,Li3VF8,13.67342659
mp-865269,TmCuPbSe3,
mp-865203,YCuPbS3,
mp-541310,CaGaGe,
mp-773956,Na2Li(NiO2)3,
mp-766911,LiVF4,28.30024124
mp-759968,Na2BiO3,
mp-7621,KTcO4,
mp-770486,Li3Ni2SnO6,
mp-21495,CrFeP,238.1196126
mp-759825,BiOF,
mp-1095623,AlHg3(OF3)2,
mp-766809,Li3Cr2CoO6,
mp-766803,CrOF,
mp-680111,CdI2,
mp-766792,MnCoO4,-67.80979754
mp-864603,YbH2,
mp-778779,Na2CoO3,71.36552952
mp-763634,VCrO4,125.5420905
mp-773709,Li3Fe(NiO3)2,
mp-778757,Na2CoO3,48.88209654
mp-715549,MnO2,
mp-778725,Na2FeO3,45.72433607
mp-853210,Mn2OF3,
mp-853167,Na2VO3,46.33833507
mp-778681,V3SnO8,
mp-759198,Li2AgF3,
mp-764602,Na2CoO3,
mp-21424,TbNiGe,
mp-25886,CuPO4,59.9751567
mp-573700,AsSeI,
mp-30996,RbAuBr4,
mp-21439,YbMnSi,
mp-21445,Ba3In2O5F2,
mp-21446,BaPb3,
mp-21447,Nb4CoP,197.3503282
mp-21449,NbCoP,238
mp-29862,SnBr2,6
mp-20284,PdF2,79.32672042
mp-23176,SbCl5,0.822646926
mp-19986,DyGeRu,
mp-21453,PrSnPt,
mp-501,TaSe2,23
mp-7787,HfSO,137.0423796
mp-20001,SrSnPt,69.56550896
mp-5014,CuAgS,41.81862374
mp-20007,MnNiGe,143.9961339
mp-20022,CeGeIr,
mp-504,CuS,80.16049857
mp-21476,Fe2N,244.2948448
mp-23217,Bi2Rh,
mp-23224,BiTe,
mp-21489,Rb2PbO3,36.66490571
mp-20043,ErGeRh,
mp-21490,CeSnPd,
mp-28545,RbLiO,
mp-20051,CeBPt4,
mp-773564,LiMnF4,
mp-28567,LiBiF4,
mp-21510,K2NaInAs2,
mp-20066,CO2,4.842149359
mp-21521,Cs2PbO3,34.72026081
mp-20067,Na5OsO6,
mp-31052,LaBPt2,
mp-28577,RbBrF4,
mp-20077,USe2,
mp-28580,Y2NCl3,
mp-1094340,MgTi5,
mp-20083,ScCuSi,111.1988453
mp-29966,NOF,
mp-19076,HoCrO4,
mp-23318,BiSCl,
mp-31031,La4PdO7,113.5497616
mp-23305,EuI2,13.70034249
mp-28603,NaLiSe,
mp-23324,BiSBr,
mp-20104,RbAg3S2,
mp-20107,MnCuAs,
mp-20108,CaIn4Pd,
mp-20114,TmMnGe,
mp-28626,LaSO,
mp-28628,Li3FeN2,
mp-31100,CeIr3,
mp-4035,RbReO4,
mp-20121,UFeSi,
mp-540921,CsCuF4,
mp-569493,ErCo3,
mp-3444,ErTaO4,
mp-30019,ZrCu2Te3,39.48024997
mp-20144,NbCrP,211.8536455
mp-20147,ZrMnP,174.6230463
mp-34492,Na2TbO3,
mp-770244,Mn3BiO8,
mp-30037,AgIO4,
mp-31152,CaGaPt,82.59522372
mp-31153,CaGePt,89.86052253
mp-30045,CoGe2,
mp-21268,SiAs2,
mp-28688,SrHgO2,
mp-23431,CsCu2I3,9.50634084
mp-27167,Sn2IF3,
mp-20172,ErMnGe,
mp-28691,TaTe4I,
mp-31180,DyAl4Ni,
mp-30057,LiCN,17
mp-27180,NdSBr,
mp-20184,USiRh,
mp-20202,MgSn4Ru,74.06187739
mp-20192,HfMnSi,162.3096695
mp-30089,CsH3O2,
mp-20203,MnCuP,
mp-27205,TlCl2,
mp-30106,AsCl5,
mp-20220,CaInRh,
mp-23514,BiSI,7.195684603
mp-27227,LiAg3O2,
mp-28742,Ca4Ni3C5,
mp-30110,SrLaI4,
mp-20226,UGeIr,
mp-30111,BaLaI4,
mp-23536,SbI3Cl8,
mp-27240,UCl5,
mp-23550,KBrF4,
mp-28760,KRbS,
mp-23556,Rb3Mn2Cl7,
mp-28766,K2TiS3,
mp-11194,NdMgNi4,
mp-20255,TiCuSi,148.3929386
mp-20256,K3InP2,
mp-20257,AsPd3Pb2,88.17412887
mp-30151,CuAuSe4,28.88117332
mp-20268,TiGePd,150.252977
mp-20281,DySiIr,
mp-27281,LiH3O2,
mp-20296,In2Co,88.53584243
mp-20293,SmGePt,
mp-30176,U2AlCo3,
mp-20303,LaIn4Ni,
mp-20308,TmSiRu,
mp-28810,Na2CS3,14.21087232
mp-558395,CoWO4,
mp-27303,NaAg3O2,
mp-20321,UGeRh,
mp-21851,MnSiIr,162.3672192
mp-23675,H4BrN,
mp-20335,MnNbP,228
mp-27319,Sc2Co3Si,154.8520295
mp-23694,LiBH,
mp-1094114,MnCoP,
mp-23704,NaAlH4,19.1892104
mp-20347,NdSnPt,
mp-21878,CeCo4B,
mp-23711,MgH2,47.84919311
mp-23712,MgH2,60.97036501
mp-23713,CaH2,46.55514694
mp-23714,SrH2,37.42707519
mp-20466,Sn7Ir5,135
mp-20355,Ce2CoSi3,
mp-23724,KHCO3,
mp-504984,USiNi,
mp-31284,NaSn5,
mp-21893,MnTe2,49.26677089
mp-20378,CaInAu,
mp-21897,YbIn4Pt,
mp-20380,HoMnSi,
mp-30228,Li4HN,
mp-20383,TbSiIr,
mp-28875,Hg2P3Cl,
mp-23758,KNa(BH4)2,
mp-21911,PRu2,
mp-27360,ReBiO4,134.6907984
mp-30245,Mg3H4O5,47.50075753
mp-28896,CuBIr,191
mp-352,HfO2,204.5734326
mp-28897,BIrPd,236
mp-20418,SiRh2,219.9526259
mp-28899,Hg2As3Br,
mp-3521,NaBF4,25.7876849
mp-28900,Cd2As3Br,
mp-27373,SnClF,
mp-23794,H4NF,
mp-20436,TaSiRh,235.4254568
mp-569619,BaI2,
mp-3527,Na3AgO2,
mp-27385,KTlCl4,
mp-22008,EuIn4Pd,
mp-20447,U3Co2Ge7,
mp-20465,As2Pd,107.0978614
mp-303,BaZn5,47.73448117
mp-27401,NaIO4,
mp-28952,PdSO4,26.24165214
mp-21441,CeSiIr,
mp-22035,KFe2S3,
mp-22036,ZrSbPd,128.4791265
mp-505166,ErCu(WO4)2,
mp-3555,LaSiIr,
mp-505168,DyCu(WO4)2,
mp-20492,ScSiRh,147.8800244
mp-20495,Na2CO3,43.80099428
mp-22041,HoGeRu,
mp-20498,YbGeRh,
mp-28969,Pr2NCl3,
mp-23918,NaGaH4,
mp-30337,Al5W,
mp-27449,GaTeCl,
mp-29011,BiTePd,73.64016589
mp-27462,AlPS4,7.915871577
mp-20540,YbSbPd,
mp-22101,DyMnSi,
mp-22115,TbSbRh,
mp-30380,GaAu2,
mp-22131,SmGa4Co,
mp-20557,YSiNi,112.1681287
mp-27475,WSCl4,1
mp-30385,Ho2Au,
mp-20571,DySiPt,
mp-22151,BaGePt,64.95091488
mp-35909,AgBiI4,
mp-20633,PbO2,
mp-35975,Li2MoO3,
mp-29678,AgBiS2,61.40752169
mp-12365,KThCuS3,
mp-3602,YAl4Ni,92.43568196
mp-20615,EuGePd,
mp-20616,CeNiGe,
mp-505373,AsSeI,
mp-29083,NaErCl4,
mp-31361,EuIBr,
mp-22206,TbCoSi,
mp-20645,TbSiRu,
mp-20648,V2C,244.055399
mp-22215,Ba2Y(CuO2)3,
mp-569001,Sr2LiCoN2,
mp-30456,SrLiBi,
mp-24124,NdH2ClO2,
mp-22452,PuCo3,
mp-27577,Cd2As3I,34.84995077
mp-22222,HoSiIr,
mp-3632,YSF,
mp-22227,ZrMnSi,146.2922936
mp-22228,DyCoSn,
mp-20669,Ca2In,
mp-20671,UCoGe,
mp-20676,ErNiGe,
mp-22238,TbSnPt,
mp-30478,Ca2Pb,
mp-27606,ZrAs2,109.9905995
mp-22247,ErSiRu,
mp-22249,CeSbRh,
mp-27609,U3Fe2Si7,
mp-3650,HfCu2Te3,40.49559875
mp-22258,HfSiMo,188.5082291
mp-22262,CoMoP,258
mp-20697,ZrNiSb,134.5945505
mp-22268,ZrPRu,207.5174418
mp-765847,Co3SbO8,33.053335
mp-22275,YSnPt,108.406715
mp-22284,SrInPt,62.28932688
mp-19086,BaCoO2,78.73636088
mp-22287,NbGeIr,223.7470427
mp-27652,ThI2,
mp-22291,CsGdHgSe3,
mp-29163,Ag2TeS3,
mp-31386,HoGaPd,
mp-20726,SrCaSn,
mp-505540,TiAsRh,178.4562183
mp-22302,ZrVP,176.7091928
mp-3679,NiSbS,95.75330147
mp-31387,ErGaPd,
mp-20733,ErSiIr,
mp-22309,CoSe2,99.1970686
mp-29174,SiCl2,
mp-36864,Li2TiO3,123.125505
mp-22322,EuInPd,
mp-22324,TbGePt,
mp-3689,NdCo4B,
mp-369,TbAl3,
mp-29190,Te4MoBr,
mp-27689,PH4Br,
mp-37014,GdPaO4,
mp-37255,Na2RuO3,
mp-20777,SmCoGe,
mp-22619,NiP2,144.561463
mp-22396,Nb4SiNi,190.5651833
mp-27741,TeAuI,
mp-30533,KPt2S3,32.20210566
mp-21297,LiSn4Ru,68.21946658
mp-29234,InTeI,
mp-20805,PdPbF4,64.74217233
mp-29236,InTeBr,
mp-29238,TlAgSe,
mp-20815,SnPbF4,
mp-29244,Cd2P3I,
mp-37722,KBH4,
mp-29245,Cd2P3Br,
mp-29246,Cd2P3Cl,
mp-22426,ScSiNi,132.3633757
mp-2997,ThB2C,181.4889082
mp-20811,UCoSi,
mp-20817,GePtSe,120.5814686
mp-22434,HfFeP,212.7444953
mp-22440,LuSiIr,
mp-22444,Ta4FeP,218.5122958
mp-29263,UBr5,
mp-20834,CeSnPt,
mp-22450,Li2PbO3,
mp-20838,CaIn4Ir,
mp-22453,YbGePt,
mp-38017,Na2PtO3,
mp-29308,Na5Co2S5,33.81068486
mp-29299,TeSeO4,
mp-20868,Fe2W,259.4115764
mp-22489,HfCuSi,154.8569336
mp-20887,VSn2,
mp-27864,BF2,
mp-27868,VNCl4,
mp-22522,ZrCuSi,146.5509417
mp-38725,NaBH4,19
mp-22529,SrInAu,
mp-27888,Zr3GeO8,196.3504379
mp-18876,K3CrO8,
mp-22545,EuGa3Co2,
mp-22546,CoAsRh,194.7474411
mp-27902,BiSe,
mp-632667,YbH2,
mp-27916,AgBiSe2,
mp-22565,MnSiRh,153.520846
mp-31468,LiCaN,69.57367073
mp-3901,NdNbO4,
mp-27927,NbAlO4,172.477645
mp-31470,Na4TlAu,
mp-22585,GeRh2,
mp-30577,CsK2,
mp-3933,Mg2PN3,150.4230224
mp-3941,LiYF4,
mp-31493,RbGa3,
mp-505820,NiPS,118.2835328
mp-30610,Er2Pt,
mp-18788,CrCoO4,
mp-18820,Sr3Fe2O7,
mp-4006,ErPO4,
mp-30618,DySnPd,
mp-402,CdP2,
mp-30634,HoFe3,
mp-504927,CrCuO4,
mp-4051,AlPO4,9.388007498
mp-30645,HoGa4Ni,
mp-4104,HoPO4,
mp-614,NaO2,
mp-30660,Ga5Pd,
mp-415,IrN2,339.300971
mp-4165,TaNO,
mp-4179,YbPO4,
mp-3070,Na2CO3,
mp-542475,CsFe2S3,
mp-569196,YNi3,131.9481619
mp-559067,KNa2AuO2,
mp-559091,SiO2,
mp-561224,TeO2,
mp-559118,CsTa(PO4)2,
mp-6983,NaAgO,
mp-554948,NaI(OF)2,
mp-571390,Cs2LiCl3,
mp-30719,Mg2Hg,44.53828204
mp-542623,Tl2SnS3,
mp-567167,BaMo(PO4)2,
mp-5370,ErNbO4,
mp-5377,YTaO4,
mp-556927,RbFeF4,35.99750701
mp-571414,KNa(BH4)2,
mp-540022,MnPO4,
mp-567249,GdMg2Ni9,
mp-542802,YCuPbS3,
mp-542812,GaTe,9.875481232
mp-569287,TlPAuSe3,
mp-30750,CeAl4Ni,
mp-567336,CdI2,
mp-571465,PbIBr,
mp-569317,Cr3InO8,
mp-556978,Na2S,
mp-567404,YbIn4Pd,
mp-542948,CsYbCoSe3,
mp-555018,RbNa2AuO2,
mp-556985,SiO2,
mp-569322,Te2Ir,
mp-556994,SiO2,
mp-561294,SrLi2Nb2O7,
mp-773501,Li3MnV2O6,
mp-770192,Li2CrO3,
mp-777913,Li2VO2F,
mp-758720,Li5CuF6,
mp-777964,Na2BiO3,
mvc-11089,VO2,
mp-770149,Li2CrO3,
mp-766149,LiV(OF)2,
mp-777801,LiFeF4,32.0213733
mp-766142,LiFe5O5F,
mp-777778,Li2VO2F,
mp-850978,VFeO4,130.7746021
mp-773355,Li3V(FeO3)2,
mp-770102,Li3Al2VO6,
mp-777720,Li2VO2F,
mp-770093,Li3Fe(CuO3)2,
mp-773312,Li3Cr2FeO6,
mp-1096802,Ag2GeSe3,
mp-763358,Fe4OF7,
mp-763357,LiP2WO8,
mp-763356,Fe4O7F,
mp-773304,Li3Nb2CrO6,
mp-773302,Li3Ti2CrO6,
mp-763353,Fe4O5F3,123.7906851
mp-676103,RbClO4,
mp-773292,Li3Mn(FeO3)2,
mp-763344,LiV3O8,
mp-763343,Li2VO2F,
mp-773288,Li3Fe2CuO6,
mp-773287,Li3V2CoO6,
mp-763341,Fe2O3F,
mp-770041,Li3VCr2O6,
mp-850878,Fe4O5F3,
mp-624909,LaNb2CuBrO7,
mp-763330,FeOF,135.1074514
mp-773274,Li3Cr(NiO3)2,
mp-675926,LiBH4,6.166568239
mp-752580,RbNO2,
mp-773262,Li3NbV2O6,
mp-758054,LiAgF4,
mp-1094556,MgSb2,
mp-777554,CrO,
mp-769994,Li3Ti2CoO6,
mp-771740,Mn3TeO8,
mp-769978,CrFeO4,
mp-623295,SmGaCo,
mp-623261,PrGaCo,
mp-868627,CoF3,
mp-765886,CoSbO4,
mp-715553,VO2,97.49968353
mp-675597,Na3NO2,
mp-769969,TaFeO4,
mp-963,ZrO2,
mp-756889,KRbO,
mp-850518,Mn4O7F,
mp-756869,K2TbO3,
mp-715482,MoO2,75.32634703
mp-777479,VO2,41.82374209
mp-769949,Na2MnO3,
mp-850481,CoPO4,
mp-777469,VO2,
mp-622620,ErNiSn,
mp-769930,CoBiO4,85.76925268
mp-764286,VOF,147.0511072
mp-764100,Li2CoOF2,
mp-773162,Li3Fe2SnO6,
mp-756666,BaCaI4,
mp-850305,SrCaI4,
mp-850283,HfNbO4,
mp-756654,SbOF,
mp-769889,TaFeO4,191.6194501
mp-764063,Li2CoO2F,
mp-756597,Li2HfO3,95.32948223
mp-777321,LiMnF4,
mp-777318,Li3V2NiO6,
mp-770909,CrCo3O8,
mp-769869,FeSeO4,
mp-777280,Li3Mn(NiO3)2,
mp-675450,BaBi4O7,
mp-756853,LiBSbO3,
mp-756457,ErNbO4,
mp-770908,CoO2,
mp-769851,ScCrO4,
mp-777240,Li2FeO2F,
mp-756426,ZrNbO4,
mp-756401,TaAsO4,
mp-756400,NdBiO4,
mp-777219,LiVF4,38
mp-620571,CaInPd,60.60752284
mp-756336,CaEu2O3,
mp-643264,BaMg2FeH8,
mp-765736,NaNi5O6,152.4935563
mp-761390,TaFeO4,197.3870029
mp-763196,MnOF,
mp-771844,Mn3VO8,41.94291978
mp-771796,Mn3CuO8,84.9754078
mp-769799,Na2FeO3,43.87481373
mp-756235,Ba3SrI8,
mp-769794,Li2CrO3,
mp-756216,EuSeO4,
mp-756182,RbHO,
mp-643062,H4IN,
mp-998917,K2O2,
mp-769772,Li2CrO3,
mp-756156,Rb2ZrO3,
mp-850277,SrCaI4,
mp-777133,V3CuO8,
mp-850068,NiS2,
mp-756106,TbCeO4,
mp-764025,MnOF,
mp-643004,SrMg2FeH8,
mp-850049,CoS2,
mp-761341,TiVO4,222.5659995
mp-850247,Na2CoO3,33.32895089
mp-777097,CrAgO4,
mp-763183,LiMnF4,
mp-755895,Ba3Zr2O7,118.8267014
mp-755891,CsLiH4SO5,
mp-674849,TlBiF4,
mp-769687,Li4TiCrO6,
mvc-12125,FeO2,
mp-849695,Li2FeO3,
mp-755759,ZrO2,213.1198629
mp-779545,Na3CuO2,42.95909012
mp-765538,Li3Co2NiO6,
mp-769828,LiCoBO3,
mp-615366,FeS2,
mp-614803,Cs2TeO3,
mp-776881,LiFeF4,57
mp-755487,Li2BiO3,
mp-613314,CoAsS,
mp-1094380,MgTi2,
mp-769813,LiMnBO3,
mp-776864,V3CoO8,144
mp-761831,Li3Cr(CoO3)2,
mp-755057,Rb2PrO3,
mp-764742,Fe2O3F,136.231711
mp-609151,MgWO4,121.7536749
mp-772271,LuWO4,
mp-763944,Li5CoOF5,
mp-608517,EuSnPt,
mp-754978,CdCu2O3,73.39952341
mp-764728,Li2VO2F,
mp-754955,LuSiRu,
mp-761035,AgRuO4,
mp-769118,HoSO,
mp-781959,NaCo2O3,86.38249963
mp-754954,Ag2Se,23.01568599
mp-781958,V4O3F5,
mp-776649,Li3Y(NiO3)2,
mp-764721,LiVOF3,
mvc-3221,Sr3Co2S2O5,
mp-781768,Mn2OF3,
mp-776513,LiVF4,59.01390886
mp-754870,Li2RhO3,
mp-776626,LiVF4,53.21173314
mp-754844,Na2IrO3,
mp-754840,TaAsO4,
mp-767107,Li2MnO2F,
mp-763860,Mn2OF3,
mp-7148,K2SrTa2O7,
mp-760507,AsRhO4,
mp-769002,Li2BiO3,
mp-760439,TaTiO4,211.2145081
mp-760402,TaRhO4,
mp-754782,Na2CdO3,
mp-760396,TaAlO4,215.9710418
mp-763804,LiV3O8,
mp-763783,Li4MnF7,
mp-754745,Na2SnO3,
mp-774003,VRhO4,214.0360603
mp-754741,ZrO2,109.3240379
mp-1095445,CsFe(MoO4)2,
mp-754736,BaSr3I8,
mp-766906,LiVF4,58.62486604
mp-772066,Li3Ti2NiO6,
mp-759877,Li4CuF7,53.02838767
mp-773296,Mn3NiO8,83
mp-776495,LiFeF4,
mp-766842,TaCrO4,
mp-634812,H2O,
mp-776493,LiVF4,31
mp-772057,Li3Mn2VO6,
mp-754672,TiO2,68.30527221
mp-778746,VOF,150
mp-772052,CdSeO4,
mp-764668,Fe4OF7,
mp-781626,Li2NbO3,
mvc-11093,MnO2,
mp-754628,WN2,121.3598523
mp-773602,MnCo3O8,
mp-853165,Li5CoOF5,
mp-754614,LuNbO4,
mp-1095224,PtO2,
mp-3419,RbAuF4,
mp-510126,Ce3Ni2Sn7,
mp-766156,LiV3(OF3)2,
mp-766154,VF5,5.939245849
mp-773365,Mn3CrO8,
mp-776366,LiFeF4,
mp-764640,NaNi2O3,121
mp-756098,BaSrI4,
mp-646450,TbCoSn,
mp-764631,Mn4O3F5,
mp-776331,Zr5N5O2,221.6621731
mp-570430,TaCo2,222
mp-761633,Li3Mn(CoO3)2,
mp-19395,MnO2,106.3453271
mp-605252,DyGaCo,
mp-754358,ZnSeO4,58.27602604
mp-763326,CoOF,158.484234
mp-675893,HoPaO4,
mp-765936,Co3NiO8,24
mp-675871,ErPaO4,
mp-675798,NaHoF4,
mp-765922,FeCo3O8,-51.69478007
mp-754338,Ag2O,
mp-776264,LiFeF4,38
mp-770001,Mn3CrO8,
mp-569220,ErRu2,
mp-781065,Fe2OF3,
mp-15605,ScSi3Ni2,139.2489474
mp-714969,MoO2,89
mp-765891,LiNi5O5F,
mp-714931,VO2,
mp-675623,CsClO4,
mp-761602,Li3Fe(CoO3)2,
mp-776217,MnV3O8,133.3860613
mp-761592,Li3Fe2CoO6,
mp-776184,V3NiO8,145.0404086
mp-765877,Li5NiOF5,
mp-765876,MnCo3O8,
mp-761568,Rb2CoO3,128.0524095
mp-765866,Co3NiO8,
mp-765865,CrCo3O8,
mp-765864,TiCo3O8,
mp-771856,MnVO4,112.3796315
mp-754134,HfZrO4,204.3544613
mp-771855,CoTeO4,
mp-769941,DyWO4,
mp-765856,Li5NiOF5,
mp-761563,Mn2FeO3,147.5953489
mp-764562,Na2FeO3,86.46660111
mp-771842,Li3Cr2NiO6,
mp-18953,NaV(OF)2,
mp-771840,Li3V2FeO6,
mp-756638,NbRhO4,213.9160141
mp-761526,FeCoO4,
mp-675106,TmPaO4,
mp-644492,LuNbO4,
mvc-10873,CrO2,
mp-644419,LiHS,
mp-753958,GdAsO4,
mp-771797,MnCoO4,36.06754323
mp-765789,Li2NiOF2,
mp-625211,LiH3O2,
mp-674459,NaErF4,
mp-771783,Li3Co(NiO3)2,
mp-754010,ZnCu2O3,92.2531795
mp-753826,LiCuS,62.44961475
mp-756361,ZrSeO,121.8477466
mp-753823,CeTh3O8,
mp-756342,AgBrO4,
mp-776039,NaMnBO3,
mp-755769,ZrO2,159
mp-756276,CeHfO4,
mp-753798,Rb2SnO3,42.69552562
mp-762800,Li4VF7,48.50520525
mp-769777,NbVO4,163.736642
mp-643718,BaMgH4,35.13304513
mp-618991,Cu2S,92.99653341
mp-763347,Li2VO2F,
mp-771789,TiMn3O8,92.34128402
mp-773594,YCrO4,
mp-777096,LiFeF4,62.46272969
mp-645665,RbFe(MoO4)2,
mp-753708,TiOF,134.8436486
mp-771724,Li3Fe2NiO6,
mp-756018,BaMgO2,78.81458533
mp-756013,PrSiO4,
mp-755959,NaLiO,
mp-753656,SbOF,
mp-755894,Li2O,
mp-769692,LuWO4,
mp-755781,TbNbO4,
mp-1746,MgF2,102.9160092
mp-765548,LiVF4,94.0001181
mp-778409,LiVF4,22.59726802
mp-776939,LiVF4,66.22840032
mp-765308,Li2MnO2F,
mp-765536,LiNi2O2F,
mp-600663,CeGaNi,
mp-615152,MnF2,
mp-779254,Co2O3F,
mp-756473,WSCl4,0.889196287
mp-669307,FeSbPt,
mp-768230,SmTaO4,
mp-774353,Li3Ti(NiO3)2,
mp-768223,Cs2CeO3,
mp-600232,NpNiSn,
mp-768176,TmTaO4,
mp-774337,Li3Ti2FeO6,
mp-613172,VBiO4,
mp-13444,LiSn,36.36506361
mp-763095,FeOF,128.994221
mp-771220,Li3Ti(CoO3)2,
mp-849459,Li2FeO2F,
mp-765230,LiVOF3,
mp-755573,Cs2O,
mp-556585,MnF2,
mp-763073,Fe4O7F,
mp-765848,Co3TeO8,37
mp-771199,V3FeO8,147
mp-763052,Fe2OF3,114.728405
mp-772290,LiAgO,
mp-763045,Fe4OF7,
mp-772261,LaAsO4,
mp-754128,Ba3Hf2O7,124
mp-763037,Fe4O3F5,
mp-768069,MnCo3O8,
mp-849388,V2O3F,
mp-613235,CoSO4,
mp-772246,TaVO4,208.6501611
mp-754964,HfZrO4,
mp-774249,Li3MnCr2O6,
mp-781963,Li2FeO2F,
mp-849359,Na2NiO3,71.75681229
mp-768039,CrOF,
mp-768037,VOF,157.4680978
mp-849354,TiV3O8,167.6987941
mp-763006,LiMnF4,
mp-768032,VOF,131.9473013
mp-768031,MnOF,
mp-768030,FeOF,112
mp-768028,Li3Mn2SnO6,
mp-849352,V3CrO8,
mp-778025,Li3Mn2FeO6,
mp-610687,CeSnRu,
mp-610517,Ag2S,26.17457323
mp-610491,BiSeCl,
mp-762993,Fe2O3F,
mp-2633,GeO2,
mp-778012,Li3Fe2SbO6,
mp-768014,Mn2OF3,
mp-772156,ErAsO4,
mp-774155,Li2FeO3,98.85873376
mp-771067,CrSO4,
mp-762920,FeOF,93.52713169
mp-774138,V2O3F,119.7817815
mp-764686,Li2VO2F,
mp-765073,Li2MnO2F,
mp-767979,Li2MnOF2,
mp-556565,KBrF4,
mp-754757,SbRhO4,
mp-606949,C,118.9718214
mp-625385,HNO,
mp-625377,HNO,
mp-565596,UCoO4,
mp-1020588,ZrSiO4,
mp-624564,BaNiF4,
mp-1020059,LiGe2N3,125.1619398
mp-768863,PrAsO4,
mp-754588,ZrBiO4,123.3484695
mp-607816,UFeGe,
mp-754779,Li2NbS3,53
mp-764687,LiVOF3,
mp-703260,PbWO4,67.26116726
mp-7139,N2O,
mp-754698,NbO2,166.4431697
mp-771977,TmAsO4,
mp-16363,CoAsS,130.6075097
mp-30770,LuMn5,
mp-543045,Tl2CO3,
mp-569338,YbAlPd,
mp-571486,CuSe,
mp-569341,NdBPt2,
mp-571499,TaIr,273.6917626
mp-561306,NbCoO4,149.1589848
mp-555047,LiCoF4,61.27325894
mp-30780,SrMgSn,35.90390109
mp-561307,DySCl,
mp-545404,SrGd2Al2O7,
mp-545479,B4CCl6O,
mp-545488,SiO2,
mp-545525,NbCuO3F,
mp-567542,PbI2,
mp-545548,BaHf(PO4)2,
mp-545598,UCdO4,
mp-30786,TmMn2,
mp-545719,SiO2,
mp-567590,LuOs2,
mp-567584,Hf2Te,
mp-545746,KSO4,
mp-545974,AlPO4,121
mp-31628,CrReO4,
mp-567612,ScOs2,237.1970002
mp-567617,RhN2,
mp-569380,BaCeI4,
mp-561326,LuSeO3F,
mp-546125,ScAsO4,140.6868611
mp-567644,RbCu2Br3,
mp-555077,Sn2IF3,
mp-10720,ThC2,
mp-5466,YbNbO4,
mp-567705,TiAl2,108.5598611
mp-571547,Te2Au,
mp-567730,Pr2B3Cl,
mp-31645,CrPO4,
mp-7851,TaCo3,247
mp-1094440,Mg2Zn,
mp-567744,SrBr2,17.32662075
mp-1039330,CaMg2,
mp-569424,Cr2B,
mp-559405,RbU2SbS8,
mp-567817,HfGeTe4,13.39406207
mp-555096,PrS2,
mp-567836,K2NaBP2,
mp-569436,MoCl5,
mp-569442,RbAuCl4,
mp-2715,CoAs2,131.793126
mp-555109,TmNbO4,
mp-5503,ErTaO4,
mp-6660,BaNaBO3,
mp-559435,CoF3,94.92744691
mp-567982,TaSn2,103.2332044
mp-568008,Rb3Mn2Cl7,
mp-557118,SiO2,
mp-569494,SmMg2Ni9,
mp-568040,La2AlNi9,
mp-557122,RbAu(SeO4)2,
mp-555138,CoSeO4,
mp-5874,TlAgTe,
mp-569511,NiTePd,120
mp-568130,NdAlPt,
mp-555147,SiO2,
mp-568137,Cs3Mg2Cl7,21.39372545
mp-571627,CaCl2,
mp-561430,LiLuF4,
mp-557142,Li2S,
mp-568186,YRu2,166.9144045
mp-568191,SrLuCuSe3,
mp-568207,NdMg2Ni9,
mvc-6934,MnO2,193.6961063
mp-571642,CaCl2,
mp-568245,NbBr5,
mp-568284,SrI2,12.73413036
mp-553881,SiO2,
mp-569558,AlAu2,118.3886733
mp-555184,SmTiClO3,
mp-553932,GaPO4,20.05486883
mp-569568,Ta3AlC2,224.5853602
mp-557232,KSmPdO3,
mp-557233,AlTlF4,44.85872064
mp-553961,ScNbO4,166.8849979
mp-557244,SiO2,
mp-555194,SiHg3(SF3)2,
mp-568422,NaAg(CN)2,
mp-568424,CaAlAu,66.88735924
mp-557251,Tl2CS3,
mp-569578,NbI5,
mp-553988,Cs2LiF3,
mp-557266,HgO2,40
mp-572767,CsAuF4,
mp-557291,BaCoF4,56.29271162
mp-559554,Li2TeO3,
mp-554015,CsK(ClO4)2,
mp-31753,RbCr3O8,
mp-561490,PdSeO4,20
mp-557328,Li3Zn2SbO6,
mp-569605,Yb2Tl,
mp-554072,K2CO3,
mp-554074,NbS2,
mp-554089,SiO2,20.09448126
mp-554109,CuSeO4,
mp-561511,FeAsS,142.7366109
mp-569628,CaCdAu,52.86525719
mp-19905,Co2Si,225.309435
mvc-9645,BiO2,
mp-555234,RbSbBrF3,
mp-571053,Al5Mo,118.5313534
mp-5868,Sr3Ru2O7,
mp-573316,CsPt2Se3,23
mp-554151,SiO2,
mp-554155,KSb(PO4)2,
mvc-11115,TiO2,
mvc-9648,SnO2,
mp-555251,SiO2,
mp-569670,LaNdI4,
mp-554198,CaMg(SiO)2,
mp-561536,NaMgBO3,
mp-1095616,BaNdAgS3,
mp-573658,Cs3BAs2,13
mp-559598,LiScF4,85.63734812
mp-573710,CsTbZnSe3,
mp-573763,Cs2Te,
mp-557564,CeNbO4,
mp-554278,TiO2,180.8271996
mp-573935,CsYbZnSe3,
mp-569707,BiSeBr,
mp-568529,PrMg2Ni9,
mp-559612,KLiO,
mp-566329,Ca3Fe2Cl2O5,
mp-554328,NaSO4,
mp-561591,ZnWO4,
mp-574189,PbI2,
mp-555280,ZnS,69.33807864
mp-557653,SiO2,
mp-555286,CsNb(PO4)2,
mp-554412,RbTa(PO4)2,
mp-574472,CsCeHgSe3,
mp-557692,Ba3Tl2Cl2O5,
mp-555296,YbTaO4,
mp-574620,CsYZnSe3,
mp-574651,CsSmMnSe3,
mp-574663,CdI2,
mp-4690,K3TaO8,
mp-5784,Na2GeO3,53.18735077
mp-561637,VO2,166.1716104
mp-540703,Cs2S,
mp-1095412,RuO2,
mp-23291,PbCl2,18.07301697
mp-569783,ErFe3,
mp-561685,CsYbCoS3,
mp-554573,SiO2,26.03666492
mp-561691,KV(SO4)2,
mp-554593,TbTaO4,
mp-557837,SiO2,19.47744275
mp-569803,B2W,321.3884458
mp-555321,BaNiF4,59.11942356
mp-561722,CsTmCoS3,
mp-557861,Li2CaTa2O7,
mp-568602,YCrO4,
mp-557873,SiO2,36.29554177
mp-555331,KGdPdO3,
mp-568607,Al5Mo,120.5890975
mp-557914,DyTaO4,
mp-579536,CsCu2ICl2,
mp-579556,CsHoZnTe3,
mp-561826,Cr3CuO8,
mp-4757,KReO4,
mp-554769,MoSBr,
mp-568439,KNa(BH4)2,
mp-557993,BiO2,40.69357971
mp-568630,LuRu2,
mp-558059,LiMnF4,
mp-31906,MnReO4,
mp-561902,CsAg3S2,
mp-554822,CsSb(PO4)2,
mp-561940,Na3Co2SbO6,
mp-568672,YbGeIr,
mp-10948,SiO2,
mp-558155,KFeF4,
mp-568685,TmAlRh,
mp-569886,KIn9Ni2,40.46265953
mp-559760,ScIO,
mp-31942,MnPO4,
mp-558227,K2RbMn2F7,
mp-1095012,MgBi,
mp-5853,LiSi2N3,158.5049343
mp-22759,CoBW,334.7956959
mp-558281,SrCrF4,
mp-581678,LiEu2Si3,
mp-555477,Ag2H3IO6,
mp-555483,SiO2,
mp-569989,Nb2C,227.6883149
mp-569994,CdI2,
mp-559847,Ag5P(S2Cl)2,
mp-23005,Bi4Te7Pb,
mp-582060,CuSe,
mp-562490,SiO2,
mp-1094399,MgTi,
mp-1095470,Eu2ZnGe3,
mp-570042,PrAlPt,
mp-562610,SnO2,
mp-582421,KUCuSe3,
mp-558781,ScTaO4,177.1473888
mp-3203,NdTaO4,
mp-556988,Li2RuO3,
mp-555538,AlPS4,
mp-568862,OsN2,
mp-558831,KNdPdO3,
mp-568889,Ag2Se,
mp-563025,Na6PbO5,
mp-565192,CuBi(WO4)2,
mp-1014910,CrN2,
mp-1030617,TeMoWSe3,
mp-1030616,Te4Mo3WSe4,
mp-1030614,Te6Mo3WSe2,
mp-1030615,Te4Mo3WSe4,
mp-1030613,Te2MoWSe2,
mp-1030605,Te2Mo3WSe6,
mp-1030596,Te2MoWSeS,
mp-1030580,TeMoWSeS2,
mp-1030578,TeMoWSe2S,
mp-1030577,Te6Mo3WSe2,
mp-1030576,Te4Mo3W(SeS)2,
mp-1030575,Te2Mo3W(Se2S)2,
mp-1030573,Te4Mo3WSe4,
mp-1030574,Te4MoW3(SeS)2,
mp-1030572,Te2MoW3(Se2S)2,
mp-1030571,Te4Mo3W(SeS)2,
mp-1030536,MoW3(SeS)4,
mp-754214,TlAsO4,
mp-1030534,Te2MoWSeS,
mp-19280,NaCr3O8,
mp-1030526,TeMoWSe2S,
mp-1030525,Te2MoW3(SeS2)2,
mp-776200,GdAsO4,
mp-1030524,MoW(SeS)2,
mp-754495,NbNO,138.9541765
mp-1030520,MoW3(SeS3)2,
mp-1030518,TeMoWSeS2,
mp-1030515,TeMoWSe2S,
mp-1030514,Te2Mo3W(Se2S)2,
mp-1030512,TeMoWSeS2,
mp-776985,MnV3O8,8.704435072
mp-1030467,Te4Mo3WS4,
mp-1030466,TeMoWSe3,
mp-1030516,TeMoWSe2S,
mp-1030465,MoW3(Se3S)2,
mp-1030462,Te2Mo3W(SeS2)2,
mp-1030461,TeMoS,
mp-1030459,Te2Mo2SeS,
mp-1030458,Te2Mo3WS6,
mp-1030456,Te2Mo3W(Se2S)2,
mp-1030454,Te4MoW3Se4,
mp-1030453,Te6Mo3WSe2,
mp-1030450,Te4Mo3W(SeS)2,
mp-1030449,Te4Mo3WSe4,
mp-1030448,Te6MoW3Se2,
mp-1030419,Te3MoWS,
mp-1030418,Te2Mo3W(SeS2)2,
mp-1030410,Te2Mo3WSe6,
mp-1030409,Te2Mo3W(Se2S)2,
mp-1030408,Te4Mo3WSe4,
mp-1030405,Te2MoWSeS,
mp-1030404,Te4Mo3W(SeS)2,
mp-1030403,Te2Mo3W(Se2S)2,
mp-1030338,Te4Mo3W(SeS)2,
mp-1030393,TeMoSe,
mp-1030392,Te2MoWSeS,
mp-1030391,Te2MoWS2,
mp-10383,LaTeAs,
mp-1030390,TeMoWSeS2,
mp-1030388,TeMoWSeS2,
mp-1030389,TeMoWSe2S,
mp-983,RhSe2,
mp-1030354,Te4Mo3WS4,
mp-1030375,Te3MoWSe,
mp-1030353,Te3MoWS,
mp-1030352,TeMoWS3,
mp-1030340,Te6Mo3WS2,
mp-1030373,Te6Mo3WS2,
mp-1030337,Te6Mo3WS2,
mp-1030335,Te4MoW,
mp-1030327,Te6Mo3WSe2,
mp-1030334,Te4Mo3WSe4,
mp-1030332,Te4Mo3W(SeS)2,
mp-1030333,Te6Mo3WS2,
mp-613306,KAg3Te2,
mp-1030325,Te6Mo3WSe2,
mp-1030307,Te2MoWSeS,
mp-1030331,Te8Mo3W,
mp-1030319,Te2Mo,
mp-1030309,Te2MoWS2,
mp-1030297,TeMoWSe2S,
mp-1030295,Te3MoWSe,
mp-1030292,Te2MoWSe2,
mp-1030289,TeMoWSeS2,
mp-1030286,Te2MoWS2,
mp-771811,Mn3CoO8,88.45289341
mp-1030284,Te4Mo3W(SeS)2,
mp-1030281,Te6Mo3WS2,
mp-1030274,Te3Mo2S,
mp-1030270,TeMoWS3,
mp-1030268,TeMoWSeS2,
mp-1030252,Te4Mo3W(SeS)2,
mp-1030247,Te6MoW3S2,
mp-753976,GdAsO4,
mp-644486,KAlH4,
mp-1030269,Te4Mo3WS4,
mp-764674,Co2OF3,
mp-1030244,Te2MoW3(SeS2)2,
mp-1030243,TeMoWSeS2,
mp-1030240,Te4Mo3WS4,
mp-1030239,Te2MoWSe2,
mp-1030236,TeMoWS3,
mp-1030235,Te3MoWSe,
mp-1030212,Te2MoWSeS,
mp-1030201,Te2MoWSeS,
mp-753911,GdAsO4,
mp-1030198,Te2MoWSeS,
mp-1030196,Te2MoWS2,
mp-1030195,Te3MoWS,
mp-1030194,Te6Mo3WSe2,
mp-1030190,TeMoWSe2S,
mp-644223,LiBH4,16.66082069
mp-1030176,Te2MoWSeS,
mp-1030165,Te2MoWSe2,
mp-1030164,Te2MoWSe2,
mp-1030163,TeMoWSe3,
mp-1030162,TeMoWSe2S,
mp-1030161,Te3MoWSe,
mp-1030160,Te6Mo3WSe2,
mp-1030159,Te4MoW3(SeS)2,
mp-1030158,Te4MoW3Se4,
mp-1030156,Te4Mo3WSe4,
mp-1030155,Te8Mo3W,
mp-1030154,Te4Mo3W(SeS)2,
mp-1030153,Te4MoW3S4,
mp-753768,TbPrO4,
mp-1030146,MoWSeS3,
mp-1030136,Te6MoW3S2,
mp-753726,TbCeO4,
mp-1030131,MoWSeS3,
mp-1030128,Te4MoW3(SeS)2,
mp-1030120,Te4MoW3Se4,
mp-1030119,MoWS4,
mp-1030108,Te8MoW3,
mp-1030107,Te6MoW3Se2,
mp-1030106,Te4MoW,
mp-1030104,Te6MoW3Se2,
mp-1030102,Te4MoW3(SeS)2,
mp-1030101,Te4MoW3Se4,
mp-644431,Cd2P3Cl,
mp-754171,CsRbO,
mp-768303,DyNbO4,
mp-626778,NaHO,
mp-1029952,Te3MoWS,
mp-1029951,Te2MoW3(Se2S)2,
mp-1029950,Te2MoWS2,
mp-1029948,Te2MoW3(SeS2)2,
mp-1029947,Te2MoWSeS,
mp-1029946,Te2MoWS2,
mp-1029945,Te2MoWSeS,
mp-1029940,Te2MoWSeS,
mp-1029937,TeMoWSeS2,
mp-1029264,Te4MoW3Se4,
mp-1029262,VZn2N3,152.4934855
mp-1029259,Te2MoWSe2,
mp-1029257,Zn2ReN3,127
mp-1029256,Te4MoW,
mp-754610,Sr3CaI8,
mp-1029255,Te6MoW3Se2,
mp-1029252,Te3MoWSe,
mp-1029250,Te2MoW3(Se2S)2,
mp-1029249,TeMoWSe2S,
mp-9027,TiS2,47.05880239
mp-697085,H2O,
mp-1029248,Te2Mo(WS2)3,
mp-1029246,MoW3S8,
mp-1029245,Te2MoWSe2,
mp-1029243,TeMoWSe3,
mp-1029236,Te3MoWSe,
mp-1029235,Te4MoW3S4,
mp-1029234,MoW3(SeS3)2,
mp-1029233,Te4MoW3(SeS)2,
mp-1029232,MoW3(SeS3)2,
mp-1029231,Te4MoW3(SeS)2,
mp-1029225,Te2MoW3(SeS2)2,
mp-1029219,Te2MoW3(Se2S)2,
mp-1029213,Te2MoWSeS,
mp-1029190,Te2MoW3(Se2S)2,
mp-1029189,Te6MoW3S2,
mp-1029179,MoW(SeS)2,
mp-1029176,TeMoWSe2S,
mp-1029166,Te4MoW3S4,
mp-1029161,Te4Mo3WSe4,
mp-1029165,TeMoWSe3,
mp-1029155,TeMoWSeS2,
mp-1029154,Te2MoWSeS,
mp-1029153,TeMoWSe2S,
mp-1029148,Te2MoWSeS,
mp-1029147,Te2MoW3(Se2S)2,
mp-1029145,Te4MoW3(SeS)2,
mp-1029144,Te2MoWSe2,
mp-1029143,Te6Mo3WSe2,
mp-1029141,Te2MoW3(SeS2)2,
mp-1029121,Te2MoWSeS,
mp-1029140,Te2MoW3(SeS2)2,
mp-1029139,Te4MoW3S4,
mp-1029125,Te2MoW3(SeS2)2,
mp-1029118,Te2Mo(WS2)3,
mp-1029116,TeMoWSe2S,
mp-1029115,Te2MoWS2,
mp-1029113,Te2MoW3(SeS2)2,
mp-1027440,MoW(SeS)2,
mp-1027437,Te2Mo3W(Se2S)2,
mp-1029112,Te3MoWS,
mp-1027436,Te4Mo3WS4,
mp-1029102,Te2MoWSe2,
mp-1027424,Te2Mo3W(SeS2)2,
mp-1029101,Te4MoW3Se4,
mp-1027412,TeMoS,
mp-1029078,Te2MoW3(Se2S)2,
mp-1029077,MoW(SeS)2,
mp-1027410,Te2Mo2SeS,
mp-1029076,Te2Mo(WS2)3,
mp-1027409,Mo3W(SeS)4,
mp-1027408,Te6Mo3WS2,
mp-1029075,Te3MoWSe,
mp-1029074,Te4MoW3(SeS)2,
mp-1027407,Te4Mo3W(SeS)2,
mp-23083,KAs4BrO6,
mp-1027404,Mo3W(Se3S)2,
mp-20157,BaGdCuSe3,
mp-1029073,Te2Mo(WSe2)3,
mp-1029072,Te2MoWS2,
mp-1027395,Te2Mo(WS2)3,
mp-1029069,MoW(SeS)2,
mp-1027391,MoWSeS3,
mp-1029066,Te2MoWSe2,
mp-1027382,TeMoWSeS2,
mp-1027383,Te4Mo3WS4,
mp-1029063,TeMoWSeS2,
mp-1029062,MoW3(SeS)4,
mp-1027379,Te2Mo3WS6,
mp-1029059,Te4MoW3(SeS)2,
mp-1027376,MoW(SeS)2,
mp-1029044,Te2MoW3(SeS2)2,
mp-1027375,Te2MoWS2,
mp-1029043,MoW3(Se3S)2,
mp-1027372,Te2MoWSeS,
mp-1029037,MoW3(SeS3)2,19.83104007
mp-1027359,TeMoWSeS2,
mp-1020638,Na8PO3,
mp-1029031,MoW3(SeS)4,
mp-1027358,TeMoS,
mp-1029026,MoW3(SeS)4,
mp-1027355,Te4Mo3WS4,
mp-1029025,TeMoWSe2S,
mp-1029021,Te2MoWSeS,
mp-1029014,TeMoWSeS2,
mp-1027352,Te4Mo3WS4,
mp-1027351,Te4Mo3W(SeS)2,
mp-1020625,Rb8N3O,
mp-1029016,Te2MoW3(SeS2)2,
mp-1027350,TeMoWSeS2,
mp-1029015,Te2MoWSeS,
mp-1027348,TeMoWSe2S,
mp-1027341,Te2MoWS2,
mp-1028999,Te2Mo(WS2)3,
mp-1020595,Rb8PO3,
mp-1027339,Te2Mo2SeS,
mp-1028998,MoWSe3S,
mp-1020591,Rb8NO3,
mp-1028991,Te2MoW3(SeS2)2,
mp-1019898,LaPO4,
mp-1027337,Te2Mo3W(Se2S)2,
mp-1028985,Te3MoWS,
mp-1027335,MoWS4,
mp-761716,MnFe2O3,152.051918
mp-769665,VCoO4,
mp-1028980,Te4MoW3(SeS)2,
mp-1019800,K8N3O,
mp-1027334,Te4Mo3W(SeS)2,
mp-1028979,TeMoWSe3,
mp-1027328,MoW3(SeS3)2,
mp-1019799,K8NO3,
mp-1028978,MoWSe4,
mp-1027311,Te2MoWSeS,
mp-754199,BaSrI4,
mp-1028976,Te4MoW3S4,
mp-1027309,TeMoWSe2S,
mp-1028975,Te2MoWS2,
mp-1027305,Te4Mo3W(SeS)2,
mp-1028971,Te2MoW3(Se2S)2,
mp-1028948,TeMoWSe2S,
mp-1027304,Te2Mo3WS6,
mp-1028959,TeMoWSe2S,
mp-1027303,TeMoWS3,
mp-1028952,MoW3(Se3S)2,
mp-1020590,Na8N3O,
mp-1027302,Te2Mo3W(SeS2)2,
mp-1028951,Te2MoW3(Se2S)2,
mp-1027294,Mo3W(SeS3)2,
mp-1027293,MoWSeS3,
mp-1028947,MoW3(SeS)4,
mp-1027292,MoWSeS3,
mp-1028939,TeMoWSe2S,
mp-1027286,TeMoWSeS2,
mp-1028932,Te4MoW3S4,
mp-1027281,MoWSeS3,
mp-1028933,TeMoWSeS2,
mp-1027278,Te3MoWS,
mp-1028938,Te2MoWSeS,
mp-1027274,MoWSeS3,
mp-1027273,MoW3S8,
mp-1028931,Te2MoWSe2,
mp-1027269,MoWS4,
mp-1028930,MoW3(SeS)4,
mp-1027267,Mo3W(SeS)4,
mp-1028929,Te2Mo(WS2)3,
mp-1027176,Te4MoW3(SeS)2,
mp-1028922,MoW3(Se3S)2,
mp-1014993,CrN2,
mp-1027175,Te2Mo3W(SeS2)2,
mp-567849,Er2Al3Co,
mp-1028919,Te2MoWSeS,
mp-1027174,Te2MoW3(SeS2)2,
mp-1028917,MoW3(SeS3)2,
mp-1028912,Te2W2SeS,
mp-1020029,Li8PO3,
mp-1027173,TeMoWSeS2,
mp-1095618,PtN2,
mp-1028911,Te2MoW3(Se2S)2,
mp-1027172,Te4MoW3S4,
mp-1028910,Te4MoW3(SeS)2,
mp-1027171,TeMoWSeS2,
mp-1027170,Te2MoWSeS,
mp-1028901,Te2MoW3(Se2S)2,
mp-570007,SmOs2,
mp-1028887,TeW2Se2S,
mp-1028881,TeMoWSe2S,
mp-1027169,Te4MoW3S4,
mp-1028873,TeMoWSe2S,
mp-1027168,Te4Mo3W(SeS)2,
mp-1028872,TeMoWSeS2,
mp-1027164,TeMoWSeS2,18.05137246
mp-771790,V3NiO8,
mp-1028871,Te2MoW3(SeS2)2,
mp-1027159,MoW(SeS)2,
mp-1028869,Te3W2S,
mp-1027155,Te2MoW3(SeS2)2,
mp-1028857,MoWSe3S,
mp-1028855,MoW3(SeS)4,
mp-1027153,Te2MoW3(SeS2)2,
mp-1028854,Te2MoWSeS,
mp-1027152,Te6Mo3WS2,
mp-1028851,Te4MoW3Se4,
mp-1027150,MoW(SeS)2,
mp-1028850,Te2MoW3(Se2S)2,
mp-1027149,Te2Mo3W(Se2S)2,
mp-1028848,Te2Mo(WSe2)3,
mp-1027147,MoW(SeS)2,
mp-1028843,Te3MoWSe,
mp-1027145,Mo3W(Se3S)2,
mp-1028832,MoW(SeS)2,
mp-768227,DyNbO4,
mp-1027144,Te2Mo3W(SeS2)2,
mp-1028830,Te2MoWSe2,
mp-1027143,MoWSeS3,
mp-1028828,Te2MoWSe2,
mp-1027141,MoWSe3S,
mp-1028827,Te2Mo(WSe2)3,
mp-1027140,MoW3(SeS)4,
mp-1028826,Te6MoW3S2,
mp-1027139,MoWSe3S,
mp-1028825,Te4MoW3(SeS)2,
mp-1027138,TeMoWSe2S,
mp-753809,BaCaI4,
mp-1027137,Te2Mo3W(Se2S)2,
mp-1028823,MoW3Se8,
mp-1028821,TeW2Se2S,
mp-1027135,TeMoWSe2S,
mp-20905,OsS2,193.71805
mp-1028812,Te4MoW3S4,
mp-1027134,Te2MoW3(Se2S)2,
mp-1027133,Te4Mo3W(SeS)2,
mp-1028795,Te2MoW3(SeS2)2,
mp-1027132,Te4Mo3WS4,
mp-1028793,TeW2SeS2,
mp-1027129,Mo3W(SeS)4,
mp-1028791,Te4MoW3(SeS)2,
mp-662702,NaIO4,
mp-1027127,MoW(SeS)2,
mp-1028772,WSeS,
mp-1027119,TeMoWSe2S,
mp-1028771,Te2W2SeS,
mp-1027115,MoW3(SeS3)2,
mp-1028769,W2Se3S,
mp-1027112,MoW3(SeS)4,
mp-1028768,Te4MoW3Se4,
mp-1027109,Mo3W(Se3S)2,
mp-1028767,Te6MoW3S2,
mp-1027107,TeMoWSe2S,
mp-1028765,Te2MoW3(Se2S)2,
mp-753709,BaCaI4,
mp-1028764,WSeS,
mp-1027106,TeMoWSeS2,
mp-1028762,TeW2Se3,
mp-1027096,MoW3(Se3S)2,
mp-1028761,TeWS,
mp-1027095,Te2Mo3W(SeS2)2,
mp-1028757,TeW2SeS2,
mp-1027093,TeMoWSeS2,
mp-1028755,Te3W2S,
mp-1027091,MoW(SeS)2,
mp-1027080,Te4Mo3W(SeS)2,
mp-1028749,TeWSe,
mp-1028748,Te2Mo(WSe2)3,
mp-1027078,TeMoWS3,
mp-1028743,TeW2Se2S,
mp-1027074,Te2MoWSeS,
mp-1028732,Te2W2SeS,
mp-1027072,Te2MoWSeS,
mp-590,NiAs,133.7950297
mp-1028731,TeW2Se3,
mp-1027070,Te2Mo(WS2)3,
mp-1028730,Te4MoW3Se4,
mp-1028729,TeW2Se2S,
mp-1027061,Te2MoW3(Se2S)2,
mp-1028728,Te2MoW3(Se2S)2,
mp-1027058,Te2MoWS2,
mp-1028710,TeW2SeS2,
mp-1027053,Te4Mo3W(SeS)2,
mp-1028709,Te2MoW3(Se2S)2,
mp-1027051,Mo3W(SeS)4,
mp-1028708,Te6MoW3S2,
mp-1095485,BaGe(PO4)2,
mp-1027050,TeMoWSeS2,
mp-1027049,TeMoWSe2S,
mp-1028704,TeW2Se2S,
mp-1028698,WSe2,17.61733658
mp-1027036,Te6MoW3S2,
mp-1028694,Te4MoW3(SeS)2,
mp-1027034,Te2MoWS2,
mp-1028690,TeWS,
mp-1027033,Te3MoWS,
mp-1028689,Te4MoW3(SeS)2,
mp-1027023,TeMoWSeS2,
mp-1028686,W2Se3S,
mp-559933,Ba3In2Cl2O5,
mp-569147,UP2,
mp-555585,BaF2,
mp-555586,LuPO4,
mp-559025,BaErAgS3,
mp-570136,CuI,10.24202682
mp-555599,CuS,73.89629279
mp-5839,TiPO4,
mp-608233,K3Mn2F7,
mp-568971,Ag2Se,
mp-27226,MgCu2O3,93
mp-568998,CuSe,
mp-1095630,CsPO4,
mp-3228,HgSO4,
mp-11356,La3Co2Sn7,
mp-570205,PrSe2,
mp-569051,MgH2,47.97539373
mp-783906,Mn2O3F,
mp-619820,CsV(MoO4)2,
mp-569107,CsErZnTe3,
mp-555741,RbAu(SO4)2,
mp-20886,CeZnSn,
mp-569152,SnCl2,5.946438659
mp-565430,CsFe(SO4)2,
mp-570340,AgAuCl4,
mp-15120,RbFe2Se3,15.74577711
mp-565466,NaV(SO4)2,
mp-570901,Yb2Au,
mvc-6933,CoO2,
mp-32449,VH2O3,75.01778667
mp-3248,TbAsO4,
mp-6945,SiO2,12.87024483
mp-570425,YbGa5,
mp-20800,ZrIn2,83
mp-7180,UGeAu,
mp-3255,SrCu2O3,94.58161848
mp-555860,EuTiClO3,
mp-570460,LaCo5,130.8828231
mp-7550,CeNbO4,
mp-570470,CeSmI4,
mp-570477,LaSmI4,
mp-560237,Cr3AgO8,
mp-555891,SiO2,
mp-7648,SiO2,
mp-933192,Ce2Si3Rh,
mp-3288,CsNO2,
mp-610736,LiMnF4,
mp-570506,ZrI2,9.071385202
mp-541487,TlPt2Se3,23.77113014
mp-565648,KMn(SeO4)2,
mp-541567,VSbO4,185.2125117
mp-565669,Cr2AgBiO8,
mp-541622,KCu3Te2,
mp-555949,KEuPdO3,
mp-565409,VO2,
mp-541656,AuCl2,
mp-488,CuSe,65.36038003
mp-8925,TlAg3Te2,
mp-28592,Li7Br3O2,37.81287656
mp-8926,Li3BN2,
mp-541754,TiCu2Te3,
mp-505709,CsSmZnSe3,
mp-505712,CsHoZnSe3,
mp-565717,PbWO4,
mp-505713,CsTmZnSe3,
mp-1095657,TbSb2,
mp-22204,Co2P,228.433752
mp-505727,NClO,
mp-2480,OsSe2,158.0678028
mp-570619,NdSbPd,
mp-556004,Ba3In2Br2O5,
mp-565771,CuMoO4,78.09137603
mp-542096,CrPS4,
mp-556034,CO2,4
mp-565794,MnSeO4,
mp-542172,YbMgGe,
mp-542177,PuAl3,
mp-565797,CsV(SO4)2,
mp-570668,LaSe2,
mp-1094671,Mg2Ga,
mp-542281,KGdTe4,
mp-505822,TiSiRu,191.4963715
mp-570684,ZrOs2,264.8077165
mp-568428,KNa(BH4)2,
mp-570689,CaInPt,72.03066993
mp-542339,CsIn3,
mp-570707,NdSe2,
mp-570728,CeNdI4,
mp-510062,CsSmCdSe3,
mp-510065,CsNdHgSe3,
mp-570962,SbI3(BrCl3)2,
mp-556788,SiO2,42.33344926
mp-5461,Rb3TaO8,
mp-560767,KNaTiO3,
mp-1095471,SmGaCo,
mp-23126,KAs4IO6,
mp-5127,LiCuO,71.56704809
mp-1552,Mo2C,294.3365694
mp-566504,BaWO4,82.40592307
mp-556108,DyTiClO3,
mp-1014,ZrMn2,156.9194395
mp-556111,YSeF,
mp-510152,DyNiSn,
mp-556472,LiYF4,
mp-1094488,MgZn,
mp-556475,KLaPdO3,
mp-556120,RbTl(SO4)2,
mp-510184,GdOs2,
mp-566608,SrCrF4,
mp-560791,CsNaTiO3,
mp-571039,CaAlPd,61.80497328
mp-556139,BaZr(PO4)2,
mp-570786,KNa2,
mp-556850,BaMnF4,
mp-773583,PrCrO4,
mp-571084,MnBr2,
mp-566801,VO2,
mp-556866,Ag2HgSI2,
mp-570829,VINCl3,
mp-556880,SiO2,
mp-571133,NbSe2,22.25511718
mp-13093,La3Ni2Sn7,
mp-571146,SnICl,
mp-570853,SrCeI4,
mp-556553,SiO2,
mp-569673,PrI2,
mp-570872,CeCo3,
mp-510409,TiSiNi,176.5400903
mp-560882,SeO2,
mp-5305,CuAsS,67.23740206
mp-570890,SmBiRh,
mp-7756,SrLiSb,
mp-556588,SiO2,
mp-566008,Li2NiO3,117.0232054
mp-566012,KCr2FeO8,
mp-510460,CsLaZnTe3,
mp-510462,CsDyZnTe3,
mp-570923,YRe2,202.8482726
mp-560569,KPrPdO3,
mvc-3519,ZnFeF4,
mp-556288,Li2ReO3,
mp-571263,KIn9Co2,46.82494605
mp-556319,SiO2,
mp-975115,RbTcO4,
mp-571279,ZrI2,10.96491599
mp-510569,CsCeCuS3,
mp-29577,CsBrO4,
mp-1039659,CeMg2,
mp-1003,TbGe2,
mp-21464,CoReB,349.5132934
mp-2572,SrMg2,25.71251463
mp-18781,CrCdO4,
mp-18784,DyVO4,
mp-1021464,H6PbCNCl3,
mp-561816,CoSO4,
mp-18799,YbVO4,
mp-5489,LuTaO4,132
mp-1021499,Cu2Se,75.79572879
mp-561617,FePO4,
mp-18812,NdVO4,
mp-1021507,Ba2Y(CuO2)3,
mp-18906,CrPO4,
mp-18835,VPO4,105.9549721
mp-554144,K3Mn2F7,
mp-18837,KSc(MoO4)2,
mp-24943,KFe(SO4)2,
mp-554451,BaFeF4,52.49439111
mp-554517,NaMnF4,
mp-1022717,CeSe2,
mp-18863,PrCrO4,
mp-2682,Sb2Rh,103.847803
mp-18875,MgWO4,135.9922043
mp-18880,ErVO4,
mvc-13374,VS2,
mp-867152,EuMgGe,
mp-29900,NiGe2,109
mp-20059,ZrMnGe,99
mp-556376,SiO2,
mp-20675,HoSiRh,
mp-20739,DyGePt,
mp-21040,Zr2Fe3Ge,157.821314
mp-18949,VFeO4,89.59757811
mp-18960,ErVO4,
mp-21286,MnCoGe,144.1989024
mp-3247,Cs2TiS3,
mp-1095233,LuMnSi,
mp-1040450,Li5P(S2Cl)2,
mp-18993,LuVO4,
mp-22114,ErSiRh,
mp-10469,NbSiPt,214.9527933
mp-917542,USiO4,
mp-22312,Nb4FeSi,191.258039
mp-19019,NiMoO4,147.041223
mp-19023,YbCrO4,
mp-10911,Sc2Al3Ru,111.9489132
mp-2454,TiFe2,146.6324959
mp-10913,GeO2,208
mp-3699,CoAsS,
mp-3700,LiYF4,78.21386852
mp-19039,CdMoO4,
mp-19055,HoCrO4,
mp-11132,KPrTe4,
mp-11214,CaAgSb,
mp-11270,MnBe2,163.1600625
mp-411,ErCo3,
mp-19068,TmVO4,
mp-11282,Be2W,217.9967238
mp-25176,PbWO4,65.51702135
mp-11431,CaGa3Ni2,84.59408069
mp-11499,YMg2,42.84439706
mp-4236,BaZnO2,83.06882794
mp-11544,Yb2Pb,
mp-11551,Tb2Pt,
mp-19087,Na3Co2SbO6,
mp-4271,EuTaO4,
mp-19089,UCoO4,
mp-11725,CO2,4.967243723
mp-704301,CuO2,
mp-11764,HoSnPd,
mp-24908,TmCrO4,
mp-19112,FeSO4,
mp-24916,GdCrO4,
mp-19120,MgCrO4,64.14009613
mp-19121,TbVO4,
mp-12016,Rb2SiS3,
mp-19126,NdCrO4,
mp-4627,CoAsS,138.9537345
mp-715498,VO2,
mp-867312,KNpCuS3,
mp-1095688,YNiSn,
mp-19132,HgWO4,
mp-19133,YVO4,123.5850828
mp-24948,RbFe(SeO4)2,
mp-1027015,Te2MoWSeS,
mp-1028683,TeW2Se2S,
mp-1027002,Te2MoW3(SeS2)2,
mp-1028679,Te2W2SeS,
mp-1028674,Te4MoW3(SeS)2,
mp-1027001,Te2MoW3(Se2S)2,
mp-567339,PrOs2,
mvc-11912,TiO2,
mp-570697,CaC2,
mp-1028669,TeW2SeS2,
mp-850479,Mn3SnO8,
mp-1026990,Te2Mo3W(Se2S)2,
mp-1028668,Te2MoW3(SeS2)2,
mp-1026989,Te2Mo3W(Se2S)2,
mp-1028663,WSeS,
mp-1026988,TeMoWSeS2,
mp-1028654,Te4MoW3Se4,
mp-1026983,Te2Mo2SeS,
mp-1028653,Te4MoW3Se4,
mp-1028651,Te4MoW3(SeS)2,
mp-1026981,Te3MoWS,
mp-1028646,Te6MoW3Se2,
mp-1026980,Mo2Se3S,
mp-1028643,Te3MoWS,
mp-1026978,Te4MoW3S4,
mp-1028635,Te2Mo(WSe2)3,
mp-1028642,MoW3(Se3S)2,
mp-1026976,TeMoWSe2S,
mp-1026975,MoWSeS3,
mp-1028626,Te4MoW3(SeS)2,
mp-1026974,MoWSe3S,
mp-1095353,IrO2,
mp-1073665,MgSi2,
mp-17023,UNi2,
mp-1026972,Te4Mo3W(SeS)2,
mp-1026969,Te2MoWS2,
mp-1028621,Te4MoW3(SeS)2,
mp-1028607,Te4MoW3Se4,
mp-1026958,TeMo2Se2S,
mp-1028622,Te4MoW3S4,
mp-1028604,TeWS,
mp-1026948,TeMoWSe2S,
mp-1028598,Te3W2Se,
mp-1026946,Mo3W(SeS3)2,
mp-1028597,Te2MoWSe2,
mp-1026941,Te2Mo3W(Se2S)2,
mp-1028595,Te6MoW3Se2,
mp-1026933,TeMo2SeS2,
mp-1028594,Te4MoW,
mp-1026931,Te2Mo3W(Se2S)2,
mp-1028592,Te3MoWSe,
mp-1019599,CePO4,
mp-1026930,Te2MoW3(SeS2)2,
mp-1028590,Te2W2SeS,
mp-1026929,Te4MoW3(SeS)2,
mp-1028589,TeWSe,
mp-1026927,Mo3W(SeS)4,
mp-1028586,Te2W,
mp-1028583,Te6MoW3Se2,
mp-1026918,Te2Mo3W(SeS2)2,
mp-1019596,CeZrO4,
mp-1028576,Te8MoW3,
mp-1026917,Te2Mo3W(SeS2)2,
mp-1028570,Te2MoW3(Se2S)2,
mp-1026916,MoSeS,
mp-1028544,TeMoWSe3,
mp-1028542,TeW2SeS2,
mp-1028558,W2SeS3,
mp-1026912,Te2MoWSeS,
mp-1026910,MoW(SeS)2,
mp-1026911,MoW(SeS)2,
mp-1026909,Mo3W(SeS)4,
mp-1028541,MoWSe3S,
mp-567750,ScRu2,189.9095931
mp-1028539,Te2MoWSe2,
mp-1028535,Te2MoW3(SeS2)2,
mp-978260,Mg2Bi,
mp-1028531,TeMoWSe3,
mp-1028528,TeMoWSe2S,
mp-1028526,TeWS,
mp-1028525,Te2MoW3(Se2S)2,
mp-1028520,Te4MoW3S4,
mp-1028517,Te2MoW3(Se2S)2,
mp-1028514,MoWSe4,
mp-1028512,TeW2S3,
mp-1028510,Te4MoW3(SeS)2,
mp-1028509,Te2MoW3(SeS2)2,
mp-1028505,Te2Mo3WSe6,
mp-1028492,TeW2S3,
mp-1028490,Te2MoW3(SeS2)2,
mp-1028488,WSeS,
mp-1028487,W2SeS3,
mp-1028483,Te2MoWS2,
mp-1028478,MoW3(SeS)4,
mp-1028471,Te2MoWSeS,
mp-1028468,TeW2SeS2,
mp-1028467,MoW3(Se3S)2,
mp-1028463,Te2MoW3(Se2S)2,
mp-768229,Li2BiS3,
mp-1028459,TeWSe,
mp-1028456,TeWSe,
mp-12481,LaPPt,
mp-1028452,Te3W2Se,
mp-662563,CsFe2Se3,
mp-1028445,Te2W2SeS,
mp-1028441,WS2,
mp-1028439,TeMoWSe2S,
mp-1028434,TeMoWSe3,
mp-1028433,Te6MoW3Se2,
mp-1028420,Mo3WSe8,
mp-1030961,Te2Mo3W(SeS2)2,
mp-1028419,Te2Mo3WSe6,
mp-714960,VO2,
mp-1028416,TeMoWSe2S,
mp-1027931,Te6Mo3WS2,
mp-774192,Li2VO3,107.497611
mp-639150,BaIn4Ir,
mp-1028414,MoWSe4,
mp-1028409,Mo3WSe8,
mp-1027980,Te2Mo3W(SeS2)2,
mp-1095589,UCl2O3,
mp-1027916,Te2Mo3WS6,
mp-1027911,Te4Mo3WS4,
mp-1027894,Mo3W(SeS)4,
mp-1027890,Mo2SeS3,19.63706854
mp-1027880,Te2Mo3W(SeS2)2,
mvc-6930,WO2,
mp-1027818,TeMo2Se3,
mp-1027802,Mo3W(Se3S)2,
mp-1027801,TeMo2Se2S,
mp-1027795,Mo3W(SeS3)2,
mp-1027781,Mo3W(Se3S)2,
mp-1027780,Te2Mo3WS6,
mp-1027772,Te2Mo3W(SeS2)2,
mp-1027765,TeMo2SeS2,
mp-1027761,TeMo2S3,
mp-1029520,Mg2CrN3,122.5982779
mp-1027760,Te2Mo3W(Se2S)2,
mp-5813,TaNO,
mvc-3223,Sr3Cr2S2O5,
mp-640079,Mn3Au,
mp-1094837,Ce2Mg,
mp-1027759,TeMoWSeS2,
mp-1027742,Te2Mo3W(SeS2)2,
mp-1027740,TeMoWSeS2,
mp-1027738,TeMoS,
mp-1027736,Te2MoWSeS,
mp-22555,RhS2,
mp-1027729,Mo3W(Se3S)2,
mp-1027722,Te2Mo3W(Se2S)2,
mp-1027721,Te2Mo3W(Se2S)2,
mp-1027714,Mo3W(SeS)4,
mp-1027713,TeMoWSe2S,
mp-1027711,Te2Mo3WSe6,
mp-1027706,Te2Mo3WS6,
mp-1027700,Te4Mo3WS4,
mp-1027689,Te2Mo3W(SeS2)2,
mp-1027696,TeMo2S3,
mp-1027692,MoSe2,
mp-1027687,MoSeS,
mp-1030827,Te2Mo3W(Se2S)2,16.99375942
mp-1027683,TeMoSe,
mp-849983,LiVF4,47.90968502
mp-1027682,TeMo2Se3,
mp-1027672,MoWSe3S,
mp-1027671,MoW(SeS)2,
mp-556242,YF3,
mp-1027663,Te4Mo3WSe4,
mp-1027658,Te2Mo3WSe6,
mp-1027652,TeMoWS3,
mp-1027647,MoWS4,
mp-1027646,Mo3W(SeS3)2,
mp-1027645,Mo3WS8,
mp-1027642,Te3Mo2S,
mp-1027641,Mo3W(SeS3)2,
mp-1027634,TeMoWS3,
mp-1027627,TeMo2SeS2,
mp-1030784,TeMoWSe3,
mp-1095499,CsAuCl4,
mp-1027624,MoWSeS3,
mp-1030775,Te2Mo2SeS,
mp-1006372,AgSO4,
mp-1029491,CsCoN,39
mp-1027615,Te2MoWS2,
mp-1027614,Te2Mo3W(Se2S)2,
mp-1030753,Te4Mo3W(SeS)2,
mp-1027612,Te2Mo3WS6,
mp-1027609,TeMoWSeS2,
mp-1027608,Mo2SeS3,
mp-1030750,Te2Mo3W(Se2S)2,
mp-1027607,Te2Mo3W(SeS2)2,
mp-1029466,NaNiN,54.41494843
mp-1029458,Zn2CrN3,152.1857127
mp-1030745,MoWSeS3,
mp-1027600,Mo3W(SeS3)2,
mp-1027594,MoWSeS3,
mp-1030742,MoW(SeS)2,
mp-1027581,Te2Mo2SeS,
mp-1030739,Te2MoWSe2,
mp-1027580,MoSeS,
mp-1027579,TeMo2SeS2,
mp-1029444,KCoN,
mp-1030736,Te4Mo3WSe4,
mp-1027576,TeMo2Se2S,
mp-1029442,Mg2TaN3,122
mp-1030732,TeMoSe,
mp-1029424,LiTi2N3,125.7422073
mp-1029422,NbZn2N3,138.9850864
mp-1027570,Te2Mo3W(SeS2)2,
mp-1029421,Te2Mo(WSe2)3,
mp-1027569,Mo3WS8,
mp-1029420,RbCoN,
mp-1027567,Te2Mo3WS6,
mp-1030723,Te2Mo3W(SeS2)2,
mp-1029418,KSi2N3,
mp-1030722,Te2Mo3WSe6,
mp-1029408,Mg2NbN3,119.0546124
mp-1027551,Mo3W(SeS)4,
mp-1030721,Te3Mo2Se,
mp-1029403,RbGe2N3,128.6406691
mp-1027550,TeMo2SeS2,
mp-1030700,Te2MoWSeS,
mp-1027549,Mo3W(Se3S)2,
mp-632401,B,
mp-12504,CeZnPt,
mp-19162,LaVO4,
mp-12623,BaPdF4,53
mp-12678,TaMn2,242.6012187
mp-556777,Li2CO3,75.69873543
mp-19169,PrVO4,
mp-504878,VBiO4,127.5141383
mp-19173,UMnO4,
mp-504997,NdCu(WO4)2,
mp-560620,BaZr(PO4)2,
mp-505000,MoCl4O,1.636880469
mp-25006,MnSO4,
mp-19198,CoSO4,
mp-13351,RbUAgSe3,
mp-2310,CdO2,102.0656148
mp-22670,HoGeRh,
mp-19214,CeVO4,
mp-19215,CaCrO4,
mp-19240,ErCrO4,
mp-19247,ScVO4,147.752672
mp-1094757,MgCd2,
mp-19272,TbCrO4,
mp-25094,NiWO4,151.8807922
mp-25113,VInO4,76
mp-19295,LuVO4,
mp-25122,VBiO4,127.6034369
mp-25140,GdVO4,
mvc-6590,TiO2,209.403619
mp-867830,RbUAuSe3,
mp-19330,CaMoO4,75.18685466
mp-19335,KCr3O8,
mp-510662,CsUAgSe3,
mp-14797,RbPt2Se3,24.54540774
mp-15649,As2Ir,152.056044
mp-15670,Y5S7,
mp-510688,HoCoSi,
mp-19352,KAl(MoO4)2,
mp-19360,LuCrO4,
mp-19362,KFe(MoO4)2,
mp-19363,HgMoO4,
mp-25483,LiCo(WO4)2,
mp-19380,CrHgO4,
mp-30401,KAu2,
mp-13365,SrZn2,35.31027981
mp-568571,SmCl2,
mp-19407,MnWO4,127.3696889
mp-19413,AlWO4,206.0389133
mp-19418,VCrO4,94.94605753
mp-19421,FeWO4,141
mp-25579,YMo3O8,
mp-19435,CoMoO4,140.2072823
mp-19438,LiMnO4,
mp-1819,SbO2,
mp-19455,MnMoO4,
mp-864913,Na3UF8,
mp-561068,BiAsO4,
mp-18726,CrNiO4,
mp-18733,AlTl(MoO4)2,
mp-18749,NiSO4,
mp-18754,DyCrO4,
mp-510536,MoO2,218.700979
mvc-15,CrS2,45.75503262
mp-542106,SbPd2,127
mp-542116,CsAl(MoO4)2,
mvc-2537,Ba2Ti2TlO7,
mp-571342,TiGa2,
mp-765006,Li2NiO2F,
mvc-10022,WO2,
mp-20987,YZnSn,64.26682204
mp-755820,NdO2,
mvc-6611,SnO2,
mvc-6615,BiO2,
mvc-6541,CrF5,
mvc-664,YRe(WO4)2,
mvc-666,AlSb(WO4)2,
mvc-673,AlCr(WO4)2,59.7060619
mvc-689,AlSn(WO4)2,
mvc-681,AlTe(WO4)2,
mvc-6918,VO2,
mvc-693,AlW3O8,
mvc-6944,MoO2,
mvc-12727,VS2,
mvc-698,AlRe(WO4)2,
mvc-726,YBi(WO4)2,
mvc-781,TaAl(WO4)2,
mp-1095451,ErMn2,
mp-622576,Ba2Sm(CuO2)3,
mp-754352,Na3CuO2,49.79329748
mp-30156,LiMgN,96
mp-669354,LaNb2CuClO7,
mvc-9642,SbO2,
mvc-16288,YCu(WO4)2,
mvc-16295,YCrO4,
mp-6879,Ba2CaCu2HgO6,
mp-12266,CaCuF4,75.17444364
mvc-16583,MgCrF4,
mvc-6570,SbO2,
mvc-2528,Ba2TlSb2O7,
mvc-2577,Ba2TlSn2O7,
mvc-2597,Ba2TlBi2O7,25.94284265
mvc-3224,Sr3Fe2S2O5,78.98200398
mvc-2967,Ba2TlFe2O7,
mvc-2969,Ba2TlW2O7,
mvc-2976,Ba2TlCo2O7,
mvc-2978,Ba2TlV2O7,
mvc-3216,Y2MgMn2S2O5,
mvc-3394,MgMnF4,
mvc-586,YAg(WO4)2,
mvc-585,AlCu(WO4)2,
mvc-582,YTe(WO4)2,
mvc-591,AlAg(WO4)2,
mvc-594,YV(WO4)2,
mvc-587,YCo(WO4)2,
mvc-6034,SbF5,
mvc-6033,SbO2,
mvc-603,AlV(WO4)2,
mvc-601,YSn(WO4)2,
mvc-6067,TaF5,
mvc-6083,BiF5,
mvc-6081,BiO2,
mvc-6071,SnO2,
mvc-608,YCr(WO4)2,
mvc-612,YTa(WO4)2,
mvc-606,YSb(WO4)2,
mvc-617,YMo(WO4)2,
mvc-620,YFe(WO4)2,
mvc-621,YW3O8,
mvc-622,YMn(WO4)2,
mvc-626,YTi(WO4)2,
mvc-627,AlFe(WO4)2,
mvc-631,AlMo(WO4)2,
mvc-6391,MoF5,
mvc-6392,WF5,
mvc-6393,VO2,
mvc-6389,WO2,115.8701736
mvc-6390,MoO2,
mvc-6396,CoO2,
mvc-6394,CrO2,
mvc-6477,NiO2,
mvc-643,AlCo(WO4)2,
mvc-646,TiAl(WO4)2,
mvc-6494,VF5,
mp-632573,FeO2,
mp-30438,Be2Cr,182.7718219
mvc-1153,Ba2Sb3O7,
mvc-1192,Ba2Sn3O7,
mvc-1203,Ba2Bi3O7,
mvc-1214,Ba2Ti3O7,
mvc-13307,Y2MgMn2S2O5,
mvc-13311,Ba2TlMo2O7,
mvc-13314,Ba2Mn2TlO7,
mvc-1364,Ba2V3O7,
mvc-1355,Ba2Co3O7,
mvc-1363,Ba2W3O7,
mvc-1354,Ba2Fe3O7,
mvc-1379,Ba2Mo3O7,
mvc-1378,Ba2Mn3O7,
mvc-1391,Ba2Cr3O7,
mvc-1422,Ba2Ni3O7,
mvc-613,AlNi(WO4)2,
mp-643756,EuMgH4,
mp-644527,LiY2Ti2S2O5,
mp-862802,CsNpCuS3,
mp-864745,Na3ZrF8,40.87575336
mp-864765,Na3HfF8,44.99382072
mp-864912,YbGaPt,
mp-864931,MgCo2,118.5209474
mp-865990,Y3Al7Cu2,88.00684507
mp-866271,LiNiO2,116.0446794
mp-866493,Ca3Sn2S7,
mp-866849,Ca3Sn2S7,
mp-867851,Rb2TlAu3,
mp-867843,RbUTe3Au,
mp-1597,UO2,200.0065564
mp-850029,MnS2,
mp-20133,NbCrN,279.985604
mp-1073254,MgSi2,
mp-1073263,MgSi2,
mp-1073268,MgSi2,
mp-1073274,MgSi2,
mp-1073300,MgSi2,
mp-1073304,MgSi2,
mp-1073306,MgSi2,
mp-1073277,MgSi2,
mp-1073313,MgSi2,
mp-1073299,MgSi2,
mp-1073318,MgSi2,
mp-1073315,MgSi2,
mp-1073316,MgSi2,
mp-1073360,MgSi2,
mp-1073362,MgSi2,
mp-1073358,MgSi2,
mp-1073369,MgSi2,
mp-1073371,MgSi2,
mp-1073361,MgSi2,
mp-1073410,MgSi2,
mp-1073413,MgSi2,
mp-1073302,MgSi2,
mp-1073396,MgSi2,
mp-1073419,MgSi2,
mp-1073405,MgSi2,
mp-1073456,MgSi2,
mp-1073428,MgSi2,
mp-1073409,MgSi2,
mp-1073359,MgSi2,
mp-1073477,MgSi2,
mp-1073294,MgSi2,
mp-1073459,MgSi2,
mp-1073501,MgSi2,
mp-1073478,MgSi2,
mp-1073451,MgSi2,
mp-1073470,MgSi2,
mp-1073529,MgSi2,
mp-1073495,MgSi2,
mp-1073484,MgSi2,
mp-1073523,MgSi2,
mp-1073522,MgSi2,
mp-1073469,MgSi2,
mp-1073481,MgSi2,
mp-1073532,MgSi2,
mp-1073530,MgSi2,
mp-1073528,MgSi2,
mp-1073570,MgSi2,
mp-1073594,MgSi2,
mp-1073598,MgSi2,
mp-1073578,MgSi2,
mp-1073545,MgSi2,
mp-1073557,MgSi2,
mp-1073604,MgSi2,
mp-1073562,MgSi2,
mp-1073575,MgSi2,
mp-1073586,MgSi2,
mp-1073642,MgSi2,
mp-1073519,MgSi2,
mp-1073587,MgSi2,
mp-1073644,MgSi2,
mp-1073656,MgSi2,
mp-1073613,MgSi2,
mp-1073635,MgSi2,
mp-1073623,MgSi2,
mp-1073593,MgSi2,
mp-1073663,MgSi2,
mp-1073669,MgSi2,
mp-1073692,MgSi,
mp-1073483,MgSi2,
mp-1073700,MgSi,
mp-1073678,MgSi2,
mp-1073716,MgSi,
mp-1073737,MgSi,
mp-1073688,MgSi,
mp-1073686,MgSi,
mp-1073730,MgSi,
mp-1073745,MgSi,
mp-1073720,MgSi,
mp-1073789,MgSi,
mp-1073733,MgSi,
mp-1073794,MgSi,
mp-1073777,MgSi,
mp-1073735,MgSi,
mp-1073780,MgSi,
mp-1073809,MgSi,
mp-1073812,MgSi,
mp-1073799,MgSi,
mp-1073851,MgSi,
mp-1073810,MgSi,
mp-1073816,MgSi,
mp-1073785,MgSi,
mp-1073829,MgSi,
mp-1073861,MgSi,
mp-1073822,MgSi,
mp-1073862,MgSi,
mp-1073859,MgSi,
mp-1073857,MgSi,
mvc-14580,SbO2,
mp-1919,ZrCr2,179.3983393
mp-1074652,Mg2Si,
mp-1074641,Mg2Si,
mp-1074613,Mg2Si,
mp-1367,Mg2Si,52.85557908
mp-1074619,Mg2Si,
mp-1074665,Mg2Si,
mp-1074730,Mg2Si,
mp-1074738,Mg2Si,
mp-1074632,Mg2Si,
mp-1074685,Mg2Si,
mp-1074616,Mg2Si,
mp-1074669,Mg2Si,
mp-1074667,Mg2Si,
mp-1074681,Mg2Si,
mp-1074676,Mg2Si,
mp-1074729,Mg2Si,
mp-1074720,Mg2Si,
mp-1074703,Mg2Si,
mp-1074751,Mg2Si,
mp-1074733,Mg2Si,
mp-1074636,Mg2Si,
mp-1074672,Mg2Si,
mp-1074753,Mg2Si,
mp-1074759,Mg2Si,
mp-1074645,Mg2Si,
mp-1074644,Mg2Si,
mp-1073734,MgSi,
mp-1074780,Mg2Si,
mp-1074772,Mg2Si,
mp-1074668,Mg2Si,
mp-1074770,Mg2Si,
mp-1074700,Mg2Si,
mp-566412,NaFe(SeO4)2,
mp-409,NaS,
mp-24846,Sr3Co2Cl2O5,
mp-556662,SiO2,
mp-1029387,TaZn2N3,
mp-1030709,TeMoSe,
mp-1027547,TeMo2Se2S,
mp-1029380,TeMoWSe2S,
mp-1027545,Te4Mo3W(SeS)2,
mp-1029379,Te2MoWSeS,
mp-1027537,Mo3W(SeS3)2,
mp-1029378,Mg2SbN3,114.2438824
mp-1027535,TeMoWSeS2,
mp-1029368,Mg2VN3,127.6745584
mp-1027530,Te2Mo3W(SeS2)2,
mp-1027526,TeMoWSe2S,
mp-1029354,MnZn2N3,
mp-1027525,MoS2,
mp-1030695,Te2MoWSe2,
mp-1027517,Te2Mo3W(Se2S)2,
mp-1027524,Mo3W(SeS)4,
mp-1029336,KZnN,36.21947729
mp-1030685,TeMoWSe2S,
mp-1027512,Te2Mo3W(Se2S)2,
mp-1029331,LiHf2N3,
mp-1029334,Zn2SbN3,131.5797457
mp-1027511,Te2MoWSeS,
mp-1030682,Te3MoWSe,
mp-1029329,Te2MoWSe2,
mp-1027510,MoW(SeS)2,
mp-1029327,Te6MoW3S2,
mp-1027501,Te2Mo3W(SeS2)2,
mp-1027492,MoSeS,
mp-1029322,Te3MoWS,
mp-1027486,Te2MoWS2,
mp-1029321,Te2MoWSe2,
mp-1027483,Mo2Se3S,
mp-1015582,CrN2,
mp-1027480,TeMoWSeS2,
mp-1029307,TeMoWS3,
mp-1029306,Te4MoW3(SeS)2,
mp-1012551,BaBrCl,29.07108908
mp-1027475,TeMoWS3,
mp-1027474,MoWSe3S,
mp-27873,Ta2O,
mp-1029297,LiZr2N3,
mp-1027473,Mo3W(SeS)4,
mp-1015076,CrN2,
mp-1027472,Mo3W(SeS3)2,
mp-1029294,LiSn2N3,84.47549606
mp-1029288,Mg2MnN3,
mp-1027471,TeMo2SeS2,
mp-1029284,Te3MoWSe,
mp-1027463,Te4Mo3W(SeS)2,
mp-1029282,TeMoWSeS2,
mp-1027461,Te2Mo3W(Se2S)2,
mp-1029281,Te3MoWSe,
mp-1027451,Te4Mo3WS4,
mp-1029274,TeMoWSeS2,
mp-1011730,Cs2Se,
mp-1011696,Cs2Se,
mp-1029528,NaCoN,
mp-1027448,TeMo2Se2S,
mp-1029269,Zn2MoN3,138
mp-1027443,Te2Mo3W(SeS2)2,
mp-1011709,Cs2Se,
mp-1015567,CrN2,
mp-1001080,H2CO3,
mp-7049,ZrTlCuS3,
mp-690674,NdAsSe,
mp-13505,CeMg2Ni9,
mp-776710,LiFeF4,26.13575961
mp-16060,AgAuF4,
mp-10003,Nb4CoSi,191
mp-1345,CaP,
mp-13450,HfSb,101.011188
mp-11550,Sc2Pt,90.73799966
mp-13459,NaCdSb,
mp-10025,SiRu2,256.7680808
mp-13472,HfSiRh,189.7112412
mp-11557,ScRe2,226
mp-13475,CeSi2Ir3,
mp-13483,PrBPt4,
mp-13503,ScZn2,81.40629511
mp-13504,CeAl4Co,
mp-13530,SmAsO4,
mp-11610,PrCo4B,
mp-13542,ZrGeTe4,13
mp-2481,Mg2Cu,58
mp-13549,CeZnAu,
mp-1356,Sb2Pd,84.45962445
mp-13567,CeS2,
mp-13568,NdS2,
mp-16234,CsAg3Se2,
mp-13576,EuAsO4,
mp-13579,ErGePt,
mp-1073325,MgSi2,
mp-13580,LuGePt,
mp-11658,Cu2SnSe3,55.05702208
mp-10129,TmNi4B,
mp-16252,BaCaGe,
mp-16253,BaCaSi,
mp-1168,HfTe5,12.28430795
mp-10155,P2Ir,193.2279943
mp-13676,TlPO4,
mp-13682,PdS2,22.36598393
mp-13688,Ge2Mo,
mp-137,Ge,52.95777647
mp-11736,ZrSiO4,221.9835757
mp-697111,H2O,16.06573345
mp-13735,Rb2TbO3,
mp-2030,RuS2,
mp-16336,Zr2Fe3Si,165.0066657
mp-10240,ScNiP,151.5600591
mp-16356,TiNiGe,157.3862933
mp-11811,CaGaAu,
mp-13829,TlCu3S2,43
mp-11820,BaNa2,
mp-11851,ErCoSn,
mp-11883,MgIr2,196.3460615
mp-13922,Ba2Ge,
mp-2511,PbF2,
mp-2513,As2Pt,137.4923411
mp-10336,BaYCuTe3,
mp-10337,BaYAgTe3,
mp-2039,ScMn2,166.4901022
mp-13961,NdAs2,
mp-771787,TiMn3O8,41.79453812
mp-16483,BaAl9Fe2,79.30069908
mp-11945,SmAl4Ni,
mp-1848,Te2Ru,
mp-1397,Rb2Te,
mp-10366,Nb2Co3Si,228
mp-16490,Lu2Al3Co,
mp-16491,SrAl9Co2,83
mp-10846,NiAsSe,101.0012897
mp-16502,Ho2Al,
mp-2042,HoNi3,
mp-16504,HoAl4Ni,
mp-990430,SrTa2H2O7,
mp-16509,LuAl4Ni,
mp-10398,HoNi4B,
mp-16518,TmAl4Ni,
mp-16526,AlPt2,204.5369125
mp-10434,K2UTe3,
mp-14112,PdF3,41.82959746
mp-16577,Li2CaHfF8,
mp-1659,ThRe2,
mp-10457,HfSiPd,169.3478393
mp-1046,NbSn2,96.01663267
mp-14152,SmNbO4,
mp-10463,YCo4B,164.1903862
mp-10464,CaF2,
mp-10468,CeBPt2,
mp-14172,SrSi2,
mp-10470,NbSiRh,221.4006991
mp-14175,K3NbO8,
mp-10478,CeAsRh,
mp-10477,RbAg3Se2,
mp-10481,RbAg3Te2,
mp-12109,ZrRe2,251.4270971
mp-1049,SrAs,
mp-16646,PrMgRh,
mp-10721,Ti2C,138.9378923
mp-14241,Tl2SiSe3,
mp-1863,SiAs,
mp-14242,Tl2GeSe3,
mp-10519,Cu2SnS3,65.90881237
mp-10523,CeSiO4,
mp-639845,BaMnF4,
mp-14285,CoP2,163.1653984
mp-10547,RbAuO,
mp-12263,LiAuF4,
mp-12264,LiYbF4,
mp-12265,SrCuF4,66
mp-10569,YbSiIr,
mp-12268,BaCuF4,53.71535456
mp-14333,TaAlO4,
mp-12274,LaAl4Co,
mp-1677,Be2Mo,199
mp-1869,GaPd2,149.4953884
mp-2340,Na2O2,48.97014879
mp-12978,SnO2,
mp-1095609,TbGaPt,
mp-12343,CsSmZnTe3,
mp-12341,CsPrZnTe3,
mp-12342,CsNdZnTe3,
mp-10638,ZrSb,
mp-14433,NaGe2N3,135.3153116
mp-12387,YbAsO4,
mp-10662,K2CO3,30
mp-2576,Sr2Ge,
mp-12418,SrCaGe,
mp-1068,CuS2,77.48977616
mp-14568,BaMgF4,57.35903147
mp-1247,Sb2Ir,
mp-12487,CsDyCdTe3,
mp-2584,TbFe3,
mp-1689,HfRe2,262
mp-12488,CsErCdTe3,
mp-12490,CsHoCdTe3,
mp-12491,CsLaCdTe3,
mp-12492,CsLuCdTe3,
mp-12494,CsPrCdTe3,
mp-12495,CsTbCdTe3,
mp-2588,YCo3,152.388812
mp-12496,CsTmCdTe3,
mp-12497,CsSmCdTe3,
mp-12521,SrNi3Ge2,89.22669882
mp-12523,YbPO4,
mp-10746,Mg2Cu3Si,98.11869801
mp-12549,BaAl9Ni2,78.6067433
mp-2070,CoS2,124.2816595
mp-1078,CaCd2,40.28908397
mp-2604,MgTe2,37.7474592
mp-1694,Yb2Ge,
mp-10796,HgSeO4,
mp-12614,Ca2Cu,24.80237205
mp-12622,SrPdF4,63.87046108
mp-18956,SmCrO4,
mp-12630,MgSeO4,59.1648528
mp-10844,Te2Ir,
mp-12647,TbNbO4,
mp-10847,NiSbSe,90.39091077
mp-10848,AsPdS,103.0832574
mp-10849,AsPdSe,93.70645422
mp-10850,SbTePd,80.65300516
mp-12646,EuNbO4,
mp-14796,KPt2Se3,26
mp-12657,HfAl2,120.2751915
mp-12659,Mn2Nb,232.702014
mp-10876,Ca3Al7Cu2,
mp-12695,CaMg2Ni9,
mp-12704,TbGaPd,
mp-10900,U2Al3Os,
mp-12722,TbAlPd,
mp-12728,EuTmCuS3,
mp-12741,MgPd2,114.9609065
mp-14969,BaErCuS3,
mp-10985,RbCu3S2,42.68627157
mp-12784,YbAlAu,
mp-10999,LuGeIr,
mp-11010,KNdTe4,
mp-11011,RbNdTe4,
mp-12815,Na2LiAu3,
mp-12846,YbGaGe,
mp-15121,RbFe2Te3,
mp-11040,EuZnSn,
mp-12860,Na3Cu2SbO6,
mp-12862,LuTaO4,
mp-2225,Be2Fe,158.3576586
mp-1287,KS,
mp-11080,YbMgAu,
mp-11084,EuCdAu,
mp-11085,YbCdAu,
mp-11090,EuCdPd,
mp-11098,YbMgPd,
mp-1922,RuSe2,138.1124053
mp-12885,BaAl2Sb2O7,
mp-11101,LuInRh,
mp-11102,YbInRh,
mp-12895,YbGa4Ni,
mp-12896,NdAl4Co,
mp-11116,CsYCdSe3,
mp-11118,CsPrCdSe3,
mp-11121,CsTbCdSe3,
mp-11122,CsDyCdSe3,
mp-11123,CsYHgSe3,
mp-11124,CsLaHgSe3,
mp-12923,SrPIr,
mp-1523,ZrP2,126.6201702
mp-12929,SmAsO4,
mp-12931,SmTaO4,
mp-12932,TbTaO4,
mp-12933,TmTaO4,
mp-12944,HoAsO4,
mp-15252,Cu2GeS3,71.83178621
mp-11160,SmSbIr,
mp-12964,TbNi4B,
mp-12965,ErNi4B,
mp-15316,SrMgF4,55.43774374
mp-13025,YbZnPd,
mp-13026,YbZnPt,
mp-1935,BaMg2,21.58914658
mp-11230,Y2Al,54.61876939
mp-13027,YbZnAu,
mp-1124,MgZn2,63.74910492
mp-1125,Li2S,
mp-11253,NaSnAu,
mp-2714,Pr2Au,
mp-11265,BaCaSn,
mp-11273,Be3Nb,154.5108077
mp-11275,Be2Re,242.3044236
mp-11281,Be2V,160.0568875
mp-13133,K2TiO3,
mp-1554,KTe,
mp-11332,UB2C,
mp-13159,GdZnGe,
mp-13160,YZnGe,76.29804361
mp-2398,ScSn2,64.04253562
mp-11350,CaAl9Co2,84.50454067
mp-15567,Na3AuS2,
mp-15571,K3AuSe2,
mp-13189,SrLuCuS3,
mp-7853,NaTl3(SO3)2,
mp-1320,CeSe2,68.34387574
mp-15643,SrMgGe,39.88285132
mp-13259,CsHoCoSe3,
mp-11430,Ca3Al7Ag2,62.98654358
mp-11433,ErGaCo,
mp-13268,GdCo4B,
mp-13271,ErAsPd,
mp-11440,HfGa2,
mp-11442,HoGaNi,
mp-11449,HfMn2,192.3227707
mp-1146,ThS2,90
mp-15695,YAsPt,110.4015312
mp-13346,CsUAgS3,
mp-18868,RbFe(MoO4)2,
mp-13349,KUCuS3,
mp-13348,CsUCuS3,
mp-13350,RbUAgS3,
mp-13364,CaZn2,47.75387722
mp-13376,SmZnRh,
mp-13378,TbZnRh,
mp-13379,DyZnRh,
mp-13380,HoZnRh,
mp-13381,CeZnPd,
mp-2418,PdSe2,22.52599861
mp-15798,MoC,
mp-226,FeS2,145.9476254
mp-15885,Li2US3,
mp-15886,Na2US3,
mp-15895,Cu2SiS3,79.38397165
mp-1981,Ba2Sn,
mp-15896,Cu2SiSe3,62.76283746
mp-15901,Li2LaTa2O7,111.9679287
mp-1592,Ag2Te,52.32031709
mp-15939,SrAl2B2O7,
mp-15953,P2Rh,
mp-2432,CaMg2,30
mp-15954,As2Rh,
mp-160,B,211.3489844
mp-15999,Li3AuS2,
mp-2739,TeO2,
mp-1771,NO2,
mp-2451,YAl3,72.28783317
mp-2142,Te2Os,129.4130959
mp-2280,CuSe2,64.81509125
mp-2282,NiS2,
mp-2284,AgF2,31.6135317
mp-2764,LaNi3,
mp-181,KGa3,
mp-2772,ZrAl2,113.4608528
mp-29157,Si3P2Pt,123
mp-22971,SbSBr,
mp-20888,TmGeRu,
mp-20892,ZrFeP,202.2731601
mp-4200,ScPO4,149.5346073
mp-20899,UGa3Pd2,
mp-20901,NiSe2,77.15614822
mp-25622,VO2,
mp-19070,Sr3Mn2O7,
mp-3291,AgTe4Au,
mp-19092,CoWO4,
mp-504506,RbIn(MoO4)2,
mp-20917,U2Fe3Ge,
mp-20923,EuSbPt,
mp-19124,Ca3Mn2O7,
mp-27987,BrF5,
mp-29453,SmCl2,
mp-20932,NbNiP,217.7827714
mp-33024,H2S,
mp-29456,Rb2IN3,
mp-29463,LiBeN,
mp-28002,Rb3Mn2Br7,
mp-20949,MnSiNi,164.5863766
mp-22636,TaNiGe,199
mp-22637,HfNbP,178.7248189
mp-1020032,Li8N3O,
mp-24409,PH4I,13.42254672
mp-22645,PrSnPd,
mp-22646,InPd2,128.0964689
mp-4276,NaSi2Pd3,105.8111839
mp-24433,KHSeO3,
mp-430,TiO2,151.6174524
mp-28049,BaBrCl,15
mp-29510,Hg2TeO3,
mp-29515,PH2F3,
mp-21010,PrSnRu,
mp-8484,ZnO2,144
mp-25145,VO2,132.9734975
mp-19326,MnO2,
mp-28073,UCuO4,
mp-22695,NdSnPd,
mp-21023,Ti3SnC2,158
mp-28076,K3Mn2Cl7,
mp-22701,ScFeSi,139.4329383
mp-22702,Mn2Co3Ge,
mp-29537,Cl2O,
mp-4340,TbPO4,
mp-4344,HoTaO4,
mp-4353,TbAl4Ni,
mp-21044,NdGeRh,
mp-22722,NbSiPd,194.892
mp-21051,EuInPt,
mp-22732,Co5Ge7,
mp-22735,Ca2Sn,28.93709638
mp-22739,BaFe2S3,50.96264564
mp-21065,SiP2,
mp-21069,YSiRu,130.3360248
mp-1094206,MgSn2,
mp-28122,LiGdCl4,
mp-30828,Sr2Pb,
mp-29570,Ca2Si3Ag,
mp-21073,HoGeIr,
mp-22693,Te2W,19.89178458
mp-4406,CaSO4,
mp-773305,Mn3FeO8,83.43992193
mp-22755,TbGeIr,
mp-22756,K2PbO3,38.909053
mp-22767,ThGa4Co,
mp-4453,TlNO2,
mp-28156,NaGdCl4,
mp-25054,MoPbO4,65.14802528
mp-4478,CaSiPt,84.15239692
mp-21119,CeNiSn,
mp-4499,MgAlSi,68.20486878
mp-4500,ZrNbP,173.750876
mp-29618,NiP3W2,204.6549264
mp-1095592,TiCr2,
mp-21144,TbCoGe,
mp-4533,Na2SiO3,61.98168223
mp-30607,ErMg2,
mp-22794,TmGeRh,
mp-21153,ErGeIr,
mp-21154,TbMnGe,
mp-22801,LuSiRh,
mp-21157,TmNiGe,
mp-21161,SmSnPt,
mp-21164,SrGePt,68.14437826
mp-29638,BiTePt,86
mp-21166,SrCaPb,
mp-29641,GeSb4Te7,21.12027783
mp-19714,GdGeRu,
mp-4574,YbTaO4,59.40704069
mp-21170,KPb2,
mp-29659,FeAgTe2,50.72992386
mp-29644,GeBi4Te7,
mp-28223,LaSe2,
mp-29646,HfAs2,114.7300069
mp-19721,GdNbO4,
mp-19728,YSiRh,124.012555
mp-21191,USiPd,
mp-22855,HgCl2,
mp-24935,Sr3Fe2Cl2O5,
mp-24936,Sr3Fe2Br2O5,
mp-19738,ErMnSi,
mp-4609,HfSiO4,
mp-22864,Bi2Pt,81.52368765
mp-21208,RhF3,
mp-4624,TaBO4,
mp-28264,RbH3O2,
mp-4634,LaNi4B,
mp-21220,CaIn4Rh,
mp-28270,KCuS,16.71100041
mp-22887,EuCl2,25.90167618
mp-19767,DyCoSi,
mp-4661,ScOF,141.2152072
mp-4662,ScOF,103.7696613
mp-21236,BaPPt,79.63118131
mp-4691,Ag2CO3,45.1816951
mp-21246,Ba2Pb,
mp-21248,NbSiIr,244.4706234
mp-4709,PrNbO4,
mp-25111,Sr3V2O7,130.8948858
mp-19797,YMnGe,
mp-19798,EuGePt,
mp-28319,PtI2,3.983605917
mp-4718,NdTaO4,
mp-1020645,Na8NO3,
mp-19806,USiIr,
mp-22968,NaClO4,
mp-30882,TiZn2,106
mp-25208,BiO2,
mp-28339,CaPPt,95.39426985
mp-3348,LiBIr,
mp-21282,Na2SO3,
mp-21283,Cs2PbO3,
mp-25333,BiO2,
mp-22996,SbSeI,9.380911453
mp-19841,ErGeRu,
mp-29748,TePdI,25.46822589
mp-4790,ThGeO4,
mp-23007,SbSI,
mp-33690,PrSO,
mp-28368,TlAuCl4,
mp-23017,CsCu2Br3,
mp-23020,BiSeI,
mp-21306,TiCoSi,180.7882866
mp-21310,TbGeRu,
mp-21316,TaSiIr,258.5993534
mp-23034,SrZnCl4,31.49840439
mp-19866,UTeS,
mp-28383,KNaS,
mp-21321,MnSe2,
mp-21323,DyGeIr,
mp-4820,ZrSiO4,203.4995247
mp-23041,SbSI,7
mp-23045,BNCl2,
mp-19873,DySiRu,
mp-25572,ScMo3O8,
mp-21336,TaFeP,264
mp-30938,PAuS4,
mp-25578,MoO2,
mp-23053,PbICl,6.967691489
mp-3125,K3Zn2F7,
mp-25604,NiPO4,76.47738256
mp-19890,URe2,
mp-23065,CsCu2Cl3,
mp-21359,SbRh2,169.2177286
mp-4864,CaMgSn,40.36381342
mp-19901,EuInAu,
mp-1030533,Te4Mo3W(SeS)2,
mp-4875,GdTaO4,139.8143167
mp-21371,VCoSi,209.4175809
mp-556233,KAs4ClO6,
mp-604666,SmCrO4,
mp-21378,HoMnGe,
mp-19914,RbGdTe4,
mp-23051,NbSeI,41.23423938
mp-30602,DyMg2,
mp-19922,LuNiGe,
mp-19924,USeS,
mp-34081,NaYF4,
mp-21401,TbSnPd,
mp-19927,CeZnGe,
mp-21407,EuAl9Co2,
mp-28460,Br2O,6.215870563
mp-29829,LiAuS,
mp-23450,RbIO4,
mp-19942,BaGdAuSe3,
mp-496,SrSi2,58.31310051
mp-10074,GeSe2,
mp-8909,RuO2,
mp-870682,MnS2,
mp-557096,NiS2,
mp-14005,KRuO4,
mp-22765,Eu2Si3Pd,
mp-27904,FeSbS,
mp-697,SnO2,
mp-913259,ErMn2,
mp-1095243,EuVO4,
mp-937052,NbFe2,
mp-615747,SrCrF4,
mp-570963,TaCr2,243.0833487
mp-559269,TiPO4,
mp-1080152,MoW3(SeS)4,
mp-1080150,Mo3W(Se3S)2,
mp-1080151,MoW3(SeS3)2,
mp-1080153,MoW(SeS)2,
mp-1080154,Te2Mo3W(Se2S)2,
mp-1080155,Te2MoWSeS,
mp-1080157,Te2MoW3(SeS2)2,
mp-1080156,Te2MoWS2,
mp-1080160,TeMoWS3,
mp-1080161,TeMoWSeS2,
mp-1080162,Te2Mo3W(SeS2)2,
mp-1080163,Mo3W(SeS)4,
mp-1080164,TeMoWS3,
mp-1080165,TeMoWS3,
mp-1080166,TeMoWSeS2,
mp-1080168,MoW(SeS)2,
mp-1080169,Te2MoWSeS,
mp-1080167,Te4Mo3W(SeS)2,
mp-1080170,MoW(SeS)2,
mp-1080171,Te2Mo(WSe2)3,
mp-1080175,Te4Mo3WSe4,
mp-1080188,TeMoWSe3,
mp-1080189,TeMoWSe2S,
mp-1080202,FeN2,
mp-1080237,Te4MoW3(SeS)2,
mp-1080236,TeMoWSe2S,
mp-1080251,CeSe2,
mp-1080259,CeSe2,
mp-1080268,CeSe2,
mp-1080264,CeSe2,
mp-1080257,CeSe2,
mp-1080250,CeSe2,
mp-1080261,CeSe2,
mp-1080269,CeSe2,
mp-1080266,CeSe2,
mp-1080273,CeSe2,
mp-1080272,CeSe2,
mp-1080270,CeSe2,
mp-1080255,CeSe2,
mp-1080288,CeSe2,
mp-1080267,CeSe2,
mp-1080293,CeSe2,
mp-1080291,CeSe2,
mp-1080297,CeSe2,
mp-1080292,CeSe2,
mp-1080300,CeSe2,
mp-1080302,CeSe2,
mp-1080303,CeSe2,
mp-1080307,CeSe2,
mp-1080306,CeSe2,
mp-1080309,CeSe2,
mp-1080299,CeSe2,
mp-1080310,CeSe2,
mp-1080311,CeSe2,
mp-1080325,CeSe2,
mp-1080321,CeSe2,
mp-1080326,CeSe2,
mp-1080335,CeSe2,
mp-715467,WO2,
mp-1080312,CeSe2,
mp-1080317,CeSe2,
mp-1080329,CeSe2,
mp-1080324,CeSe2,
mp-1080334,CeSe2,
mp-1080345,CeSe2,
mp-1080347,CeSe2,
mp-1080338,CeSe2,
mp-569979,ZrRu2,
mp-1080172,TiN2,
mp-3519,ZrSO,130.1485731
mp-1093999,Zn2Ag,
mp-1094116,MgAl2,
mp-1094121,MgAg2,
mp-1094120,Nb,
mp-1094163,LaMg2,
mp-1094166,LaMg,
mp-1094168,LaMg2,
mp-1094173,LaMg,
mp-1094176,LaMg2,
mp-1094179,LaMg2,
mp-1094177,La2Mg,
mp-1094178,La5Mg,
mp-1094182,LaMg,
mp-1094187,LaMg2,
mp-1094190,La2Mg,
mp-1094164,LaMg,
mp-1094195,La2Mg,
mp-1094196,Mg2Sn,
mp-1094204,MgSb,
mp-1094205,Mg5Sn,
mp-1094200,MgSn,
mp-1094203,La2Mg,
mp-1094198,MgZn2,
mp-1094209,Mg2Sn,
mp-1094208,MgSn,
mp-1094210,MgSn,
mp-1094216,LaMg,
mp-1094211,Mg2Sn,
mp-1094221,Mg2Sn,
mp-1094231,MgSn5,
mp-1094233,MgSn2,
mp-1094234,MgSn2,
mp-1094236,Mg2Sn,
mp-1094238,MgSn,
mp-1094239,MgSn2,
mp-1094243,MgSn2,
mp-1094251,MgSn,
mp-1094252,MgSn2,
mp-1094262,SrMg5,
mp-1094269,ZrSn,
mp-1094277,Zr2Sn,
mp-1094278,ZrSn,
mp-1094279,SrMg2,
mp-1094281,Sr2Mg,
mp-1094276,ZrSn,
mp-1094285,Sr2Mg,
mp-1094287,SrMg5,
mp-1094288,Sr2Mg,
mp-1094289,ZrSn,
mp-1094296,Sr2Mg,
mp-1094300,SrMg2,
mp-1094304,SrMg,
mp-1094308,SrMg,
mp-1094307,Sr2Mg,
mp-1094311,SrMg2,
mp-1094313,Sr2Mg,
mp-1094317,Sr2Mg,
mp-1094306,SrMg,
mp-1094325,MgTi2,
mp-1094331,SrMg2,
mp-1094339,MgTi2,
mp-1094345,MgTi,
mp-1094347,MgTi,
mp-1094346,MgTi,
mp-1094348,MgTi,
mp-1094351,MgTi2,
mp-1094344,Mg2Ti,
mp-1094350,MgTi,
mp-1094353,SrMg,
mp-1094356,Mg2Ti,
mp-1094361,Mg2Ti,
mp-1094366,Mg5Ti,
mp-1094369,Mg2Ti,
mp-1094370,Mg2Ti,
mp-1094374,Mg2Ti,
mp-1094375,Y5Mg,
mp-1094372,Sr5Mg,
mp-1094387,MgTi5,
mp-1094385,MgTi,
mp-1094389,Y2Mg,
mp-1094400,MgTi,
mp-1094404,YMg2,
mp-1094403,YMg2,
mp-1094407,YMg,
mp-1094409,YMg2,
mp-614981,Ba2Nd(CuO2)3,
mp-1094413,YMg,
mp-1094415,Y5Mg,
mp-1094419,Y2Mg,
mvc-12120,MnO2,
mp-1094424,Y2Mg,
mp-1094432,MgZn2,
mp-1094434,Mg5Zn,
mp-1094439,MgZn2,
mp-1094444,YMg2,
mp-1094445,MgZn,
mp-1094447,YMg,
mp-1094453,YMg,
mp-1094455,Mg2Zn,
mp-1094456,MgZn2,
mp-1094460,MgZn2,
mp-1094489,Mg2Zn,
mp-1094461,MgZn2,
mp-1094465,Mg2Zn,
mp-1094482,YMg5,
mp-1094483,MgZn2,
mp-1094486,Mg5Ti,
mp-1094459,Mg5Zn,
mp-1094491,SrMg2,
mp-1094495,YMg2,
mp-1094497,YMg,
mp-1094502,Mg2Ti,
mp-1094504,MgZn2,
mp-1094509,MgTi,
mp-1094512,Mg2Sb,
mp-1094511,MgTi2,
mp-1094384,MgTi2,
mp-1094516,MgSb2,
mp-1094518,Mg2Sn,
mp-1094521,MgSn2,
mp-1094522,Y2Mg,
mp-1094524,MgSn,
mp-1094525,Mg2Sn,
mp-1094526,Y2Mg,
mp-1094529,Mg2Sn,
mp-1094531,Y2Mg,
mp-1094534,MgSb,
mp-1094533,MgSb,
mp-1094535,Mg2Sn,
mp-1094536,Mg2Sb,
mp-1094537,Mg5Sb,
mp-1094539,Mg5Sn,
mp-1094543,Mg2Sn,
mp-1094546,Mg2Sb,
mp-1094545,MgSb2,
mp-1094550,MgSb,
mp-1094552,MgSb,
mp-1094553,Mg2Sb,
mp-1094562,Li2Mg,
mp-19163,SrWO4,63.49353605
mp-1094554,Mg2Sb,
mp-32761,SiO,
mp-1094566,MgSb,
mp-1094570,LiMg2,
mp-1094572,Mg2Sb,
mp-1094573,LiMg,
mp-1094574,LiMg2,
mp-1094575,LiMg,
mp-1094601,Li2Mg,
mp-1094549,MgSb2,
mp-1094579,LiMg2,
mp-1094585,MgSb,
mp-1094583,Mg2Sb,
mp-1094587,LiMg2,
mp-1094594,LiMg,
mp-1094595,Mg2Sb,
mp-1094599,LiMg5,
mp-1094600,LiMg2,
mp-1094604,LiMg2,
mp-1094607,Li2Mg,
mp-1094609,LiMg5,
mp-1094613,Mg2Ga,
mp-1094612,Mg5Ga,
mp-1094619,Mg2Ga,
mp-1094622,MgGa2,
mp-1094624,MgGa2,
mp-1094626,Mg5Ga,
mp-1094630,MgGa2,
mp-1094632,MgGa,
mp-1094634,Mg2Ga,
mp-1094635,Mg2Ga,
mp-1094640,MgGa2,
mp-1094646,MgGa2,
mp-1094647,Mg2Ga,
mp-1094648,MgGa,
mp-1094649,Mg2Ga,
mp-1094650,MgGa,
mp-1094661,MgGa,
mp-1094662,MgGa5,
mp-1094667,MgGa,
mp-1094672,MgGa,
mp-1094677,MgBi2,
mp-1094681,Mg5Bi,
mp-1094682,MgGa2,
mp-18825,YCrO4,
mp-1094694,MgCd2,
mp-1094714,Mg5Bi,
mp-1094704,Mg5Cd,
mp-1094732,Ce2Mg,
mp-1094763,MgCd2,
mp-1095500,TaFe2,
mp-571459,ZrMn2,
mp-16775,CdCu2,100.2975943
mp-850035,FeS2,
mp-567860,TiFe2,
mp-1094776,Mg2Cd,
mp-1094804,MgCd2,
mp-1094803,CaMg,
mp-1094810,Ce5Mg,
mp-1094815,CeMg2,
mp-1094812,MgCd2,
mp-1094817,CaMg2,
mp-25545,MnO2,87.15417935
mp-715446,MnO2,
mp-1094822,MgBi2,
mp-1094830,MgCd5,
mp-919914,TiMn2,
mp-1094878,MgBi2,
mp-1094901,MgCd2,
mp-1094909,Mg2Cd,
mp-540000,CoO2,
mp-1094911,Mg2Cd,
mp-1094918,Ce2Mg,
mp-619213,RbFeF4,
mp-1094927,Mg2Cd,
mp-1094936,Mg2Cd,
mp-1094947,MgBi2,
mp-1094951,Mg5Cd,
mp-1094960,Ca2Mg,
mp-909802,MnCoSi,
mp-1094981,MgBi2,
mp-1094985,Mg2Cd,
mp-1095511,ThMn2,
mp-1038953,CaMg,
mp-1095014,MgBi2,
mp-1094584,Mg2Sb,
mp-1095264,OsO2,
mp-1095554,ErNi3,
mp-23018,BiSbO4,
mp-1095213,BaFe2S2O,
mp-1095216,NdAsO4,
mp-22162,YbNiSn,
mp-4156,Li2ZrO3,100.8645636
mp-19426,CaWO4,
mp-1095223,OF2,
mp-1095228,PuB2C,
mp-19387,CdWO4,118.2745871
mp-19967,LuMnSi,
mp-1095218,BaThTe4,
mp-505290,EuVO4,
mp-1095247,ScGeRh,
mp-1095254,EuMoO4,
mp-1095253,ScGePt,
mp-1095252,SrFe2Se2O,
mp-1095258,SrMgF4,
mp-1095230,CaSeO4,
mp-1095261,ScCoGe,
mp-1095263,HoSeF,
mp-1095265,LiYbBi,
mp-1095270,Na5NpO6,
mp-1095274,LiYbAs,
mp-1095273,BaGdCuTe3,
mp-1095275,GeP,
mp-1095278,BaTbAgTe3,
mp-559289,YTaO4,
mp-1095280,SrFe2S2O,
mp-1455,MnS2,
mp-1095284,BaGe5,
mp-1095292,GeF2,
mp-1095294,SiS2,
mp-1095291,Li2SnSe3,
mp-1095289,LiCaAs,
mp-1095309,LaAsO4,
mp-1095302,BiSe2,
mp-1095303,FeBi4S7,
mp-19323,SmVO4,
mp-1095315,BaWO4,
mp-1095320,LuBPt2,
mp-1095312,U2Te2PO,
mp-1020026,LiBeBO3,
mp-1095323,WO5,
mp-754109,PrAsO4,
mp-4169,USiO4,
mp-569501,LiCaBi,
mp-1095333,EuIn4Ir,
mp-30558,HoCo3,
mp-1095337,SmVO4,
mp-1095335,MnS2,
mp-1095321,WBr5,
mp-1095339,DyNbO4,
mp-19809,MnCoSi,160.5532784
mp-1095340,BaTbAgS3,
mp-1095338,BaUTe4,
mp-1095351,NpB2C,
mp-1095346,EuCdPt,
mp-1095283,PAuO4,
mp-1095352,LiEuAs,
mp-10456,HfSiPt,192.1455117
mp-1095357,BaIn9Ir2,
mp-18988,Li2MnO3,111.733163
mp-16264,LiCaSb,
mp-1095370,BiPdSe,
mp-28077,PbBr2,1.791765722
mp-1095371,LiYbSb,
mp-1095269,Si,
mp-1095372,MnBi4S7,
mp-1095377,ErSnPd,
mp-1095378,AsAuO4,
mp-27478,Na3PaF8,
mp-1095382,Fe5O7,
mp-7595,GeF2,9.764693683
mp-1095395,EuVO4,
mp-15641,CaMgGe,46.82941178
mp-1095396,NaGe2Pd3,
mp-971673,BiS2,22.84060338
mp-1095397,SnS2,
mp-3998,LaTaO4,120.2019064
mp-7066,ScNiGe,123.6138045
mp-19048,BaWO4,
mp-1095403,BaTbCuTe3,
mp-21340,HfGePt,176.8331667
mp-1095229,YNbO4,
mp-5473,CaMgSi,50.30273921
mp-1095419,TaCrP,
mp-1095420,ZnMoO4,
mp-1095422,YbBPt2,
mp-556639,DyNbO4,
mp-1095234,DyNbO4,
mp-5295,LaNbO4,
mp-1095427,HfCoP,
mp-1095425,LiEuSb,
mp-1095432,H2W,
mp-1095431,YbGaNi,
mp-5387,YNbO4,132.2626043
mp-1095429,KUClO3,
mp-1095433,TmGa4Ni,
mp-1095440,CdS2,
mp-1095443,ScFe2,
mp-1095442,HfVP,
mp-1095437,LuSeO3F,
mp-15642,SrMgSi,42.98081668
mp-1095449,HfGeMo,
mp-769937,MnCrO4,
mp-1095453,TiSiO4,
mp-1095452,U3Fe2Ge7,
mp-1095454,HoVO4,
mp-1095459,CeNi4B,
mp-22031,EuSnPd,
mp-1095465,YGeRh,
mp-1095464,YAlPd,
mp-1095460,Hg4SbHO6,
mp-1095469,TmAsPt,
mp-1095468,Dy3Sc2S7,
mp-1095472,ZrGeIr,
mp-1095473,PbClO,
mp-18918,ZnWO4,142.0336868
mp-1095478,YAlPt,
mp-1095479,GdS2,
mp-1095481,TiSiO4,
mp-1095482,YbOs2,
mp-1095514,BC5,
mp-1095484,PrAl4Ni,
mp-1095487,LuTc2,
mp-1095488,UB4Os,
mp-1095489,Cu2IO3,
mp-1095491,YCoSn,
mp-1095493,CdSe2,
mp-1095495,YZn2,
mp-20655,SmGeRu,
mp-1095497,YIr3,
mp-1095492,Ca2FeClO8,
mp-1095496,ErGa4Ni,
mp-1095502,TaCoGe,
mp-1095501,TmSiPt,
mp-1095504,HfCuGe,
mp-1095505,Ti3GeC2,
mp-1095507,SbIrSe,
mp-30437,CaSnPd,66.78470249
mp-12748,ThMn2,
mp-1095508,Er5S7,
mp-1095512,NdFeSi,
mp-1095513,SrCdAu,
mp-1095517,EuPIr,
mp-1095461,NdCo3,
mp-570960,HfOs2,274.0174255
mp-1095516,KFe2Se3,
mp-1095521,KF5,
mp-20541,V2P,207.413111
mp-1095522,YZnPd,
mp-1095520,KPd2O3,
mp-1095515,CdCNCl3,
mp-1095519,Eu2In,
mp-20490,NdNiSn,
mp-33137,TcO2,256.0021551
mp-1095527,GdGeRh,
mp-20327,TiP2,130.9935528
mp-1095533,KAsO4,
mp-1095534,C,
mp-1095532,VSiNi,
mp-1095535,YGa4Ni,
mp-1095536,VNiGe,
mp-1095529,LuH2ClO2,
mp-571581,SmSnPd,
mp-1095543,LiBH4,
mp-1095542,RbLi2O3,
mp-1095544,ScGaPd,
mp-1095546,ReO2,
mp-1095548,TaPRh,
mp-1095550,HoAsPt,
mp-1095551,K8AsO3,
mp-1095545,ZrTc2,
mp-1095553,TaCoP,
mp-1051,ErNi3,
mp-572822,TiO2,
mp-22164,PrNiSn,
mp-1095559,YbNi3,
mp-1095561,NdNi3,
mp-1095562,TbCo3,
mp-1095563,ScSiIr,
mp-1439,TiO2,204
mp-1095434,KPO4,
mp-1095566,LaCo4B,
mp-1095567,ErMn2,
mp-1095568,CeMgSn,
mp-1095571,DyVO4,
mp-22816,TbGeRh,
mp-1095572,TbAlAu,
mp-1095573,NbCoSi,
mp-1095574,CeGaAg,
mp-2096,YbMg2,
mp-1095578,Ga5Ni,
mp-18734,HoVO4,
mp-1095579,TmAlPt,
mp-1949,TiMn2,
mp-1095583,DyGaPt,
mp-1095584,PRuS,
mp-1095586,LiGaH4,
mvc-16442,CaCuF4,
mp-1095587,LaGaPt,
mp-1589,TiCr2,197
mp-1095476,LaSnPd,
mp-1095594,TlAgS,
mp-1095596,Ca2BAsO8,
mp-570670,YOs2,212.3317599
mp-1095595,SbSI,
mp-1095599,HoCoGe,
mp-7596,NbNO,236.5274507
mp-1095601,YbCo3,
mp-22451,MoPRu,
mp-1095604,ErTc2,
mp-1095603,YAsSe,
mp-11855,ErMn2,
mp-1095605,GdAl4Ni,
mp-22251,TbGaPt,
mp-1095607,YGePt,
mp-1095608,KPO4,
mp-1095610,ZrGePt,
mp-1095611,INO4,
mp-1095614,ErAsS,
mp-1095615,CeAsS,
mp-1637,Re2P,
mp-1095617,ReNO4,
mp-568077,TaFe2,228.4709989
mp-1095619,SmNi3,
mp-5884,TmPO4,
mp-1095625,TmAsPd,
mp-1095627,ThVB4,
mp-1095628,YSnPd,
mp-1095626,La2P2AuO,
mp-1106,Sr2Si,
mp-1095633,C,
mp-1095632,CaMoO,
mp-4368,SbPdSe,84.281552
mp-1095638,LiMgIr,
mp-1095634,TeAsRu,
mp-1095637,PrP2,
mp-510632,CuWO4,86.7621881
mp-1095642,Eu2Ge,
mp-1095646,H5W,
mp-1851,SnPd2,133.3935251
mp-1095641,Tb5S7,
mp-1095649,Sr2H3NO6,
mp-2512,AsPd5,151.1890176
mp-541582,ReSe2,
mp-973217,SbSI,6.469475392
mp-9849,SmP5,
mp-569624,HfCr2,189.5784963
mp-1095650,CsNa2,
mp-864619,YbMgSi,
mp-1095643,NbCr2,
mp-1095654,SiAg2,
mp-1095656,LuAsSe,
mp-1095659,YbAlB4,
mp-1095658,Tb2Au,
mp-1095660,EuIn4Cu,
mp-1095666,TbOs2,
mp-8800,TlCu3Se2,39.43442032
mp-1095665,CaO2,
mp-1095667,TmAlPd,
mp-1095668,TaFeAs,
mp-1019801,K8PO3,
mp-1095672,Ta2V3Si,
mp-1095669,HfTc2,
mp-23715,BaH2,29.92850633
mp-1095673,CrCoSi,
mp-1095675,CeAsS,
mp-1095677,NpSb2,
mp-754,Te2Rh,
mp-1095674,Cs2LiBr3,
mp-1095680,PrGeRh,
mp-1095682,Fe2Mo,
mp-1095679,Cu2BrO3,
mp-1095683,NbIr,
mp-1095684,SrInPd,
mp-22617,YNiSn,90.50809231
mp-1095689,SmMn2,
mp-1094437,Mg2Zn,
mp-1095690,Tm2Au,
mp-1095692,ErCoGe,
mp-1095694,Ag2S,
mp-30638,ThFe3,
mp-1095697,LaMg2,
mp-23199,BaCl2,
mp-1029251,LiRuN,105
mp-22997,PbBrCl,
mp-27436,PaCl5,
mp-573588,CdI2,
mp-1073408,MgSi2,
mp-1095380,LiEuBi,
mp-1096901,CrN2,
mp-715443,CoO2,
mp-1095307,CeSbAu,
mp-1096900,CrN2,
mp-1095664,FeCoP,
mp-28020,AlCuCl4,11.59786313
mp-556605,ZrO2,190.1727313
mp-1096888,CrN2,
mp-776354,Mn3SbO8,
mp-555235,SiO2,
mp-561942,Cs3TaO8,
mp-15349,Li2GeO3,
mp-1096910,CrN2,
mp-1096894,CrN2,
mp-1095503,As4INO6,
mp-1094422,Mg2Zn,
mp-1094272,Zr2Sn,
mp-557134,SiO2,
mp-616688,NaMnF4,
mp-1096899,CrN2,
mp-1095305,NdSbAu,
mp-1094639,MgGa5,
mp-1094915,MgBi,
mp-1096886,CrN2,
mp-7744,LiSO3F,
mp-1094658,Mg2Ga,
mp-1096909,CrN2,
mp-19276,BaMoO4,55.92695995
mp-1094469,Mg2Zn,
mp-1096913,CrN2,
mp-1096903,CrN2,
mp-1095446,RbPO4,
mp-1096890,CrN2,
mp-1096889,CrN2,
mp-29362,GaCuCl4,9.704570692
mp-8973,NaSi2N3,185.0256512
mp-7457,SnF2,14.12700432
mp-5012,Li2SiO3,75.69164897
mp-557,TeO2,29.53521682
mp-2034,W2C,334.1754456
mp-715550,MoO2,
mp-1100190,LiMg,
mp-1038789,Mg2Bi,
mvc-11583,CoO2,
mp-1097738,CrN2,
mp-30152,CeSbTe,
mp-1094408,YMg2,
mp-558798,BiPO4,
mp-561638,CoMoO4,
mp-20063,Li3Ce5Ge4,
mp-934092,VAsRh,
mp-1025126,MgSi2,
mp-11639,Rb2GeS3,
mp-613298,K2RbMn2F7,
mp-1098705,CeSe2,
mp-542724,LaNbO4,
mp-25527,FePO4,
mp-1098703,CeSe2,
mp-565875,LiCoF4,
mp-1095695,ThFe3,
mp-694537,MnPO4,
mp-3349,Sr3Ti2O7,140.2258808
mp-1118,SiNi2,193
mp-7285,HfNi3,180.6667947
mp-7911,KCuO,30.7411056
mp-777556,LiVF4,46.00193997
mp-27747,PdI2,4
mp-17383,Ni2Ge,167.5965556
mp-1029338,LiV2N3,147.6960815
mp-754752,NbNO,183.9158902
mp-21873,NiAs2,112.6964431
mvc-10890,NiO2,
mp-1020019,Li2PNO2,89.08676072
mp-1094490,MgZn,
mp-1094527,MgSb2,
mp-304,Ca2Ge,
mp-623027,Pr2Ga,
mp-22889,ZnCl2,7.428472635
mp-927,CuP2,89.26006177
mp-1094410,YMg2,
mp-1095661,YbCuPbSe3,
mp-867188,RbNpCuS3,
mp-3439,SbPO4,
mp-1094697,Mg2Cd,
mp-1094186,LaMg5,
mp-1094871,Ce5Mg,
mp-29520,LiAuI4,7.113122395
mp-1094593,LiMg2,
mp-20201,NdZnSn,
mp-571232,YbBr2,
mp-9676,K2NaGaAs2,
mp-28595,KNaSe,
mp-754717,RbBrO4,
mp-1094246,MgSn5,
mp-642650,LiP(HO)2,
mp-21124,SrIn4Pt,53.07261059
mp-1073850,MgSi,
mp-542171,HoNiGe,
mp-568745,Rb2Te,
mp-615173,CuBi(WO4)2,
mp-632694,ScMo3O8,
mp-21894,LiSn4Ir,69.02718323
mp-22812,In2Ir,
mp-18861,BaNd2Mn2O7,
mp-573449,CsYbCoSe3,
mp-13163,TbZnSn,
mp-13352,RbUCuS3,
mp-20253,InSb,
mp-30933,ZrBi,
mp-861228,Li3CuS2,
mp-9069,K2NaAlAs2,
mp-1039246,MgCd,
mp-21155,DyMnGe,
mp-20395,VAsRh,183.339266
mp-568080,CeP2,
mp-568936,Ag2Se,57.81677419
mp-1038797,MgCd2,
mp-1039259,Ce2Mg,
mp-571334,PrCo3,
mp-1039182,Mg2Bi,
mp-1039548,CeMg2,
mp-1039357,CeMg2,
mp-12613,LaNiSn,
mp-561468,Cu2SiS3,
mp-27793,Nb2Se,122.3621897
mp-1039421,Ca2Mg,
mp-21066,TaMnP,
mp-569480,URe2,
mp-1038955,CeMg2,
mp-20219,CsUCuTe3,
mp-25603,LiNi(WO4)2,
mp-20479,SrIn4Ni,47.31691947
mp-569334,NdMn2,
mp-1039467,Ca2Mg,
mp-569100,LaRh3,
mp-1039345,CeMg2,
mp-1039524,CeMg2,
mp-1039382,CaMg2,
mp-1039360,CaMg,
mp-31927,MnPO4,
mp-1039088,CeMg5,
mp-20562,CeGeAu,
mp-1038946,CaMg2,
mvc-11624,VO2,
mp-20597,TbMnSi,
mp-1039471,MgCd,
mp-1038896,MgBi2,
mp-19878,YbMnGe,
mp-1039552,CaMg,
mp-18817,NiSeO4,69.47407531
mp-12480,ScPPt,149.4175901
mp-20249,MnCoP,198.6182606
mp-29647,SmSb2,
mp-22395,KCeSe4,
mp-36966,NaSm2Se3,
mp-1038781,Mg2Bi,
mp-20610,LuGeRh,
mp-1039255,Mg2Cd,
mp-1039439,CaMg,
mp-1100191,YMg5,
mp-574426,CsCeCdSe3,
mp-22497,HoSiRu,
mp-22051,LuGeRu,
mp-505282,CeGeRh,
mp-570549,AgBiTe2,
mp-31183,ErAl4Ni,
mp-1039397,Ca2Mg,
mp-568347,NbSe2,
mp-510733,VCuO4,
mp-568945,DyCo3,
mp-1039242,Mg2Bi,
mp-22129,DyGaPd,
mp-1073416,MgSi2,
mp-1038899,Mg2Bi,
mp-1039390,Ca2Mg,
mp-1073823,MgSi,
mp-1039480,Ca2Mg,
mp-1038906,Mg2Bi,
mp-1039008,Ce2Mg,
mp-21502,BRh2,
mp-1039204,MgCd2,
mp-1039263,MgBi2,
mp-1039050,MgBi,
mp-632723,MgPHO9,
mp-1038993,CaMg2,
mp-31521,CoPO4,83
mp-1039319,Mg2Cd,
mp-1039108,CaMg2,
mp-22299,TbNiSn,
mp-581733,Zr4CuP,119.8503517
mp-1039381,CeMg2,
mp-581760,Yb2In,
mp-766786,VF5,
mp-1038792,MgBi2,
mp-25559,MnVO4,74.29080392
mp-1039304,CeMg2,
mp-19991,SrIn4Pd,47.88510254
mp-571270,NbSe2,23.64301663
mp-1039058,MgBi2,
mp-1073592,MgSi2,
mp-1029404,KGe2N3,135.003034
mp-28313,NdCl2,
mp-35248,Na2SO3,
mp-1039531,Ca2Mg,
mp-21901,SrIn4Ir,
mp-38177,Rb2ZnI3,
mp-1039535,Ce2Mg,
mp-1038860,Ce2Mg,
mp-1039505,CeMg,
mp-19827,CeAlPt,
mp-1039534,Ce2Mg,
mp-574338,CsGa3,
mp-720260,MgPHO9,
mp-1039091,Mg2Bi,
mp-1038970,MgBi,
mp-35893,KAlO,
mp-1039340,Ca2Mg,
mp-1039594,CeMg,
mp-1039481,CeMg,
mp-1039222,MgCd,
mvc-2990,Ba2TlNi2O7,
mp-850009,FeS2,
mvc-16579,MgFeF4,
mp-31176,HoNiSn,
mp-1039570,CaMg2,
mp-1039086,Ca5Mg,
mp-867730,Cs2SnO3,
mp-1039605,Ce2Mg,
mp-741,HfO2,225
mp-761512,Co3TeO8,79
mp-765125,FeOF,162
mp-573501,CsTmZnSe3,
mp-1100994,TlCu7Se4,
mp-1095413,HfGePt,
mp-1095523,V2P,
mp-579353,CsSmZnSe3,
mp-504864,YCu(WO4)2,
mp-1095398,ScNiGe,
mp-1095576,YbMg2,
mp-645421,LaP5,
mvc-93,Ca(MnS2)4,
mvc-66,Mg(FeS2)4,
mp-777603,LiMnCo3O8,
mp-8387,Tl6TeO6,
mp-974729,Nd(Al2Cu)4,
mvc-1038,BaCr4O8,
mp-973225,Na2CrH2F8,
mp-7735,Pr5(CoB3)2,
mp-982188,Y(Mn2Fe)4,
mp-7385,K2Be2PbF8,
mp-9201,K4Ge2Au7,
mp-9441,Ho(CrGe)6,
mp-772213,La4CuO8,
mp-7250,Nb6Co7,213.1276694
mvc-11008,Ba2Fe3O8,
mp-7720,Ce2Ga10Ni,
mp-6616,Ba2HoCu3O7,
mp-8793,Nd5(FeB3)2,
mp-8710,Ca2Pt3O8,
mvc-13425,Mg2V3O8,
mp-601877,LiScMo3O8,
mvc-13376,Ca(FeS2)4,
mvc-12953,Mg(FeS2)4,
mvc-12952,Mg(NiS2)4,
mvc-12951,Mn4ZnS8,
mvc-12948,Zn(FeS2)4,
mvc-12731,Ti4ZnS8,
mvc-12617,Ca(NiO2)4,
mp-600785,Tb(MnSn)6,
mp-7817,YB12,
mvc-12347,Zn(CrS2)4,
mvc-12340,Mn4ZnS8,
mvc-12181,Ca(CoO2)4,
mp-981356,Zr(FeGe)6,
mp-782720,LiTiV3O8,
mvc-11745,Zn(CrS2)4,
mvc-11744,Ca(TiS2)4,
mvc-11742,Zn(FeS2)4,
mvc-11741,Ca(MnS2)4,
mvc-11740,Ca(VS2)4,
mvc-11739,Ca(TiS2)4,
mvc-11659,CaV4O8,
mp-980811,TmMn12,
mvc-11476,Mg(VS2)4,
mvc-11418,V4ZnS8,
mvc-11417,Ca(CrS2)4,
mvc-11662,Ca(FeO2)4,
mvc-11313,Ti4ZnS8,
mvc-11289,Mg(CoS2)4,
mvc-11286,Zn(NiS2)4,
mvc-11284,Mg(CrS2)4,
mvc-11285,Zn(CoS2)4,
mvc-11283,Mg(TiS2)4,
mvc-11278,Ca(CrS2)4,
mvc-11277,Ca(NiS2)4,
mvc-11275,V4ZnS8,
mvc-11273,Zn(NiS2)4,
mvc-11272,Mg(MnS2)4,
mvc-11271,Mg(VS2)4,
mvc-11269,Mg(NiS2)4,
mvc-11266,Mg(CoS2)4,
mvc-11265,Mg(CrS2)4,
mvc-11131,Zn(CoS2)4,
mp-758189,Li2Cu3F8,
mp-973553,Gd(Al2Cu)4,
mvc-11037,CaMn4O8,
mvc-10962,CaCr4O8,
mp-8689,V4GeSe8,55.16449254
mvc-107,Ca(FeS2)4,
mp-9783,Ba3(AsO4)2,
mp-643092,U(GaFe)6,
mp-771472,Mn4CuO8,
mvc-62,Ca(CoS2)4,
mp-554959,K2Al2Sb2O7,
mp-762406,LiMn4O8,
mp-977054,La(Al2Fe)4,
mp-637030,Gd2Al6Si4Pt,
mp-696867,V4NiS8,
mp-694957,KMn4O8,
mp-9372,Ba2Cu(PO4)2,
mp-556275,Rb2Al2Sb2O7,
mp-675477,Sn4Bi2Se7,31.17217245
mvc-11656,Mg(CoO2)4,
mp-676296,U(BiO2)4,
mvc-3637,Zn2W3O8,
mp-6309,La3Cu4(P2O)2,
mvc-3578,Ca2Cr3O8,
mvc-3317,Zn2Ni3O8,
mp-780798,LiMn2Cr2O8,
mvc-3029,Mg2Co3O8,
mvc-2955,Ca2Ti3O8,
mvc-12753,CaMn2F10,
mvc-16013,Mg2W3O8,
mvc-15993,Ca2Ni3O8,
mvc-15986,Ca2Co3O8,
mvc-15960,Mn3Zn2O8,
mvc-12444,Ti4ZnO8,
mvc-12231,MgV4O8,
mvc-12157,Ti4ZnO8,
mp-780722,Y6N2O5,
mvc-10874,Ba(FeO2)4,
mp-776282,V3Zn2O8,
mvc-11949,CaCr2F10,
mvc-15503,Mg2Ni3O8,
mvc-15496,Mg2Mn3O8,
mvc-15495,Mg2Cr3O8,
mvc-11781,CaTi2F10,
mvc-11332,Ca5(VN3)2,
mvc-11129,Ca5(CrN3)2,
mvc-14915,CaTi4O8,
mvc-14765,Ca2V3O8,
mp-642731,CeH3(CO2)3,
mvc-12176,CaTi4O8,
mvc-14449,Ca(NiS2)4,
mvc-14448,Ca(CoS2)4,
mvc-14313,Mg2Mo3O8,
mvc-14293,Mg2Ti3O8,
mvc-14287,Ti3Zn2O8,
mp-985569,Sr2YCu3O7,
mp-639892,GdMn12,
mvc-14221,V3Zn2O8,
mp-11029,Y(Al2Cu)4,100.7980189
mvc-14216,Zn2Fe3O8,
mvc-14038,Ca2Fe3O8,
mvc-14026,Zn2Cr3O8,
mvc-14025,Zn2Co3O8,
mvc-13718,Mg2Fe3O8,
mvc-14876,Ba2Ti3O8,
mvc-13560,Ca(VS2)4,
mvc-13559,Mg(MnS2)4,
mp-3857,Ba3(PO4)2,
mp-699368,Na3(W2O3)2,
mp-762289,Li2P2WO8,
mvc-2971,Mg2Sb3O8,
mvc-15933,Ca2Bi3O8,
mvc-15350,Ca2Sn3O8,106.974437
mvc-15204,Ta2Bi2O9,
mp-643378,CuH4Pb2(ClO2)2,
mvc-14742,Zn2Bi3O8,
mvc-14086,Ca5(MnN3)2,
mvc-14005,Zn2Sb3O8,
mvc-13947,Ca2Sb3O8,
mvc-13890,Mg2Bi3O8,
mp-676368,Rb4N2O7,
mp-6072,TmMn6(GaSn2)2,
mp-985592,Li6PS5Cl,27.96717972
mp-985591,Li6PS5Br,28.08891513
mp-985582,Li6PS5I,
mp-675590,Cu6BiS6,
mvc-159,V4ZnO8,
mp-37995,Ti3Zn2O8,
mp-622211,Ba2EuCu3O7,
mp-755210,Y4Cu2O7,
mp-765047,Li(CoO2)4,
mp-775983,Li6WO6,
mp-764976,Li2Cr(PO4)2,
mp-765049,Li6FeO5F,
mp-984726,Dy(Al2Cu)4,
mp-972569,Sm(MnAl2)4,
mp-5584,Ga(MoSe2)4,
mp-753387,Li2Cu3F8,
mp-753199,Li3Cu2F8,
mp-3861,Al(MoS2)4,
mp-861713,Mn5(OF3)2,
mp-5267,Np(Al2Cu)4,
mp-5641,Tm(MnGe)6,
mp-5628,K(RuO2)4,
mp-5091,Dy(Al2Fe)4,
mvc-10442,Zn(CoO2)4,
mp-767274,Li3MnSi2O7,
mp-767263,LiFe2(PO4)2,
mp-622614,K2MnH4(Cl2O)2,
mp-767254,LiCo2(PO4)2,
mp-767239,Mn5O3F5,
mp-569675,Tl2Hg2PdCl8,
mp-767228,LiFe2(PO4)2,
mp-767226,LiMn2(PO4)2,
mp-765791,Li2V3(OF)4,
mp-767108,LiMn2(PO4)2,
mp-780544,LiMn3CrO8,
mp-780537,Co4TeO8,
mp-639397,Cs2MnV2(BrO3)2,
mp-752546,LiTi4O8,
mp-763696,Li5(CoO3)2,
mvc-11777,Al(BiO3)3,
mp-764425,LiY3WO8,
mp-773588,Sc6N2O5,
mvc-10443,Zn(NiO2)4,
mp-771763,Mg2Mn3O8,
mp-764201,Li2V3O3F5,
mp-764195,Li3V2OF7,
mp-752615,Li4(CuO2)3,
mp-775277,K(WO3)3,
mp-976187,Pr(Al2Fe)4,
mp-972084,TbMn12,
mp-761384,K3MnCrO8,
mp-772347,Li6FeO6,
mp-767222,LiFe2(PO4)2,
mp-9117,Sr2YTlCu2O7,
mp-761290,Mn5O8,
mvc-14010,Zn2Sn3O8,
mp-767195,Mn5O3F5,
mp-14786,Ba(Cu2As)4,
mp-770617,La4FeO8,
mp-638442,Gd2Al6Si4Au,
mp-766941,Li4VF8,
mvc-13217,V4ZnO8,
mp-766801,Li4MnF8,
mp-632802,Ba2CaTlCu2O7,
mp-770251,Ti4VO8,
mp-768613,Zr(MnSn)6,
mp-21451,Ba2SmCu3O7,
mp-31007,Tb5Br8,
mp-21504,V4GaSe8,
mp-31081,Sc(MnAl2)4,103.2066444
mp-985207,Dy(Al2Cr)4,
mp-28660,Ca2Cu6P5,
mp-27126,Na2Mn3Cl8,
mp-504567,Mn3(CuO4)2,
mp-3453,Er(MnGe)6,
mp-31179,Ho(Al2Fe)4,
mp-504613,Ce3(Si4Ni)2,
mp-3006,P2Pd3S8,6.523636933
mp-30060,Sn5(BRh3)2,
mp-504747,V2Cu3O8,
mp-23664,YH3(CO2)3,
mp-20324,Ba2LuCu3O7,
mp-22319,UB12,
mp-28879,Ca5P8,
mvc-11986,Mg3V2O8,
mp-30241,Mg5(HO3)2,
mp-23771,SmH3(CO2)3,
mp-22012,Tb(MnGe)6,
mp-35320,Ag3(AsO4)2,
mp-22018,Hf(MnGe)6,
mp-23837,NdH3(CO2)3,
mp-22260,Y(MnSn)6,110.1298347
mp-3546,Tb(Al2Fe)4,
mp-35482,Ti(FeO2)4,
mp-27413,Mo8P5,
mp-35530,LiMn4O8,
mp-28998,Sn5(BIr3)2,
mp-22084,Zr(MnGe)6,
mp-30416,Rb4Sn2Au7,
mp-20642,NdMn12,
mp-30886,YZn12,78.74341884
mp-27563,Rb2In4O7,
mp-20656,DyMn12,
mp-20668,Dy(MnGe)6,
mp-3633,Er(Al2Fe)4,
mp-29113,Ce3(Al2Si3)2,
mp-20673,Mg(FeGe)6,
mp-20674,Ba2YCu3O7,109.0069587
mp-36383,Ag3(PO4)2,
mp-22267,Y(MnGe)6,
mp-3663,Ta4GaSe8,
mp-22286,Ag5(PbO3)2,
mp-36915,K6Fe2O5,
mp-3701,Sc(Al2Fe)4,126.4292236
mp-29225,Al4Cu2O7,
mp-37950,Na3(W2O3)2,
mp-30546,K(IrO2)4,
mp-22482,ErMn12,
mp-22508,YMn12,150.7082654
mp-18450,Lu(FeGe)6,
mvc-12941,Mg(TiS2)4,
mp-30614,ErZn12,
mp-12570,ThB12,
mp-18870,Mn3Cd2O8,
mp-18881,KCr4O8,
mp-20824,Sr2CaTlCu2O7,
mvc-14972,Ca2Mn3O8,
mp-19021,BaCo2(PO4)2,
mp-4093,Cu3(PO4)2,
mp-4107,Li(CoGe)6,
mp-559068,Na2Pd(SeO4)2,
mp-559243,Nd2Ta2Cl2O7,
mp-559263,K2Li4UO6,
mp-571438,Be12V,129.8301893
mp-557964,Li9S3N,
mp-567394,Ga(MoSe2)4,
mp-778584,LiMn2(CoO4)2,
mvc-610,BaTi4O8,
mp-771380,Rb2Fe4O7,
mp-773271,Co(CuO2)4,
mp-770104,LiMn4O8,
mp-773307,Co4NiO8,
mp-770056,Mn4CoO8,
mp-767458,Tl(WO3)3,
mp-773294,Mn4CrO8,
mp-12697,Sc(MnSn)6,112.526423
mp-773277,Co(CuO2)4,
mp-773257,Mn4NiO8,
mp-773256,Mn4FeO8,
mp-773238,Mn(CoO2)4,
mp-30870,SmZn12,
mp-622633,Nb6Co7,
mp-773224,LiY3WO8,
mp-622210,Ba2LaCu3O7,
mp-675124,In4SnS8,
mp-756593,Ta3(OF)5,
mp-622110,Ba2ErCu3O7,
mp-622108,Ba2TmCu3O7,
mp-622105,Ba2DyCu3O7,
mp-762829,LiMn3NiO8,
mp-762820,LiV2(SiO4)2,
mp-756698,Gd(BiO2)4,
mp-642999,TmH3(CO2)3,
mp-642991,TbH3(CO2)3,
mp-777322,Li6Fe(O2F)2,
mp-756035,LiTi4O8,
mp-765793,Li2Mn(PO4)2,
mp-769702,LiMn4O8,
mp-642729,LaH3(CO2)3,
mp-755813,Sc6N2O5,
mp-769630,Li2Mn3F8,
mvc-1098,Ba2V3O8,
mp-755082,Sr3(AsO4)2,
mp-755053,Ga4SiO8,
mp-541368,Tl4V2O7,
mp-772243,La4MnO8,
mvc-9126,Mg(NiO2)4,
mp-761730,LiCo3CuO8,
mp-779166,LiCo3NiO8,
mp-760377,Li2Nb(PO4)2,
mp-754767,Fe3(SnS4)2,
mp-763713,Cs(WO3)3,
mp-763687,Li6MnO6,
mp-772058,Co(NiO2)4,
mp-694953,LiMn4O8,
mp-763559,Li2V(PO4)2,
mp-20630,Ho(MnSn)6,
mp-7248,U(Al2Cu)4,
mp-645166,Tb(GaFe)6,
mp-675426,Ba3PrF9,
mp-763181,LiCrCo3O8,
mp-753957,Ce4ThO8,
mp-849525,Li2Fe3O3F5,
mp-569200,Eu(Al2Fe)4,
mp-762553,Li2Fe(PO4)2,
mp-778241,Li2V3F8,
mp-782005,Li6TeO6,
mp-655105,K2Pb(SO4)2,
mp-625941,Te(HO)6,
mp-654374,Ba2YTlCu2O7,
mvc-11658,Mg(FeO2)4,
mvc-600,Ba(SnO2)4,
mp-30776,PrMg12,
mp-567515,Rb2Hg2PdBr8,
mp-567838,La2AlNi9H,
mp-567747,Co7Mo6,264
mp-567842,TaBe12,136.9726081
mp-550,Al12Mo,91
mp-567970,Hf3(Al2C3)2,
mp-571622,Be12Pt,132.8011127
mp-557136,Cu3Se2(ClO3)2,
mp-561443,Ba3(PS4)2,
mp-568252,Rb2Hg2PdCl8,
mp-555170,B12S,
mp-572313,Cu3Te2(BrO3)2,
mp-540574,Cs2Hg3I8,
mp-568404,Li9Al4,31
mvc-12147,YCr3O9,
mp-557359,Cs2Al2Sb2O7,
mp-554206,Cs2Al2As2O7,
mvc-13721,Ba2Ni3O8,
mp-5544,U(Al2Cr)4,
mp-608014,K2Ge2Pb2O7,
mp-510696,Cs4Sn2Au7,
mp-554519,Gd4Ti(SeO)4,
mp-561708,CoSnC4Cl3O4,
mp-554623,Sm2Ta2Cl2O7,
mp-2885,Ga(MoS2)4,
mp-559702,Pr2Ta2Cl2O7,
mp-554725,BaCo2(AsO4)2,
mvc-11655,MgMn4O8,
mp-771791,Cr3(FeO4)2,
mp-569894,La4B4Cl5,
mp-568730,Ge4Te7As2,
mp-569978,Na2Ti3Cl8,
mp-568827,Be12W,144.2603461
mp-555565,Ag5(PbO3)2,
mvc-15999,Ca2Mo3O8,
mp-764555,NaCr4O8,
mp-705676,K4MoO8,
mp-761471,Co5O8,
mp-780888,Li(CoO2)4,
mp-754052,Li3(Fe2S3)2,
mp-753669,Hf(MnSn)6,
mp-765258,Li4MnF8,
mp-763089,LiFeCo3O8,
mp-625950,Te(HO)6,
mp-778023,LiMnCo3O8,
mp-643561,VH6(OF)3,
mp-753711,Ca3(PO4)2,
mp-3487,Ca3(PO4)2,
mp-1019509,B2S2O9,28.55752355
mp-1019779,K2Mg2Si2O7,
mp-1006223,GdB12,
mp-1004756,NdB12,
mp-1004753,PrB12,
mp-1004525,SmB12,
mp-766932,Mn5O7F,
mp-568912,Be12Nb,133.150356
mp-31411,Th(Al2Cr)4,
mp-541032,Te7As5I,
mvc-11654,Mn4ZnO8,
mp-585209,Li2Mo(PO4)2,
mp-30177,Y(Al2Cr)4,120
mp-32328,Ni(PO3)3,
mp-541150,BaMn4O8,
mvc-15150,MgMn4O8,
mp-541234,Cs2K4Fe2O5,
mp-32412,KV4O8,
mp-560145,BaBi4(ClO3)2,
mvc-615,Ba(SbO2)4,
mp-32565,Tb4H9,
mp-565574,K4V2O7,
mp-32640,La5S8,
mp-541385,Cs6Fe2O5,
mp-570499,La5(BN3)2,
mp-7941,Li6TeO6,
mp-8609,Li6UO6,
mp-8688,V4GeS8,
mp-542201,Ba3Nb2O8,
mp-542449,Sc5Cl8,
mvc-1053,Ba(WO2)4,
mp-566900,Li2Ni(WO4)2,
mp-566408,BaYFe4O7,
mp-566999,K3VCO8,
mvc-1112,Ba2Co3O8,
mp-561172,BaBi4(BrO3)2,
mvc-12846,MgV4O8,
mp-566762,V2Te2O7F2,
mp-560874,BaPb2C2(O3F)2,
mvc-14274,ZnCr4O8,
mp-556595,Nd4Cu2O7,
mp-566061,Li2Cu(WO4)2,
mp-571258,Er6I7,
mvc-1059,Ba(MoO2)4,
mp-556321,Li2Co(WO4)2,
mp-571302,Pr3(Al2Si3)2,
mp-543085,La4NiO8,
mp-1021323,LiC12,125.134996
mp-18833,Sr3Cr2O8,
mp-557629,V4GeS8,
mp-18898,Sr(NiO2)4,
mp-18909,BaNi2(PO4)2,
mp-19739,Sc(FeGe)6,
mp-18913,Ba3Cr2O8,
mp-19887,Nb(FeGe)6,
mp-18922,Mn5O8,136.4053022
mp-18991,Ba(NiO2)4,
mp-556411,CaBi2(CO4)2,
mp-22130,Ti(FeGe)6,
mp-11037,Lu(Al2Fe)4,
mp-4474,V4GaS8,74.1539422
mp-19143,BaCo2(AsO4)2,
mp-626012,Te(HO)6,
mp-625993,Te(HO)6,
mvc-12189,Ca(FeO2)4,
mp-985581,SmFe12,
mvc-14219,Zn2Mo3O8,
mp-1003316,KMn4O8,
mp-19188,Ba3Mn2O8,
mp-25067,LiInMo3O8,
mp-25110,V2Pb3O8,
mp-25142,V2Pb3O8,
mvc-12919,Mg(FeO2)4,
mp-25479,La4CoO8,
mp-19365,Ba3V2O8,68.78430388
mp-19386,Sr3V2O8,
mp-19388,BaNi2(AsO4)2,
mp-16719,Al12Tc,94.80117862
mp-19433,LiScMo3O8,
mp-19431,LiYMo3O8,
mp-18723,BaV2(NiO4)2,
mvc-9128,MgCr4O8,
mvc-11661,Ca(NiO2)4,
mp-542076,Ca3V2O8,
mp-4298,Tm(MnSn)6,
mvc-14907,Ti4ZnO8,
mvc-724,Ba2Sb3O8,
mvc-8747,Mg(BiO2)4,
mvc-8751,Mg(SbO2)4,
mvc-8750,Zn(SnO2)4,
mvc-8781,Zn(BiO2)4,
mvc-8773,Mg(SnO2)4,
mvc-8795,Ca(SbO2)4,
mvc-8799,Zn(SbO2)4,
mvc-8797,Ca(SnO2)4,
mvc-8786,Ca(BiO2)4,
mvc-9127,Zn(MoO2)4,
mvc-9157,Mg(MoO2)4,
mvc-9158,Mg(WO2)4,
mvc-9160,Ca(WO2)4,
mvc-9161,Ca(MoO2)4,
mvc-9162,Zn(WO2)4,
mvc-13310,Ba2AlTlNi2O7,
mvc-12697,Sr2YTlCo2O7,
mvc-1121,Ba2Cr3O8,
mvc-1039,Ba(CoO2)4,
mp-6278,Zn2Cu(AsO4)2,
mvc-165,Ca(WO2)4,
mvc-2534,Sr2YTlNi2O7,
mvc-175,Zn(CoO2)4,
mvc-192,Zn(FeO2)4,
mvc-16813,Li(NiO2)4,
mvc-2092,Sr2YTlSn2O7,
mvc-2119,Sr2YTi2TlO7,
mvc-16812,Li(CoO2)4,
mvc-2487,Sr2Mn2AlTlO7,
mvc-2508,Sr2YTlW2O7,
mvc-2501,Sr2AlTlFe2O7,
mvc-2488,Sr2YTlCr2O7,
mvc-2529,Ba2YTi2TlO7,
mvc-2524,Ba2Ti2AlTlO7,
mvc-2548,Ba2AlTlSn2O7,
mvc-2489,Sr2AlTlV2O7,
mvc-2526,Ba2AlTlCu2O7,
mp-862763,Pr(Al2Cu)4,
mvc-2541,Sr2YTlV2O7,
mvc-253,Mg(MoO2)4,
mvc-2834,Mg(SnO2)4,
mvc-2854,Mg(BiO2)4,
mvc-2858,Mg(SbO2)4,
mvc-2851,Ca(BiO2)4,
mvc-2898,Zn(SnO2)4,
mvc-2876,Zn(SbO2)4,
mvc-2868,Zn(BiO2)4,
mvc-2994,Ba2YTlV2O7,
mvc-2970,Ba2YTlCr2O7,
mvc-2983,Ba2YTlCo2O7,
mvc-2985,Ba2YTlFe2O7,
mvc-2980,Ba2AlTlFe2O7,
mvc-2991,Ba2AlTlW2O7,
mvc-2992,Ba2YTlNi2O7,
mvc-2993,Ba2YTlW2O7,
mvc-2977,Ba2AlTlCo2O7,
mvc-3002,Ba2AlTlV2O7,
mvc-3085,Zn(MoO2)4,
mvc-619,Ba(BiO2)4,
mvc-1058,Ba(NiO2)4,
mvc-1060,Ba2YTi3O7,
mvc-10699,Ca(SbO2)4,
mvc-10708,Ca(SnO2)4,
mvc-10695,Zn(SbO2)4,
mvc-10669,Mg(SnO2)4,
mvc-10691,Zn(SnO2)4,
mvc-10702,Ca(BiO2)4,
mvc-1077,Ba2Ti3AlO7,
mvc-10665,MgTi4O8,
mvc-10720,Mg(BiO2)4,
mvc-10714,Zn(BiO2)4,
mvc-1081,Ba2YSn3O7,
mvc-1092,Ba2AlCu3O7,
mvc-1104,Ba2AlSn3O7,
mvc-1150,Ba2Mn3O8,
mvc-1181,Ba2W3O8,
mvc-1294,Ba2YCo3O7,
mvc-1295,Ba2Mn3AlO7,
mvc-1293,Ba2YMn3O7,
mvc-1296,Ba2YCr3O7,
mvc-1298,Ba2AlCr3O7,
mvc-1300,Ba2AlV3O7,
mvc-1325,Ba2AlW3O7,
mvc-1304,Ba2YV3O7,
mvc-13313,Ba2AlTlCr2O7,
mvc-1330,Ba2YNi3O7,
mvc-13315,Ba2YMn2TlO7,
mvc-13316,Ba2Mn2AlTlO7,
mvc-1334,Ba2YW3O7,
mvc-1340,Ba2AlNi3O7,
mvc-1357,Ba2AlFe3O7,
mvc-154,Zn(MoO2)4,
mvc-157,Mg(WO2)4,
mvc-158,Zn(WO2)4,
mvc-16051,Sr3CaCr2S2O5,
mvc-16053,Sr3MgCr2S2O5,
mvc-16054,Sr3MgFe2S2O5,
mvc-16046,Sr3MgMn2S2O5,
mvc-16047,Sr3CaMn2S2O5,
mvc-16048,Sr3CaCo2S2O5,
mvc-16052,Sr3MgCo2S2O5,
mvc-152,Ca(MoO2)4,
mvc-16083,Al(MoS2)4,
mvc-16037,Ca(TiS2)4,
mp-4656,Y(Al2Fe)4,123.097298
mvc-162,Zn(NiO2)4,
mp-643471,Ba2Y(Cu2O3)2,
mp-865864,Tm(Al2Cu)4,
mvc-12366,MgTi4O8,
mvc-2490,Sr2AlTlCo2O7,
mp-8772,ScB12,218
mp-1003484,MgMn4O8,
mp-1003483,CaMn4O8,
mp-1019535,BaAl2(SiO4)2,
mp-1001602,B12W,238.6151199
mp-1003312,KMn4O8,
mp-555894,BaCo2(PO4)2,
mp-776732,Li2Fe3F8,
mp-776754,Li2Fe3F8,
mp-11628,Tb2Al6Si4Pt,
mp-11629,Tb2Al6Si4Au,
mp-11630,Dy2Al6Si4Pt,
mp-11631,Dy2Al6Si4Au,
mp-1648,Al12Re,95.89873389
mp-13967,Nb5(CuSi)4,
mp-10359,Zr(CoGe)6,
mp-16486,Ce(Al2Fe)4,
mvc-9153,ZnCr4O8,
mp-16498,Sm(Al2Cu)4,
mp-10388,Nb5(PPd)4,
mp-773299,LiMn3CrO8,
mp-14015,HoMn12,
mp-10430,Nb5(NiP)4,
mvc-16274,Zn2Cu(AsO4)2,
mp-18718,Ca(NiO2)4,
mvc-15493,Ca2W3O8,
mp-14432,GaTe4(MoSe)4,
mp-12398,Mg(CoGe)6,
mp-1473,Fe7W6,270.4782304
mp-1475,Be12Mo,140.5227987
mp-31221,ThMn12,
mp-12626,K2SrBe2F8,
mvc-15151,CaCr4O8,
mp-1084,ZrB12,
mp-14785,Ba(Cu2P)4,
mp-10863,Li4Yb5Ge4,
mp-12664,Be12Au,
mp-12665,Be12Ag,112.8868128
mp-12666,Be12Pd,124.1188738
mp-10877,Ca(Al2Cu)4,92.86050993
mp-10896,Y(MnAl2)4,
mp-12746,Ce2Ga10Pd,
mp-10950,Sr2Cu(PO4)2,
mp-16487,Ce(MnAl2)4,
mp-15208,Nb4GaSe8,
mp-11227,Al12W,91.67506554
mp-11280,TiBe12,122
mp-11415,Sm9Ga4,
mp-11438,Sc(GaFe)6,
mp-13361,Cd2Cu(PO4)2,
mp-1590,Be12Cr,128.3589827
mp-19029,RbCr4O8,
mp-27961,Zr3(Cu2Si3)2,
mp-29455,Ga4GeO8,152.0486528
mp-20936,Ba2PrCu3O7,
mp-29474,Na2Ti3Cl8,
mp-22750,P2Pb3O8,
mp-21099,K2Pb(SO4)2,
mvc-12581,MgCr4O8,
mp-29607,Ag(TeMo)6,
mp-19725,Hf(FeGe)6,
mp-4606,U(Al2Fe)4,
mp-21209,Cu3(AsO4)2,
mp-4632,Sr3(PO4)2,
mp-19813,Ba2GdCu3O7,
mp-768011,LiTi3VO8,
mvc-1037,BaV4O8,
mp-33816,Rb6Fe2O5,
mp-23066,Pb5(SI3)2,
mp-3400,Lu(MnGe)6,
mp-19936,Sc(MnGe)6,
mp-30985,Tb6Br7,
mp-780876,Li6Fe(OF)3,
mp-972121,Tm(Al2Cr)4,
mvc-15812,Mg2Sn3O8,
mp-558452,V4GaS8,
mp-1094061,SmCo12,
mp-698626,Ti(FeO2)4,
mp-762810,Li2Fe2Si2O7,
mp-1001600,HfB12,
mp-639410,Cs2MnV2(ClO3)2,
mvc-12238,CaV4O8,
mp-29770,Na3(Mn2Te3)2,
mp-1096955,EuB12,
mvc-11657,Zn(FeO2)4,
mp-42264,K2MnH4(Cl2O)2,
mp-11567,ScZn12,80.8823722
mp-764420,Mn4TeO8,
mp-690524,K6Fe2O5,
mp-690099,Rb6Fe2O5,
mvc-13235,V4ZnO8,
mvc-15153,Mg(NiO2)4,
mvc-13236,Mg(CoO2)4,
mp-18893,Ca2Mn3O8,122.5725297
mp-27919,Ti8C5,169.9106123
mp-769768,RbMn4O8,
mvc-11660,Ca(CoO2)4,
mp-553991,Ti(GaO2)4,150.6042313
mp-1016155,NaMn4O8,
mvc-10706,Mg(SbO2)4,
mp-7221,Nb5(AsPd)4,
mvc-172,Mn4ZnO8,
mp-10878,Ca(MnAl2)4,
mp-559694,Ga(MoS2)4,
mp-616019,BaCo2(PO4)2,
mvc-16281,Ba2AlW3O7,
mvc-3110,Zn(WO2)4,
mp-20003,Ce(Al2Cu)4,
mp-21195,Gd(Al2Cr)4,
mp-4703,Th(Al2Fe)4,
mvc-1040,BaMn4O8,
mp-20780,Tb(MnSn)6,
mvc-12565,Mg(CoO2)4,
mvc-12611,CaCr4O8,
mvc-12639,Mg(FeO2)4,
mp-30772,NdMg12,
mvc-12580,MgMn4O8,
mvc-2513,Sr2YTlFe2O7,
mp-1096848,Ba2YCu3S7,
mvc-2582,Ba2YTlSn2O7,
mp-22719,Ba2NdCu3O7,108.6331215
mvc-12584,V4ZnO8,
mp-20704,U(MnAl2)4,
mvc-12608,CaMn4O8,
mvc-12570,Mg(NiO2)4,
mp-569831,Zr3(Al2C3)2,
mp-569594,Fe7Mo6,251
mp-632483,La4CoO8,
mp-715008,Mn5O8,136
mp-22385,Np(Al2Fe)4,
mp-782693,Li2CoOF3,
mp-764906,LiV2O4,
mp-675252,Yb2MnS4,
mp-787,U3P4,
mp-764901,Li3Ni3O3F5,
mp-675143,Eu(GdS2)2,
mp-7831,MgIn2O4,
mp-765432,Li2V3CoO8,
mp-756477,LiTeHO4,
mp-7580,Hg3(SF)2,
mvc-98,Zn(CoS2)2,
mp-7564,Nb3Te4,
mp-756309,Ce4DyO9,
mp-675037,Sm2EuS4,
mvc-91,Mg(CrS2)2,
mvc-78,Mg(CoS2)2,
mp-755810,EuZr4O9,
mp-673824,Fe(NiS2)2,
mp-754557,EuY2O4,
mp-674514,In5CuS8,
mp-9705,Ba4Na(BN2)3,
mp-8388,K2CuF4,
mp-764899,Li2FeOF3,
mp-672646,Sm2(InCo3)3,
mp-760684,LiTeHO4,
mp-765409,LiCoPO4,
mp-8306,Ba3FeN3,32.73930825
mp-9723,Sr4Li(BN2)3,
mvc-9993,MgCr2O4,
mp-8263,KNa2BO3,
mp-765389,LiNiPO4,
mp-9600,Cu2GeO4,
mp-673636,Sm3S4,
mp-773769,Li2MnCo3O8,
mp-8153,NaHgPO4,
mp-8117,Rb(MoS)3,
mp-8116,K(MoS)3,
mp-9324,Ba3MnN3,33.73820276
mp-9267,Er2MnC4,
mp-764303,Mn2OF4,
mp-9480,KAlSiO4,
mp-9227,Ti3Se4,
mp-772301,LiFePO4,
mp-9398,V4SiSb2,
mp-973634,Ho(AlC)3,
mp-943,Co3S4,
mp-973586,Lu(AlC)3,
mp-771753,Li2Ti3MnO8,
mp-9421,Ho(CuO2)2,
mp-9420,Dy(CuO2)2,
mp-9416,La(CuO2)2,
mp-9417,Sm(CuO2)2,
mp-9418,Eu(CuO2)2,
mp-8872,RbNa2BO3,
mp-8871,CsNa2BO3,46.50428876
mp-8355,KAlSiO4,
mp-8272,Yb2MgS4,
mp-8269,Lu2CdS4,
mp-8268,Yb2CdSe4,
mp-780834,Li2FeF4,
mp-672297,Cr(GaS2)2,
mp-672292,Gd3Se4,
mvc-12139,Y2Cr3O9,
mp-780824,Li2FeOF3,
mp-675092,Mn(FeO2)2,
mp-973261,Mg2SnO4,
mvc-13490,Bi2O5,
mp-672235,Co(NiS2)2,
mp-6987,Sr(GaTe2)2,
mvc-13339,YCr2O4,
mp-763702,Li(CoO2)2,
mp-763636,Li2Mn3NiO8,
mp-9298,Sr(AuO2)2,
mp-764953,Li7Ni(O2F)2,
mp-7841,Ba(GaSe2)2,
mp-6514,NaLaTiO4,
mvc-12616,Zn(NiO2)2,
mp-690091,Mn3Cu3O8,
mvc-12183,Mg(NiO2)2,
mp-780750,LiMnSiO4,
mp-771631,LiVNiO4,
mp-9210,La(PdO2)2,
mp-771628,LiVCuO4,
mp-6685,Cr4FeCuS8,
mp-771621,Li3Fe3O8,
mvc-3271,CrPO5,
mp-771613,LiNiSnO4,
mp-711,CeGa6,
mp-9059,KLi6TaO6,
mvc-11980,Cr2O5,
mvc-11834,BaTlCuO4,
mp-764935,Li(CoO2)2,
mvc-11636,Y(NiO2)2,
mp-675396,Sm3Eu3S8,
mp-690497,Li2NiF4,
mp-782710,Li2FeF4,
mp-675379,Li2Ta2O3,
mp-775721,Li2FeCo3O8,
mp-7085,Tm2FeC4,
mp-882,Ti6O,
mvc-11260,Ca(VS2)2,
mp-715513,Mn3O4,
mvc-11255,Ca(TiS2)2,
mp-879,La3Te4,51.22179391
mvc-11253,Ca(CrS2)2,
mvc-11183,SrCuBiO4,
mp-722,Pr3Se4,
mp-765139,VCrP2(O4F)2,
mp-690463,V(FeO2)2,
mvc-11086,V2O5,
mp-771550,Li2V3TeO8,
mp-764907,Li3Fe3OF7,
mp-762701,LiTiFeO4,
mp-753202,Li5CuF8,
mp-853131,Li2V3CrO8,
mp-775015,Li2Cr3NiO8,
mp-1074532,Mg4Si3,
mp-771496,Li2V3WO8,
mp-762484,Li2Ti3VO8,
mp-782676,Li2Fe3CuO8,
mvc-13150,Ca(FeO2)2,
mp-780215,LiVNiO4,
mvc-916,BaMgV4O8,102.5380748
mp-677272,La2EuS4,
mp-677242,K2SO4,
mvc-13092,CaTi2O4,
mp-677162,Yb(BiTe2)2,
mp-9977,Er2FeC4,
mp-997498,Ce4GdO9,
mvc-5694,Zn(MoO2)2,
mp-757032,Cs3ErO3,
mvc-5692,Mg(MoO2)2,
mvc-12970,Mg(FeS2)2,
mvc-12954,Ca(MnS2)2,
mvc-13564,Ca(VS2)2,
mvc-5434,Zn(CuO2)2,
mvc-5427,Mg(CuO2)2,
mvc-12825,Mg(CoO2)2,
mvc-12728,Ca(CoS2)2,
mp-676878,Yb2EuS4,
mp-755999,Rb2Be2O3,
mp-755649,K2Eu2O3,
mp-755643,Rb3InO3,
mp-7257,K3NaP2(O3F)2,
mp-754587,K2Be2O3,
mp-775027,Li2Mn3CoO8,
mp-676762,Yb(CeS2)2,
mp-754161,Rb3HoO3,
mp-754058,Ce3Th2O9,
mp-753832,Bi4O3F7,
mp-675535,La2SnSb4,
mp-753621,Li5SbS,
mvc-12383,Mg(NiO2)2,
mp-23187,La4Bi3,
mvc-4845,W2O5,
mp-636813,Pb3O4,
mp-7534,K2Cd2O3,
mvc-4645,Y(WO2)2,
mvc-4638,AlV2O4,
mvc-4634,Al(WO2)2,
mp-773261,LiZn(FeO2)4,
mvc-4607,Mo2O5,110.5531154
mp-983597,Sm3SbO3,
mvc-4604,Al(CoO2)2,
mvc-4602,AlCr2O4,
mp-979041,Tm(AlC)3,
mp-767009,Li4Mn2OF7,
mp-752689,Ba2Na2O3,
mp-752675,BaYF5,
mp-766918,LiMnF5,
mvc-516,BaCaTi4O8,
mp-752539,Cs2Ba2O3,
mvc-4486,Sb2O5,
mp-674232,Ca2Sn2F3,
mp-764407,Li7VO5F,
mvc-12108,CaMn2O4,
mp-7461,Hg2SO4,
mp-706272,Sr3FeN3,56.48229263
mp-7462,Hg2SeO4,
mvc-4415,Ta2O5,199.0447828
mvc-4405,Y(WO2)2,
mp-777825,LiEuPSe4,
mvc-16448,Ca3MnN3,
mp-567692,Y3Ni4B4C3,
mp-12627,Nb3S4,
mvc-15814,TiZnF5,
mvc-4103,Al(SnO2)2,
mvc-5865,Ca(AgO2)2,
mvc-11995,Ca(CoO2)2,
mp-8422,Sr(AlSe2)2,
mp-770321,Li2Mn3CrO8,
mp-607225,Mn2Ga5,
mp-676497,Ce2UTe4,
mp-8392,Sc3Si3Ni,
mp-775651,Li2Mn3CoO8,
mp-776619,Li2TiV3O8,
mvc-1090,BaCa(WO2)4,
mp-676443,La5YbS8,
mp-743864,Zr2Fe2F3,
mp-676424,Sm(GdS2)2,
mvc-4120,Y(SnO2)2,
mp-674942,Na3N2O9,
mp-761527,LiMnPO4,
mp-19251,RbLiCrO4,
mvc-11748,Ca(TiS2)2,
mp-771741,Li2Mn3CuO8,
mp-8244,Ti5TlSe8,
mp-769560,Li2TiV3O8,
mp-754021,BaYBr5,
mp-633403,Cu3As4,
mp-675476,K3SnSb3,
mp-769557,LiMnNbO4,
mvc-11640,Y(FeO2)2,
mp-9305,Mn4As3,
mvc-11622,MgV2O4,
mvc-11612,Mn2ZnO4,
mp-562631,K2SO4,
mp-760323,Ce5O9,
mp-9157,K3AlO3,
mp-9149,Er3P4Pd7,
mvc-11563,CaV2O4,
mvc-11560,CaCr2O4,
mp-7317,Sm5Co2,
mp-8999,NbNiTe5,
mp-8998,TaNiTe5,
mvc-16600,Y(MnS2)2,
mp-7295,RbCr5S8,
mp-773283,Li2Mn3FeO8,
mvc-495,BaZn(AgO2)4,
mp-774415,Li2Cr3FeO8,
mp-763690,Li3Fe3O8,90.59520768
mvc-11527,YTi2O4,
mvc-11482,Ca(CrS2)2,
mp-685108,Cu9S5,
mvc-11437,Al(NiO2)2,
mvc-1141,Ba2AlCr3O8,
mp-776203,Li2V3NiO8,
mp-8845,SeS2(NO)2,
mp-7657,K3SiTe3,
mp-761404,Co5CuO8,
mvc-36,Ca(MnS2)2,
mp-558383,Na2CrF4,
mp-771679,Li2VGa3O8,
mp-780807,Li2TiCr3O8,
mvc-12595,Mn2ZnO4,
mvc-11251,Ti2ZnS4,
mvc-11248,Mn2ZnS4,
mvc-3192,MgNiF5,
mvc-11245,Zn(FeS2)2,
mvc-3195,MgFeF5,
mp-763618,Li2Mn3SbO8,
mp-770594,Li2Co3BiO8,
mvc-12902,Mg(FeO2)2,
mvc-11190,Mg(NiS2)2,
mp-762255,Li(NiO2)2,
mvc-12644,Ca(NiO2)2,
mp-676200,Eu(ErS2)2,
mvc-12603,Mg(FeO2)2,
mvc-12591,MgMn2O4,
mvc-12582,Ca(FeO2)2,
mvc-12576,CaMn2O4,
mvc-12573,Zn(FeO2)2,
mvc-11132,Zn(NiS2)2,
mvc-12553,CaV2O4,
mvc-7742,Ca(NiO2)2,
mvc-12425,MgTi2O4,
mvc-12415,CaTi2O4,
mvc-12414,Ti2ZnO4,
mp-763313,LiCoSiO4,
mvc-15895,W2O5,
mp-676143,Ce5AgSe8,
mvc-15882,Mo2O5,
mvc-12244,CaMn2O4,
mvc-12218,Ca(FeO2)2,
mp-676104,Tm2CuO4,
mvc-15430,CaMn2O4,
mvc-11011,Al(CoO2)2,
mvc-10896,Ti2AlO4,207.937518
mvc-10891,Mg(CoO2)2,
mvc-10888,Mg(NiO2)2,
mvc-11989,CaMnF5,
mp-676083,Ce2USe4,
mvc-10887,CaV2O4,
mvc-11984,CaCr2O4,
mvc-16744,Y(CoS2)2,
mp-676072,Ce2PbSe4,
mp-764694,LiVF5,
mp-676060,Gd2CuO4,
mvc-15502,Cr2O5,
mvc-1099,Ba2Mn3AlO8,
mvc-15449,YV2O4,
mvc-11797,Ca(CuO2)2,
mvc-11754,V2S5,
mp-676,CaN6,45.06735859
mp-975237,Rb(TeMo)3,
mp-9993,Al2CdS4,
mvc-11309,Cr2S5,
mp-675925,Ce2PbS4,
mp-675892,Yb(SbTe2)2,
mp-6800,KLiSO4,
mp-675856,Yb(GdS2)2,
mvc-1075,Ba2YCo3O8,
mvc-930,BaCaCr4O8,
mp-34009,Ce(SmS2)2,
mp-642190,Ni3(BiS)2,
mp-762610,Li2MnNi3O8,
mp-8601,Te4Mo3,32.97869541
mp-9797,K(SbSe2)2,
mp-675740,Ca(CeTe2)2,
mp-604,Nb2O5,
mvc-14332,ZnNiF5,
mvc-14327,ZnCoF5,
mvc-14324,MgCoF5,
mvc-15446,Y(CoO2)2,
mp-640147,Fe(NiO2)2,
mp-9750,SbPO5,
mp-771810,Li2MnNi3O8,
mp-675691,Ni2RhS4,
mp-763246,LiCoSiO4,
mp-643099,H6CN4O3,
mvc-14156,MgCuF5,
mvc-14150,Mg(CoO2)2,
mp-675644,Co2RhS4,
mp-675643,Ce5AgS8,
mvc-14034,MgCrF5,
mp-776661,NbV3O10,
mp-977592,Bi2Rh3S2,
mp-675628,Al2CrS4,
mvc-13894,Ta2O5,
mvc-13867,Sb2O5,
mp-766854,Cr3(OF)2,
mp-5966,Cd2SnO4,
mp-773377,LiFePO4,
mp-16505,La3Al11,
mp-3237,Na2CuF4,
mp-677073,K2I2O3,
mp-5145,Ag3AsSe3,
mp-5141,Na2SeO4,
mp-690597,Cr2FeO4,
mvc-4829,Zn(MoO2)2,
mvc-4795,Mg(MoO2)2,
mvc-4692,Ca(AgO2)2,
mvc-4685,Ca(CuO2)2,
mvc-4675,Zn(CuO2)2,
mvc-4660,Zn(AgO2)2,
mvc-4637,Mn2AlO4,
mvc-4633,Al(FeO2)2,
mvc-4630,Mg(AgO2)2,
mvc-4622,Al(NiO2)2,
mvc-4613,Y(NiO2)2,
mvc-4611,Y(FeO2)2,
mvc-4610,Y(CoO2)2,
mp-775286,Li2Fe3NiO8,
mvc-4609,Mg(CuO2)2,
mvc-4608,YCr2O4,
mvc-4606,YV2O4,
mvc-4601,YMn2O4,
mp-1080844,Ca3MoN3,
mp-3143,Na2SO4,
mvc-4456,Y(SnO2)2,
mvc-4454,Ti2AlO4,
mvc-4450,Al(CuO2)2,
mvc-4419,YTi2O4,
mp-3770,Li2Ce2Ge3,
mp-5625,Ag2SO4,48
mp-561,Nb3Se4,
mp-775109,Li2TiCo3O8,
mp-977244,NaTi5Se8,
mp-777304,Li2V3CoO8,
mp-690573,Mn2FeO4,
mp-694944,Fe2NiO4,
mvc-4135,Al(CuO2)2,
mvc-4130,Y(CuO2)2,
mvc-4554,Bi2O5,
mp-676562,Yb3Sm3S8,
mp-865182,Gd2SCl4,
mp-676377,Ti2CuS4,
mvc-14333,VZnF5,
mvc-14334,MgVF5,79.62877813
mp-6318,KLiSO4,
mvc-15424,MgMn2O4,
mvc-3081,ZnMoF5,
mvc-2938,CaNiF5,
mvc-27,Mg(TiS2)2,
mvc-15870,MgBiF5,
mvc-15869,ZnAgF5,
mvc-15867,MgSnF5,
mvc-15852,MgAgF5,
mvc-15844,MgSbF5,
mvc-15838,ZnSnF5,
mvc-15792,CaCuF5,
mp-626,La4Rh3,
mp-6253,KLiBeF4,
mp-975271,RbTi5Se8,
mp-861866,KNdGeS4,
mp-675954,Ga3Te3As,
mp-675930,In3AsSe3,
mvc-15827,MgTiF5,
mp-985699,CsV5S8,
mp-778410,Li3Fe3OF7,
mp-861618,BaBiBS4,
mp-624,B6As,
mp-985608,Nd2O5,
mp-622693,Mn2NiO4,160.8333172
mvc-14316,CaFeF5,
mvc-14279,ZnSbF5,
mp-6017,Na3In(PO4)2,
mvc-14229,MgMnF5,
mvc-14225,CaVF5,
mvc-14226,ZnWF5,
mvc-14224,MgWF5,
mvc-14220,MgMoF5,
mvc-14218,CaWF5,
mp-677093,Cr(InS2)2,
mvc-14169,CaCrF5,
mvc-14163,CaMoF5,
mvc-14161,CaCoF5,
mvc-13928,CaBiF5,
mp-861570,Li2FeCo3O8,
mp-675578,Li2FeBr4,
mp-637251,Cs2SiSe4,
mvc-15440,Zn(NiO2)2,
mp-636773,Ce3(AlI)2,
mvc-15009,MgMn2O4,
mvc-15001,V2ZnO4,
mp-975531,RbCr5Te8,
mvc-14963,Ca(NiO2)2,
mvc-14927,Ca(NiO2)2,
mp-567370,Ce3Se4,
mp-8624,K2Sn2O3,23.18005131
mvc-14772,V2ZnS4,
mvc-9578,Mg(CuO2)2,
mp-606,U3As4,
mvc-14450,Mg(VS2)2,
mvc-14446,V2ZnS4,
mvc-14703,CaAgF5,
mp-861606,KLaSiSe4,
mp-8564,CsK2Sc(PO4)2,
mvc-14056,Ca(FeS2)2,
mp-626361,Pr(HO)3,
mp-625600,Mo(HO2)2,
mp-621024,Gd6C3Cl5,
mp-613838,Eu(MgGe)3,
mp-608321,Eu3As4,
mp-606777,Eu(InAu)3,
mp-8696,K3Na(SeO4)2,
mp-673698,Cu2HgI4,
mp-629088,Eu2GeSe4,
mp-780543,Li2MnCr3O8,
mp-780542,Li2Mn3CrO8,
mp-775233,Cs2MnO4,
mp-773778,LiCoGeO4,
mp-974586,Rb2MgH4,
mp-764784,LiFeSiO4,
mp-771683,Li2TiMn3O8,
mp-755350,BaLaI5,
mp-764775,Li7VO5F,
mp-976378,La3Sn4,
mp-755198,Cs3LaO3,
mp-5602,Cr2HgSe4,
mp-753650,BaLaCl5,
mp-8086,Na2Zn2O3,
mp-799,V3S4,
mp-765036,Li2MnOF3,
mp-675496,Fe2SnS4,
mp-7982,Mg2SiO4,
mp-367,Sm4Sb3,
mp-782715,Li2CoOF3,
mp-758750,LiCuPO4,
mp-758320,Li2CuF4,
mp-775652,LiNiPO4,
mp-674858,Co(NiS2)2,
mp-757235,Li2CuF4,
mp-674783,Tm2MnS4,
mp-754663,Na2Be2O3,
mp-772329,Li2Cr3NiO8,
mp-754306,Ce4SmO9,
mp-18730,K3Na(FeO4)2,
mp-765046,Li4V2OF7,
mp-674355,Co(NiS2)2,
mp-674348,Gd2MnS4,
mp-674329,La2CdTe4,
mp-673875,Fe2RhS4,
mp-976257,KTi5Se8,
mp-770018,Li2Ti3FeO8,
mp-753532,Nb2O3F2,
mp-753497,Li3TiS3,
mp-5178,V2CuS4,
mp-753354,Eu4O3F7,
mp-561146,CaTi2O4,
mp-772382,Li2FeSi3O8,
mp-753309,Bi2OF4,
mp-5160,AgBF5,
mp-764355,LiFeSiO4,
mp-764351,LiMn2OF3,
mp-767769,LiVF5,
mp-764349,Li3MnO2F,
mp-5146,Zn(RhO2)2,173.9614789
mp-764343,Li7Mn(OF)3,
mp-3880,Cr2CuSe4,
mp-995202,HC6,
mp-973666,KV5Se8,
mp-774332,Na2Co2O3,
mp-690687,Ag2H2IOF,
mp-764275,V2O3F2,
mp-752648,Ba3(BrO)2,
mp-5670,LiTi2O4,132.1194657
mp-567,La3S4,
mp-762012,LiNiPO4,
mp-775343,LiCoPO4,
mp-752734,LiAg2F4,
mp-764214,Li7VO5F,
mp-764098,Li2Ni3TeO8,
mp-3041,Er2CdS4,
mp-764200,NaFe5O8,
mp-764198,LiVOF4,
mp-763507,LiCoGeO4,
mp-382,Th3As4,
mp-2959,Yb2CdS4,
mp-764028,Li3Co4O4F3,
mp-3807,Al2CdSe4,
mp-752670,Li3FeS3,
mp-530,Nd4Sb3,
mp-715491,Fe3O4,
mp-767454,PWO5,
mp-685107,Cu9Se5,
mp-5643,Yb2FeS4,
mvc-16324,Ca3CrN3,
mp-761748,Li2CrCo3O8,
mp-761777,Li2CoNi3O8,
mp-5639,Mg2SiO4,186
mp-5794,Zn(GaO2)2,168.5307933
mp-561917,LiLa4CoO8,
mp-764222,LiCo2OF3,
mp-763958,Na2CrO4,
mp-2908,Al2ZnO4,
mp-859877,LaMgI5,
mp-2898,Ca(AuO2)2,
mp-760655,Li3Bi(PO4)2,
mvc-14335,MnZnF5,
mp-850231,Li2TiFe3O8,
mp-761354,Cs2WO4,20.88411787
mp-767282,Li2MnSi3O8,
mp-764007,Li3CoO2F,
mp-691161,Mg(FeO2)2,
mp-690241,Zr2Cr2F3,
mp-764986,Li4Ni3O6F,
mp-7924,Li2Sn5,
mp-771606,Li2Cr3SnO8,
mp-764974,Li2V(OF)2,
mp-685977,Gd5AgSe8,
mp-29392,Na2TiCl4,
mp-566607,Mn3O4,
mp-39010,MgCr2O4,
mp-690128,Mn2CuO4,
mp-690090,Ti(FeO2)2,
mp-698572,Ga2CoO4,
mp-782685,Li3Fe3(OF)4,
mp-9489,NaSmTiO4,
mp-763255,LiCoSiO4,
mp-767185,Li7Mn(O2F)2,
mp-761024,Na2Cd2O3,
mp-763913,Li7Co(OF)3,
mp-773440,Li2V3FeO8,
mp-779287,La2HgO4,
mp-1006242,EuInNi5,
mp-767119,Li3Mn3O5F3,
mp-863755,KYGeS4,
mp-863754,KYSiS4,
mp-775190,Li2V3CuO8,
mp-976892,Na(TeMo)3,
mp-780535,BaLu2O4,
mp-555156,MnCrF5,
mp-760590,Li5(CuO2)3,
mp-764828,LiMn2OF3,
mp-568987,Na2BeH4,
mp-755315,BaTl2O4,
mp-866834,Ca2SnS4,
mp-866829,Ca2SnS4,
mp-755245,LiCuPO4,
mp-866810,Ca2SnS4,
mp-775532,LiNbCoO4,
mp-774077,Li7FeO5F,
mp-568098,Nd3Se4,
mp-937761,Li7ZrO6,
mp-764780,LiCr2O4,
mp-780325,LiMnSiO4,
mp-775530,Li2Ti3FeO8,
mp-866267,YbMoClO4,
mp-755142,La2MgO4,
mp-764762,Li(FeO2)2,
mp-865973,PHPb2F10,
mp-755127,Ag2GeO4,
mp-767330,Mn3(OF)2,
mp-770405,BaLaBr5,
mp-775462,LiFeCuO4,
mp-766915,Li7MnO5F,
mp-753555,Ce3Th2O9,
mp-772421,KLi2FeO3,
mp-772392,LiTiVO4,
mp-766785,Li4Si2NiO7,
mp-31801,Al2FeO4,
mp-778790,NaV5O8,
mp-766778,Mn2F5,
mp-770097,Al(NiO2)2,
mp-753349,LiTiSiO4,
mp-763637,Li4Fe2SiO7,
mp-753305,LiTiSiO4,
mp-10767,CsK2Yb(PO4)2,
mp-764379,V2O2F3,
mp-632810,Pr3Ga10Ni,
mp-753216,LiAg2F4,
mp-780098,LiCoSnO4,
mp-1014558,Cr3N4,
mp-764356,V2OF4,
mp-764353,V2O2F3,
mvc-11232,Mg(NiS2)2,
mp-764352,Li3Mn3OF7,
mp-753171,Li2CuF4,
mp-753123,Li2CuF4,
mp-766656,Li3V3O5F3,
mp-763557,LiCoSiO4,
mp-677526,Rb2SeO4,
mp-764324,Li2VF4,
mp-715614,Fe3O4,
mp-510484,Ca(Ni2Sn)2,
mp-974713,K2H4Pt,
mp-763541,KMn2O4,
mp-764280,Li2MnF4,
mp-752942,LiTi2O4,
mp-690544,Ga2FeO4,173.0121133
mp-976724,Hf(VH2)2,
mp-767588,LiMnF5,
mp-690517,La2NiO4,
mp-690495,Fe5SnO8,
mp-771111,Li2Fe3NiO8,
mp-780014,Li2Cr3FeO8,
mp-764788,LiMn2OF3,
mp-755239,Ga2HgO4,
mp-762011,LiCrCoO4,
mp-752742,LiCu2F4,
mp-764218,Li2V(OF)2,
mp-775342,LiVFeO4,
mp-752726,BaLa2O4,
mp-779991,Li2Cr3FeO8,
mp-779988,SrLiLa3MnO8,
mvc-9593,Zn(CuO2)2,
mp-761990,LiNiPO4,
mp-758784,YZr4O9,
mp-779977,Li2Co3NiO8,
mp-752684,BaTm2O4,
mp-752673,Dy2CuO4,
mp-752666,LiAg2F4,
mp-752645,Al2CuO4,
mp-861576,Na3CoO3,
mp-767455,SrLiLa3FeO8,
mp-763464,Zr4MnO9,
mp-779951,Na2Ni2O3,
mp-767452,Mg3Mn4O7,
mp-752537,Sr2HfO4,
mp-676723,Li2SO4,
mp-752533,SrLa2O4,
mp-861571,LiMnVO4,
mp-861572,LiMn2OF3,
mp-753418,SrNd2O4,
mp-764105,NaNiPO4,
mp-763431,LiMn5O3F5,
mp-767362,LiNiPO4,
mp-753397,Ga2CuO4,
mp-753385,LiAg2F4,
mp-775209,Li2MnNb3O8,
mp-861556,Li2MnOF3,
mp-752413,Ca2HfO4,
mp-775308,Li2Cr3TeO8,
mp-761401,LiCrPO4,
mp-765795,Li2Cr3CuO8,
mp-972049,Tb(AlC)3,
mp-996957,Mg(CrSe2)2,
mp-685606,Li2VCl4,
mp-777718,Li2MnF4,
mp-775175,LiVFeO4,
mp-761737,Li2MnCo3O8,
mp-775098,Li2VCo3O8,
mp-764034,Na(FeO2)2,
mp-643023,Mg2H4Ru,
mp-761352,LiMnSiO4,
mp-767283,LiFeSiO4,
mp-676278,Ca2SiO4,
mp-767264,Li2Ni5O7,
mp-764003,LiCo2OF3,
mp-761324,LiSiNiO4,
mp-767253,LiFeSiO4,
mp-770840,LiVGaO4,
mp-779704,Si(HgO2)2,
mp-775081,LiNbCrO4,
mp-642426,FeCuC5N6O,
mp-754383,BaYb2O4,
mp-862998,Si2O5,
mp-676348,NbAg7S6,
mp-761269,Li2AgF4,
mp-861269,Cd2PbO4,
mp-859874,Mg2PbO4,
mp-763946,NaFePO4,
mvc-928,BaCaV4O8,
mp-763922,Li2FeCo3O8,
mp-774908,LiTiNbO4,
mp-774883,LiFe3(SnS4)2,
mp-760804,Li2AgF4,
mp-763954,Li4Co3O3F4,
mp-760594,LiTi2O4,
mp-767090,Mn3Fe3O8,
mp-760533,SmZr4O9,
mp-767081,Fe3(OF)2,
mp-767075,LiVSiO4,
mp-767067,LiMn5O7F,
mp-770616,Li2Cr3BiO8,
mp-774430,Li2MnF4,
mp-760447,Tl2(PbO3)3,
mp-767047,Li2Mn4O7F,
mp-767034,Fe(CoO2)2,
mp-767033,LiVSiO4,
mp-774098,LiVCrO4,
mp-1096547,Co2NiO4,
mp-767027,Li4FeSi2O7,
mp-760378,LiTi2O4,
mp-23582,KLi6BiO6,
mp-760311,Na7SbO6,
mp-774020,LiVPO4,
mp-774016,Li2NbV3O8,
mp-763778,Li2Ni3TeO8,
mp-760179,Cu3(OF)2,
mp-766965,Li2MnOF3,
mp-763758,LiFePO4,
mp-766963,Li5VF8,
mp-849227,V3CrO10,
mp-637377,Ti2In5,
mp-763751,LiCoNiO4,
mp-773982,Mg3Fe4O7,
mp-766920,Mn2O2F3,
mvc-929,BaCa(CoO2)4,
mp-763706,LiMn(PO3)3,
mp-636821,U6Ni,
mp-763701,LiCrSiO4,
mp-766865,LiMn2O3F,
mp-636291,PuGa6,
mp-778848,In3NO3,
mp-759790,Ag2Hg5,
mp-766807,Li4Mn3O6F,
mp-766805,Li2MnOF3,
mp-766802,Li5MnF8,
mp-634977,Cs3Fe2Cl9,
mp-849420,Li2Mn3CuO8,
mp-770395,K2LiFeO3,
mp-773720,LiMnSbO4,
mp-770385,Li2Fe3BiO8,
mp-763740,LiFeSiO4,
mp-773708,LiMnPO4,
mp-778768,Li2Co3NiO8,
mp-632686,Mn5Ge2,
mp-853248,LiVCrO4,
mp-778732,Li2MnF4,
mp-778766,Li2Fe3WO8,
mp-1024054,Fe2SiS4,
mp-778712,LiFeF5,37.15780605
mp-773607,LiTiNiO4,
mp-853187,LiTiMnO4,
mp-853174,LiFeCoO4,
mp-759224,Li5CuF8,
mp-853158,Li2CoOF3,
mp-763551,Mn2VO4,
mp-853154,LiNbVO4,
mp-773544,LiCoSbO4,
mp-853142,Li4Co2OF7,
mp-773535,LiVFeO4,
mp-770245,LiCrNiO4,
mp-34330,MgAl2O4,
mp-677132,Gd2CdSe4,
mp-763509,LiTiVO4,
mp-677075,Gd2CdS4,
mp-19956,Ba2InO3F,
mp-34141,Sr(LaS2)2,
mp-25885,LiCuPO4,
mp-19975,Sr2PrO4,
mp-28490,Tl3BSe3,
mp-23169,Pr2Br5,
mp-28491,Cu2SO4,
mp-28505,Ba(AlTe2)2,
mvc-12966,Mg(MnS2)2,
mp-29880,Sm2SCl4,
mp-34145,Ce2CdS4,
mp-34146,Co2CuO4,
mp-31024,Sc5CCl8,
mp-504102,Li(NiO2)2,
mp-34185,Ca(PrS2)2,
mp-20036,Gd3S4,
mp-31025,Sc5NCl8,
mp-34210,Al2ZnO4,
mp-21491,Y3GaCo3,
mp-20048,U(Ni2P)2,
mp-21496,LiLa4CuO8,
mp-21515,Fe3S4,
mp-17388,Yb3Cu6Sn5,
mp-23270,Th3Bi4,
mp-23283,Sm4Bi3,
mp-34255,Eu(LuS2)2,
mp-29976,Na3BS3,
mp-29979,Nb3B3C,
mp-23314,Pr4Bi3,
mp-20102,Gd(PdO2)2,152.2594458
mvc-11634,Zn(FeO2)2,
mp-34309,Pr2EuS4,
mp-767300,Li2Co3SnO8,
mp-29987,La3(AlI)2,
mp-29989,Sm3(SiIr)2,
mp-765554,LiNi6O6F,
mp-34375,Li7OsO6,
mp-34376,Tb2CdS4,
mp-3443,Cd(GaO2)2,
mp-23361,Li5CrCl8,
mp-774093,Li2MnV3O8,
mp-34459,Ba(NdS2)2,
mp-30018,Rb2ZnI4,
mp-771629,Li2MgMn3O8,
mp-28658,Na2CdCl4,
mp-34486,Pr5AgS8,
mp-20152,In(MoSe)3,
mp-504570,K3FeO3,
mp-34508,Sr(SmS2)2,
mp-504573,Cr2CuO4,
mp-23418,Hg3(SCl)2,
mp-28704,Cr4As3,
mp-28716,Na2CrCl4,
mp-762293,LiCoSiO4,
mp-774128,Li2TiV3O8,
mp-23495,K2ZnBr4,
mp-20213,Yb2MnS4,
mp-504746,Cu5As2,
mp-28746,Pr3RuI3,
mp-23535,K2ZnBr4,
mp-28747,Y3RuI3,
mp-504751,AsHPbO4,
mp-28748,Y3IrI3,
mp-30126,Ba(BS2)2,
mp-34680,SrNd5S8,
mp-504769,N2O5,
mp-17658,Sm(NiGe)3,
mp-28767,Sc5Re2C7,
mp-774116,Li2Ti3CoO8,
mp-20247,Dy(Fe2Ge)2,
mp-28769,K(SnSe2)2,
mp-30160,Si(CN2)2,105
mp-23611,BaTa2Bi2O9,
mp-30161,Si2CN4,127.8295534
mp-571336,La4Pb3,
mvc-16773,Li(MnS2)2,
mp-34770,Sr(GdSe2)2,
mp-28818,RbCr5Se8,
mp-20328,U3Se4,
mp-3496,S3(NO)2,
mp-21108,U6Fe,
mp-23719,BeAlH5,
mp-23720,BeAlH5,
mp-853230,Li2V3CuO8,
mp-21892,Al2PbO4,
mp-35031,Pr5CuSe8,
mp-35033,ZnFe5O8,
mp-17801,Hf2CuGe4,
mp-28878,RbTe6,
mp-20397,Sr(InTe2)2,
mp-35162,MnIn2O4,
mp-20419,Ca4In2N,
mp-35236,Ga2NiO4,
mp-35264,Pr5AgSe8,
mp-22002,Sm3Co6Sn5,
mp-35269,Ca4Sb2S,
mp-35281,Sm2CdS4,
mp-30282,La2I5,
mp-35327,Al(CN)3,
mp-3536,MgAl2O4,180.3755913
mp-20456,Co3Se4,95
mp-20462,U3Co4Ge7,
mp-30293,Sr2GeSe4,
mp-30294,Sr2SnS4,
mp-35421,Ca(LaS2)2,
mp-505149,CsCr5Se8,
mp-35493,Zn2SnO4,
mp-20480,Er(Fe2Ge)2,
mp-35512,Dy5AgS8,
mp-28955,Mg3BN3,
mp-27280,Na2MnCl4,
mp-30314,Cs2PdCl4,
mp-20493,Mg(InS2)2,
mp-20496,Ga2PbO4,
mp-28967,Ba(PdS2)2,
mp-28968,Nb3Te3As,
mp-35596,Fe2NiO4,
mp-20499,Sc2FeS4,
mp-22050,Hf2In5,72
mp-22048,Pt2PbO4,
mp-35630,Pr2CdSe4,
mp-22052,Zn(InS2)2,66
mp-35647,Zn2PtO4,
mp-34730,Zn(FeO2)2,
mp-22061,In(TeMo)3,
mp-28989,Li10BrN3,
mp-764406,Li2Fe3CuO8,
mp-15109,Sm(ZnP)3,
mp-35714,La5TlS8,
mp-35746,Sr(YS2)2,
mp-23950,K(BH)3,
mp-23951,Cs(BH)3,
mp-30367,Ca5Au2,
mp-35759,Li2NiF4,
mp-35785,Y2CdS4,61.66767645
mp-35787,Ca(DyS2)2,
mp-22119,U(PdS2)2,
mp-23980,Cs3H(SeO4)2,
mp-35876,Ca(NdS2)2,
mp-30402,K(SnAu2)2,
mp-35907,La5TlTe8,
mp-570617,Fe5C2,
mp-29048,Sr(BiO2)2,
mp-765424,Li2Co3SnO8,
mp-20605,PbC2(SN)2,25.28632843
mp-36007,Ba(NdSe2)2,
mp-22168,Mn(InS2)2,
mp-36028,Co2SnO4,
mp-27517,Rb2CoI4,
mp-36031,Ca(LaTe2)2,
mp-22175,EuC2(SN)2,
mp-24073,Gd(HO)3,
mp-24074,Dy(HO)3,
mp-24075,Ho(HO)3,
mp-36100,Ca(SmS2)2,
mp-24076,Y(HO)3,
mp-27544,Cs3Bi2Br9,
mp-22199,KIn5S8,
mp-29088,Sr3(GeN)2,50.19365276
mp-3622,Na2PdF4,
mp-36223,Ba(PrS2)2,
mp-29092,Ba3(GeN)2,
mp-24121,Tb(HO)3,
mp-36252,Nd5CuSe8,
mp-505421,Mn2CuO4,
mp-36305,Pr2UTe4,
mp-505424,VCdCuO4,
mp-30464,Bi2Pd5,
mp-36358,Ca(GdS2)2,
mp-36395,La2CdS4,
mvc-7266,Mg(CuO2)2,
mp-36407,Nd2EuSe4,
mvc-14048,Mg(VS2)2,
mp-36480,La2CuO4,119.2127305
mp-29127,Bi(TeBr2)2,
mp-22257,Zn2PdO4,
mp-20694,K2Pb2O3,
mp-27629,Cs3Sb2Cl9,
mp-36538,La2PbS4,
mp-20703,Dy3Co6Sn5,
mp-36592,Nd5AgSe8,
mp-20707,Gd(CuO2)2,
mp-505522,Fe(NiS2)2,
mp-36733,La2CdSe4,
mp-36765,Ti(CoO2)2,
mp-22303,Rb3InS3,
mp-36819,Sr(CeSe2)2,
mp-27668,Mg2Ga5,45
mp-36821,Nd2CdSe4,
mp-36843,Mn2NiO4,
mp-36866,Al2CdO4,
mp-29185,Te2O3F2,
mp-36884,Mn2SnO4,128.476725
mp-27684,Tl4O3,
mp-36912,Pr2CdS4,
mp-29194,Cs2Au2Se3,
mp-36988,Ca(AlSe2)2,
mp-27699,S3(NCl)2,
mp-570606,Pr4Ge3,
mp-37070,Pr2SmS4,
mp-37108,Sr(NdS2)2,
mp-22356,In2HgS4,
mp-37183,Sr(GdS2)2,
mp-37263,Ca(NdTe2)2,
mp-37199,Ce(NdS2)2,
mp-27723,USeO5,
mp-37233,Nd2CdS4,
mp-30532,Tl2ZnI4,
mp-37436,Li7SbO6,
mp-37449,Nd5AgS8,
mp-20797,Yb(NdS2)2,
mp-29227,TlV5S8,
mp-18279,Zr2CuGe4,
mp-37478,La5AgS8,
mp-37496,NaCe5S8,
mp-29231,Mo3S3Br,
mp-22457,K3Na(SO4)2,
mp-37520,Ca(PrTe2)2,
mp-20804,Rb(InAu2)2,
mp-37614,Al2NiO4,203.4973558
mp-27768,Co(BW)3,338.9423904
mp-22422,Ce3Te4,
mp-18720,Mn2CdO4,
mp-22424,Na2SO4,
mp-37741,Ba(LaSe2)2,-56
mp-20809,Cr4InCuSe8,
mp-37829,La5TlSe8,
mp-37836,Al(HO)3,
mp-37839,Li7RuO6,
mp-37859,Sr(PrSe2)2,
mp-37923,Sm5AgS8,
mp-38008,Li2CdCl4,
mp-38077,KCe5S8,
mp-770790,Li2FeNi3O8,
mp-24938,BaSr(FeO2)4,
mp-38099,Rb4Cl2O,
mp-27821,Ag3P11,52.84581549
mp-38125,Sm2CdSe4,
mp-38152,Sr(SmSe2)2,
mp-29297,Cd3(ClO)2,
mp-38162,Sm5CuSe8,
mp-38240,Sr(PrS2)2,
mp-38307,MgAl2O4,
mp-38327,Ca(TbS2)2,
mp-27851,Hg3(SeCl)2,
mp-38417,Ba(CeS2)2,
mp-27852,Hg3(TeCl)2,
mp-27853,Hg3(TeBr)2,
mp-38442,CsNd5Se8,
mp-22504,Eu2SiS4,
mp-38487,Li7BiO6,
mp-38684,Li2MgCl4,
mp-38728,Sr(ErS2)2,
mp-29337,Tl3BS3,
mp-38771,Gd2MgS4,
mp-38802,Ga2CoO4,
mp-38805,Sm5AgSe8,
mp-38856,Mn2FeO4,
mp-38901,Nd2SmS4,
mp-30568,Zn13Co,
mp-38931,Tb2SmS4,
mp-38951,Mg(GaO2)2,
mp-38971,Eu(YS2)2,
mp-38972,Ba3Re2O9,
mvc-11628,MgCr2O4,
mp-39033,Sr(NdSe2)2,
mp-3904,Mg2GeO4,
mp-22587,Cd(InSe2)2,
mp-18573,La3ZnNi3,
mp-392,U3Sb4,
mp-29415,Cd3PCl3,
mp-3925,Co2CuS4,
mp-3930,Sc2MnS4,
mp-30596,Cu11Sb3,
mp-3951,Ti2CuS4,
mp-18731,Fe3O4,
mp-18737,Nd2NiO4,
mp-18864,Rb2WO4,
mp-30622,Dy5Ru2,
mp-18951,LiFePO4,
mp-31540,LiCoPO4,
mp-40793,Si3N4,225.6360481
mp-30681,YGa6,
mp-30662,Zn3Ga4Pd7,
mp-31584,Na3CoO3,51.25636757
mp-573950,Zr(Ni2P)2,
mvc-499,BaMg(SnO2)4,
mp-567046,TbMoClO4,
mp-567057,LuMoClO4,
mp-567082,Ti4As3,
mp-567084,KNi(PO3)3,
mp-5335,U2PdS4,
mp-30720,Mn2Hg5,
mp-571400,Dy3Se4,
mp-30721,Hg5Pd2,
mp-559200,Cd(InS2)2,62.97529151
mp-567196,Cs3Sb2Cl9,
mp-542709,EuSi6,
mp-542769,Sn(CO2)2,
mp-554993,Pd3(PbS)2,
mp-5402,CaTl2O4,
mvc-4453,Al(SnO2)2,
mp-571457,Ti4NiBi2,
mp-542942,ZnCdC4(SeN)4,
mp-542943,CdHgC4(SeN)4,
mp-543011,ZnS,
mp-571474,Sm4Sn3,
mp-543031,MnHgC4(SeN)4,
mp-779083,Li2V3SnO8,
mp-688785,Al2NiO4,136.1284996
mp-761669,Li2Ti3CoO8,
mp-763497,LiV(PO3)3,
mp-773500,LiMnCuO4,
mp-773468,LiFeSiO4,
mp-763489,LiVPO4,
mp-675953,Tl2SeO4,
mp-765527,LiNi2OF3,
mp-778554,Li2MnF4,
mp-770200,Li2Cr3SnO8,
mp-758673,LiNb2O4,
mvc-763,Ba2AlCu3O8,
mp-766159,Li3Mn3(OF)4,
mp-21299,Cr2CoS4,
mp-758533,Li3Sb(PO4)2,
mp-766155,LiMnPO4,
mp-630773,CdInGaS4,
mp-630641,Sr2FeClO3,
mp-630511,Ca2FeClO3,
mp-763422,Li2MnF4,
mp-775023,Li2Fe3SnO8,
mp-676498,Gd2PbS4,
mp-773367,LiMnNiO4,
mp-850968,LiVSnO4,
mp-752679,CaGd2O4,
mp-850946,LiVOF4,
mp-676338,MgIn2O4,
mp-752643,NaTi2O4,
mp-763373,Li3P2WO8,
mp-770062,NaVSiO4,
mp-765978,Li2MnOF3,
mp-676156,Gd5AgS8,
mp-676154,Yb(DyS2)2,
mp-758251,Li5AgF8,
mp-777664,Li2FeF4,
mp-676077,Ce3Nd2O9,
mp-850895,Li2VOF3,
mp-770037,LiMnSnO4,
mp-763336,Li2Cr3CoO8,
mp-763329,Li2Fe3TeO8,
mp-624689,V2O5,
mp-770029,LiMn2Fe3O8,
mp-675912,Yb2SmS4,
mp-770024,Li2Mn3NbO8,
mp-612405,Fe3O4,
mp-777606,Fe2O2F3,
mp-675857,Cd2SnO4,
mp-777604,Li2MnCo3O8,
mp-770019,LiMn3(NiO4)2,
mp-675813,Sm2Th3O9,
mp-764154,LiCo2OF3,
mp-765924,Mn2F5,
mp-758068,K2Yb2O3,
mp-777588,Li2FeF4,
mp-777584,Na7NbO6,
mp-761872,Na2Sn2O3,
mp-675767,La2YbS4,
mp-765913,LiFePO4,
mp-765910,LiFePO4,
mp-765908,LiCrSiO4,
mp-675739,Ce5CuSe8,
mp-715438,Fe3O4,
mp-850484,LiVPO4,
mp-675677,Yb(SmS2)2,
mp-765894,Li5VF8,
mp-675668,Yb(PrS2)2,
mp-675650,Ca(YbS2)2,
mp-675645,Tb2PbS4,
mp-675638,Pr2PbS4,
mp-675620,Nd2PbS4,
mp-763256,LiCoSiO4,
mp-675511,Sm2PbS4,
mp-765871,LiMnPO4,
mp-763253,LiCoSiO4,
mp-675464,CdIn2O4,131.4682647
mp-675458,La2Te4Pb,
mp-765861,Li3V3O5F3,
mp-675445,Sr(YbS2)2,
mp-765860,Fe2CoO4,
mp-765879,LiNi5O3F5,
mp-765855,Li2VOF3,
mp-763240,LiCoSiO4,
mp-623837,As(CN)3,
mp-675406,Yb(HoS2)2,
mp-765842,LiMnPO4,
mp-769922,V2SiO4,
mp-777448,Li2VF4,
mp-675293,Yb(YS2)2,
mp-765835,LiV5O7F,
mp-752451,Zn(CuO2)2,
mp-675244,Yb(NdS2)2,
mp-850358,LiCuSbO4,
mp-765828,LiMnFeO4,
mp-776015,Li2Ti3NiO8,
mp-675209,Dy2PbS4,
mvc-14214,ZnCrF5,
mp-763266,Li2CrO4,
mp-675192,Ce3Dy2O9,
mp-777418,Li2FeF4,
mp-765817,LiNiPO4,
mp-675146,Pr2PbSe4,
mp-763262,Li2VGa3O8,
mp-765809,Li3Mn(PO4)2,
mp-675100,Nd2PbSe4,
mp-675083,Li2MnCl4,
mp-756580,SrLu2O4,
mp-675067,Sm2ZnS4,
mp-763185,Li2CrCo3O8,
mp-773102,Ce4YO9,
mp-756868,Rb3DyO3,
mp-762883,LiCoSiO4,
mp-674804,Sm2PbSe4,
mp-765781,LiVF5,
mp-767332,LiCoPO4,
mp-756468,CaY2O4,
mp-762869,LiMn2O4,96.82050038
mp-769845,LiLa4MnO8,
mp-762850,Li2MnNi3O8,
mp-769842,LiLa4FeO8,
mp-756422,Li4CuSi2O7,
mp-756354,SrSc2O4,
mp-769934,Na2Mn2O3,
mp-756795,Rb3PbO3,
mp-620364,CaSmCuClO3,
mp-850117,LiScVO4,
mp-673808,Mg2SiO4,
mp-675374,Al2PbSe4,
mp-762822,Li2FeNi3O8,
mvc-12187,Ca(NiO2)2,
mp-765846,LiMnPO4,
mp-673682,Tb2YbS4,
mp-673677,La2Th3O9,
mp-762802,Li2Fe3NiO8,
mp-777435,MnVP2(O4F)2,
mp-765718,LiCo2OF3,
mp-769784,Li2Mn2O3,
mp-762795,LiFeNiO4,
mp-770957,Be(CoO2)2,
mp-769767,Li2CrO4,
mp-643010,Cs2H4Pt,
mvc-10006,Mg(NiO2)2,
mp-764021,NaMn2O4,
mp-850016,Fe3S4,
mp-772741,Li2Mn3SnO8,
mp-756578,LaMgI5,
mp-772723,LiCrSnO4,
mp-756564,BaYCl5,
mvc-4356,Al(WO2)2,
mp-780625,Tb5O9,
mp-772700,LiCrPO4,
mp-772696,Cr3O4,
mp-762794,LiMn(PO3)3,
mp-755924,Y2CuO4,
mp-642735,Rb2H4Pt,
mp-755856,Mg2SnO4,
mp-756505,Cs3ScO3,
mp-769852,Li3CoO3,
mp-777018,Li2FeF4,
mp-762643,LiFeSiO4,
mp-765558,Li6NiOF6,
mp-762632,LiFeSiO4,
mp-769644,LiAlVO4,
mp-772968,LiTlPHO3,
mp-615682,Ba2LaTa(CuO4)2,
mp-755641,LiCuCO3F,
mp-674328,Zn(InS2)2,
mp-755624,Ca2PrO4,
mp-765530,Li2VF4,
mp-765528,Li2VOF3,
mp-615141,Pb(ClO2)2,13.47756253
mp-755597,Ca2CeO4,
mp-765518,Li3Co3OF7,
mp-762582,LiFe(PO3)3,
mp-705785,VZn2O4,
mp-613927,KCeCuTe4,
mp-674159,Rb2CrCl4,
mp-779435,Ga3NO3,
mp-756334,K2Sr2O3,
mp-19428,K2RbTbV2O8,
mp-755463,Li3SbS3,
mp-755449,Cd(AgO2)2,
mp-776869,LiFeSbO4,
mp-755420,SrSm2O4,
mp-765441,LiMn5O3F5,
mp-761828,LiCoPO4,
mp-776687,Li5FeF8,
mp-770751,CrPO5,
mvc-11254,Ca(FeS2)2,
mp-775319,Li2Mn3NiO8,
mp-23175,Nd4Bi3,
mp-769803,Li2CrO4,
mp-772247,LiNbNiO4,
mp-18127,Sr(Ni2Sn)2,
mp-761780,LiCoPO4,
mp-781761,Li2FeF4,
mp-761752,LiVCoO4,
mp-763897,Li6CoOF6,
mp-761739,LiCoSnO4,
mp-640173,MnV2O4,
mp-764696,Li4Ni2OF7,
mp-781699,Li2MnCr3O8,
mp-764692,LiVCuO4,
mvc-940,BaCaMn4O8,
mp-777158,LiFe5O3F5,
mp-770601,Fe2HgO4,
mp-764690,Li2V(OF)2,
mp-770597,Cd(NiO2)2,
mp-9906,Y(Re2Si)2,239
mp-614964,Ba2PrCu3O8,
mvc-532,BaZn(SnO2)4,
mp-776511,LiCoNiO4,
mp-754723,Li2Ti3BiO8,
mp-761128,BaNb5O8,
mp-761710,LiFeCoO4,
mp-765705,NaV5O8,
mp-763688,Li7FeO6,
mp-863062,LiSiBiO4,
mp-861906,BaNa2Mg(PO4)2,
mp-772054,LiMnVO4,
mp-20118,Cr2AgTe4,
mp-773628,NaV2O4,
mp-606377,Ce2Zn4Ru,
mp-773572,LiCo6O7,
mp-853153,Li5Co2O2F5,
mp-568808,Tb3Se4,
mp-763482,VPO5,
mp-605839,Li2B2Rh3,
mp-772006,Li2V3SbO8,
mp-756103,Y2HgO4,
mp-770107,Fe2CuO4,159.1300226
mp-770098,Ga2NiO4,
mp-566016,Cr2NiO4,
mp-770096,Mn2FeO4,
mp-776344,V2O5,
mp-754444,Zn(AgO2)2,
mp-754429,CaTm2O4,
mp-25015,LiMn2O4,111.9387444
mp-773322,AlCr2O4,
mp-850032,Fe3S4,
mp-19410,ZnCr2O4,
mp-773317,LiFe5O8,
mp-23196,U3Bi4,
mp-632491,Li(NiO2)2,
mp-761613,LiVSiO4,
mp-754263,Ho2CuO4,
mp-756040,Gd2HgO4,
mp-773330,Li2Mn3SnO8,
mp-776233,Li2Fe3SbO8,
mp-714989,Fe3O4,
mp-765889,Ga2CoO4,169.235946
mp-776218,LiV2O4,
mp-754177,CaGd2O4,
mp-771861,LiNiSbO4,
mp-765870,Li4Ni3O3F4,
mp-765825,V2CoO4,
mp-776115,Li2NbFe3O8,
mp-6799,LiCa4(BN2)3,
mp-756646,SrLu2O4,
mp-754005,Mg(CO2)2,
mp-20960,In2NiS4,
mp-769887,NbVO5,
mp-765808,LiNi2OF3,
mp-769882,Co(NiO2)2,
mp-761517,Li4MnSi2O7,
mp-769865,VCr2O4,
mp-753912,CaTb2O4,
mp-753901,Er2CuO4,
mp-771786,Li2MgNi3O8,
mp-780905,Li2Co4O7F,
mp-755794,Rb3LuO3,
mp-755789,Na2Be2O3,
mp-755779,CaLaI5,
mp-559191,Co3O4,
mp-756317,Al2HgO4,
mp-756297,ZnIn2O4,136.1851549
mp-756229,Na(SnO2)2,
mp-761472,Co2CuO4,
mp-773220,Li2Fe3SnO8,
mp-771738,LiTiCrO4,
mp-753720,Li3BiS3,
mp-753677,Li3BiS3,
mp-755988,Hf3N4,
mp-765550,Li2VO3F,
mp-778548,Li2FeF4,
mp-755902,Lu(HO)3,
mp-849597,V2O5,
mp-769697,Co2HgO4,
mp-769689,Cu(NiO2)2,
mp-755805,Sc(CuO2)2,
mp-769655,Mg2CoO4,
mp-757905,Li3Ti(PO4)2,
mp-849536,Ni3O4,
mp-626885,U(HO2)2,
mp-755634,Y2HgO4,
mp-756509,BaLaI5,
mp-765531,Li6NiOF6,
mp-615420,U3CuO10,
mp-626864,U(HO2)2,
mp-778344,Li2MnF4,
mp-765331,LiMn2O3F,
mp-755558,BaLa2O4,
mp-849493,Li2FeF4,
mp-613612,Yb(Fe2Ge)2,
mp-773467,Li2Ni3WO8,
mp-626497,Al(HO)3,
mp-763104,Li2MnF4,
mp-765255,LiV2O3F,
mp-756439,SrLaBr5,
mp-756437,SrLaBr5,
mp-765443,Li3Ni4O4F3,
mp-674352,TaAg7S6,
mp-626169,U(HO2)2,
mp-755044,CaTb2O4,
mp-758890,LiAg2F4,
mp-768068,Li2MnFe3O8,
mp-763033,Li2Fe3CoO8,
mp-755457,Li2Fe2S3,
mp-768052,LiVCoO4,
mp-768046,LiVCoO4,
mp-754942,SrSm2O4,
mp-620404,SnC2(SN)2,
mp-768025,LiNiPO4,
mp-765446,LiCoPO4,
mp-772214,LiZr2O4,
mp-771096,LiFeSnO4,
mp-768015,LiMnCoO4,120.7484366
mp-625718,Y(HO)3,
mp-754841,Sc(CuO2)2,
mp-768005,LiNiSnO4,
mp-761738,Li2Co3NiO8,
mp-774174,NaMn2O4,
mp-849244,Li2FeOF3,
mp-756245,BaYI5,
mp-608717,EuMoClO4,
mvc-933,BaZn(MoO2)4,
mp-767989,Li2FeNi3O8,
mp-756228,SrLaCl5,
mp-774135,LiFeNiO4,
mp-625526,Te(HO2)2,
mp-625513,Te(HO2)2,
mp-774130,LiCrFeO4,
mp-625477,Eu(HO)3,
mp-772099,Cd(CuO2)2,123.7116567
mp-774125,LiNbFeO4,
mp-774123,Li2Mn3TeO8,
mp-762906,Li2Fe3CoO8,
mp-754971,Cs3TmO3,
mp-625474,H2SO4,
mp-625465,Tm(HO)3,
mp-625452,Pr(HO)3,
mp-625445,H2SO4,
mp-625415,Tb(HO)3,
mp-625414,Mn2HO4,
mp-774090,LiTiFeO4,
mp-625409,Sm(HO)3,
mp-625406,La(HO)3,
mp-754674,Lu(CuO2)2,
mp-625403,Nd(HO)3,
mp-606650,CdPd(CN)6,
mp-762888,LiCoSiO4,
mp-781774,Na3NiO3,
mp-1020112,Mg2SiO4,
mp-781740,Li2V3CrO8,
mvc-12592,MgCr2O4,
mp-776672,Li2NbV3O8,
mp-774088,Li2NbCr3O8,
mp-772082,CaLaI5,
mp-849964,Li2V3CrO8,
mp-647629,YbMoClO4,
mp-754454,Cd(AgO2)2,
mp-772677,LiFePO4,
mp-754381,Zr3N4,
mp-10333,Pr(ZnP)3,
mp-557001,RbSO4F,
mp-555064,Cd(CO2)2,43.60117477
mp-567594,Cs2HgI4,
mp-6521,LiLaTiO4,120.7718818
mp-559373,Ge4PbO9,
mp-567653,Ti3Ni4,
mp-764055,LiCo5O7F,
mp-769631,Li2Mn3NiO8,
mp-569404,Ni4B3,
mp-31647,LiCrPO4,
mp-567756,La2CN3Cl,
mp-780873,Li2Cr3CuO8,
mp-561366,Ca(ClO2)2,
mp-567822,Sr3In11,
mp-569431,Tb3P4Pd7,
mp-567885,C3N4,
mp-567883,Ti4CoBi2,
mp-567963,Lu5Ir2,
mp-559437,Zn(CO2)2,
mp-559446,NaPPdS4,
mp-568064,Dy2Sn5,
mp-552,Th3Sb4,
mp-568155,U(AlC)3,
mp-568195,U6Mn,
mp-568196,Er3CoSi3,
mp-561446,BaCa(GaO2)4,
mp-571638,Rb2Cu(BrCl)2,11.88525842
mp-772689,Li2Fe3CuO8,
mp-568285,Np3As4,
mp-1097024,Li(CoS2)2,
mp-553874,Ba2LaAg5S6,
mp-540569,CsCr5S8,
mp-555173,UCO5,
mp-568322,Sr3Li3(NiN)4,
mp-569564,Th2Al2C3,
mp-569567,C,435.1054757
mp-568400,Sc(AlC)3,
mp-557274,Cu4Si2NiS7,
mp-555212,Ba2InBrO3,
mp-554023,Be2BO3F,
mp-761675,Li2Cr3CoO8,
mp-561495,Cs4CuSi2O7,
mp-554098,Ti6O,
mp-568474,Ba(CuP2)2,
mp-554140,TlV3(CrS4)2,
mp-1096763,Co2NiO4,
mp-761327,LiFe2OF3,
mp-9297,Ba(AuO2)2,
mp-554191,Na2UO4,
mp-573567,Ti(NCl)3,
mp-573810,U2Te5,
mp-765546,Li2V3CoO8,
mvc-11791,Al2(BiO3)3,
mp-755541,Cs3YO3,
mp-10520,LiNdTiO4,
mp-754781,Ga3NO3,
mp-557602,KBa4Au(CO)4,
mp-761314,Ga2NiO4,
mp-557618,Rb4CuSi2O7,
mp-557632,K2LiBO3,
mp-570849,Mg5Tl2,
mp-554396,Mg2SiO4,
mp-540693,La2CoO4,
mp-574507,Eu(Cu2Sn)2,
mp-772130,Li2Ti3NiO8,
mp-768038,Li2Mn3GaO8,
mp-557752,CsHSO4,
mp-568572,WSe6ICl6,
mp-561682,Cs(MoS)3,
mp-561684,La2CoO4,
mp-765792,Li3Ni3OF7,
mp-33432,Mg(FeO2)2,
mp-690488,Co2TcO4,
mp-771862,Li2Ti3VO8,
mvc-14222,ZnFeF5,
mp-557871,CuAsPbO4,
mp-568604,KHgC2IN2,
mp-559043,KLaGeS4,
mp-554663,Mg2SiO4,
mp-569813,In5AgTe8,
mp-554675,SrTa2Bi2O9,
mp-505315,Ba2LaCu3O8,
mp-569818,Er3Si3Ni,
mp-655086,Nb2Br5,
mp-568616,Nb2Br5,
mp-579560,Cs3Sb2Br9,
mp-772007,Li2Cr3CoO8,
mp-561853,Co2GeO4,
mp-715490,Fe3O4,
mp-561903,Sr2MnClO3,
mp-558096,Zn2SiO4,
mp-31923,LiMnPO4,
mp-540813,K3ReC4(N2O)2,
mp-569876,LiMgVO4,
mp-558172,Ca(PtO2)2,
mp-31939,LiMnPO4,
mp-31946,LiMnPO4,
mp-558243,Ba2InClO3,
mp-568740,GdWClO4,
mp-558314,TaBi4ClO8,
mp-581600,Rb2FeI4,
mp-569939,AgBi2Se3Cl,
mp-558368,AgBi2S3Cl,
mp-555474,Sr(ClO2)2,
mp-558382,Li2SO4,
mp-581716,Sr(InAu)3,
mp-554883,Al(HO)3,
mp-568788,La2AlNi9H2,
mp-562302,KEuSiS4,
mp-31999,Na2MnO4,
mp-558552,Ta6S,
mp-570001,Al6Fe,106
mp-540934,CoHgC4(SN)4,
mp-37779,Fe5CuO8,
mvc-14381,MgMn2O4,
mp-554921,Hg(BiS2)2,
mp-32011,Mn2NiO4,
mp-558632,KNaSO4,
mp-558636,CaAl2O4,
mp-558658,Y2C(NO)2,
mp-771759,Li2Ti3CrO8,
mp-764920,LiVF5,
mp-570060,Ce6B2(CBr)3,
mp-582549,In2Te5,
mp-555552,KNaSO4,
mp-775095,Li2Fe3CoO8,
mp-568903,TlV5Se8,
mp-565201,FeWClO4,
mvc-984,BaZn(WO2)4,
mp-849685,Na2FeO4,
mp-754240,CaSm2O4,
mp-754220,Tm(CuO2)2,
mp-755705,SrLaI5,
mp-754211,SrLa2O4,
mp-755598,Ag2TeO4,
mp-754114,SrSc2O4,
mp-754093,Gd2CdO4,
mp-768537,Cs3TlO3,
mp-753983,In2HgO4,
mp-754272,Cs2Ba2O3,
mp-755393,SrLaI5,
mp-605028,Te2Pd3Pb2,34.09858999
mp-644494,Rb2H4Pd,
mp-755083,BaYCl5,
mp-767935,LiCoCuO4,
mp-754999,SrLaCl5,
mp-753848,Li(CuO)3,84.45582464
mp-754146,Rb3YO3,
mp-764563,Na3MnO3,
mp-772160,SrLaI5,
mp-558380,Cr2F5,
mp-542433,Fe3O4,
mp-761549,LiMnPO4,
mp-753815,CaY2O4,
mp-754047,Rb3SbO3,
mp-556095,Dy3S4,
mp-771736,Cd(CoO2)2,
mp-767909,LiCoPO4,
mp-776092,Li3V2F9,
mp-778547,Li2MnF4,
mp-768963,SrLaCl5,
mp-771287,Mg2FeO4,
mvc-11651,Zn(CrSe2)2,68.98659853
mp-765310,Li5Ni2O2F5,
mp-1003766,NaMn2O4,
mp-626413,Yb(HO)3,
mp-1094379,Mg4Ti3,
mp-771115,Cu2NiO4,
mp-625915,Ce(HO)3,
mp-696969,Sr(H2N)2,
mp-753801,Cs2Sr2O3,
mp-754494,BaLaBr5,
mp-753772,Nd4O3F7,
mp-696597,B5H9,
mp-625733,La(HO)3,
mp-696470,Ag7NO6,
mp-625677,Y(HO)3,
mp-774150,MnAl2O4,180.219678
mp-849216,NaCr2O4,
mp-625472,Tm(HO)3,
mp-625467,Eu(HO)3,
mp-625447,Pr(HO)3,
mp-753662,K2Mg2O3,
mp-625402,Sm(HO)3,
mp-625397,Nd(HO)3,63.9582383
mp-625394,La(HO)3,
mp-1020663,Si(GeN2)2,
mp-612918,Dy3Ge4,
mp-849535,CrPO4F,
mp-698616,Rb3FeF3,
mp-773282,LiMn3(FeO4)2,
mp-756745,BaLaI5,
mp-754144,BaYI5,
mp-1014379,Cr3N4,
mp-1014347,Cr3N4,
mp-1014345,Cr3N4,
mp-772472,LiFePO4,
mp-772730,Li2Mn3VO8,
mp-570181,Np3Se4,
mp-778349,VFeP2(O4F)2,
mp-626586,Mo(HO2)2,
mp-626582,Mo(HO2)2,
mp-626577,Mo(HO2)2,
mp-626504,Al(HO)3,
mp-626500,Al(HO)3,
mp-567920,Ti4P3,
mp-765256,Li7V(O2F)2,
mp-753663,BaYBr5,
mp-23310,Yb4Bi3,
mp-1100332,Ca2SnS4,
mp-19071,Co2SiO4,
mp-20520,U3Te4,
mp-563,C3N4,
mp-541014,Cs3Sb2I9,8.395850705
mp-541022,MnCr2O4,
mp-773510,TiV2CrO10,
mp-20980,NaNdTiO4,
mp-555616,CaNb2Bi2O9,
mvc-12638,Mg(NiO2)2,
mp-775540,Li2Ni3SbO8,
mp-541131,Ce2Sn5,
mp-569032,PrAu6,
mp-570211,HgC2(SeN)2,
mp-32322,LiNi(PO3)3,
mp-565329,K2NaFeO3,
mp-32324,LiNiPO4,
mp-12047,K3Na(RuO4)2,
mp-565335,GdMoClO4,
mp-565357,Sr3Fe2Cu2Se2O5,
mp-555746,InAg3(PO4)2,
mp-565394,Tl2MoO4,
mp-568320,Y4Sb3,
mp-32432,Mg2VO4,
mp-565425,NaVCdO4,
mvc-12906,Ba2YFe3O8,
mp-32425,LiVPO4,
mp-11660,Hf3N4,
mp-1094365,Mg3Ti4,
mp-690116,Co2CuO4,
mp-560188,Ba4NaAuO8,
mp-555843,Ag3AsS3,
mp-559264,Bi2PdO4,38.29217797
mp-555901,KCuCO3F,
mp-560262,Zn(InS2)2,
mp-505597,Tb(Ni2P)2,
mp-505598,Zr(Ni2P)2,
mp-565666,DyMoClO4,
mp-8806,Sr2Cu2O3,
mp-565689,Ni(BO2)2,
mp-505678,Sr2CoClO3,
mp-565693,TmMoClO4,
mp-565699,NaNiAsO4,
mvc-9987,Mg(CoO2)2,
mp-541771,Bi4RuI2,
mp-541772,Bi4RuBr2,
mp-565714,ErMoClO4,
mp-541823,TlCr5S8,
mp-988,Si3N4,234.4480283
mp-541863,ZnHgC4(SN)4,
mvc-10869,Ca(FeO2)2,
mvc-11436,AlV2O4,
mvc-11565,CaMn2O4,
mvc-11566,Ca(CoO2)2,
mp-541913,FeHgC4(SN)4,
mp-541914,MnHgC4(SN)4,
mp-541931,ZnCdC4(SN)4,
mp-573324,CsK2Ho(PO4)2,
mp-570629,Ce4Ru3,
mp-565766,CuWO3F2,
mp-11607,Si3N4,252.2816787
mp-565801,HoMoClO4,
mp-565823,SmMoClO4,
mp-20680,Ce4Sb3,
mp-566823,KNiAsO4,
mp-510075,Cs7Au5O2,
mp-510076,Rb7Au5O2,14.35440131
mp-566323,RbLiMoO4,
mp-556439,S3(NO)2,
mp-566907,Hg2MoO4,
mp-769779,Li2Ni3BiO8,
mp-566919,NaCaVO4,
mp-771098,Li2Fe3CoO8,
mp-566472,Mn(RhO2)2,
mp-510133,Sc(Fe2P)2,
mp-566521,Rb3FeO3,
mp-566588,Ti2MnO4,
mp-570759,Tb4Bi3,
mp-571021,K5InPb8,
mp-566641,Sr2FeBrO3,
mp-19987,Pa3Sb4,
mp-570779,Pr3OsI3,
mp-556500,NClOF4,
mp-556848,CaTa2Bi2O9,
mp-556506,MnCdF5,
mp-566749,YMoClO4,
mp-556163,Zn2SiO4,
mvc-966,BaCa(MoO2)4,
mp-570803,Ba2Ge(TeSe)2,
mp-565880,BaSr(FeO2)4,
mp-571103,In5AgSe8,
mp-556870,MgAl2O4,
mp-571109,Li2Nd2Si3,
mp-560842,Cd2SiO4,
mvc-1194,Ba2AlNi3O8,
mp-571144,Sm3Te4,
mp-759541,Ba(PdO2)2,88
mp-560516,Co(RhO2)2,
mp-510459,MnVCuO4,
mp-556597,In3S4,
mp-767180,Li2MnOF3,
mp-37399,Li7NbO6,
mp-510482,Er(Ni2As)2,
mp-560908,V3S4,
mp-510496,V2FeO4,
mp-570936,K(SnAu)3,
mp-570938,B5W2,
mp-27453,Li7SbO6,
mp-570959,Dy2CdSe4,
mp-510565,Cs2AgF4,
mp-556671,LuU4S5O4,
mp-18758,Co2GeO4,
mp-560605,LiLa4AuO8,
mp-510568,V2O5,
mp-18759,Mn3O4,127.3963176
mp-18761,K3V3O8,
mp-10062,Ba2NdNb(CuO4)2,
mp-18766,Si(NiO2)2,198.5465548
mp-764691,Li2V(OF)2,
mp-18779,Na2CrO4,39.31327377
mp-18780,K2WO4,
mp-18800,Cr2SiO4,
mp-18803,Na2WO4,52
mp-18816,Fe2SiO4,181
mp-1021518,CsCr5S8,
mp-773994,Li2V3FeO8,
mp-18847,V2CdO4,
mp-18852,Na2MoO4,50.17158183
mp-680369,Nb2Bi2PbO9,
mp-690465,Ga2NiO4,
mp-18901,VAgHgO4,
mp-766975,Li3Mn3O3F5,
mp-556367,CdHgC4(SN)4,
mp-18914,K2MoO4,
mp-18938,Tl2MoO4,
mp-21112,In2FeS4,
mp-1100804,Zr2Cr2F3,
mp-32542,Hg2WO4,
mp-1040470,Li(FeS2)2,
mp-1040512,Nb3SiO10,
mp-3319,Mg(RhO2)2,
mp-754060,Li7BiO6,
mp-10566,Lu3BC3,
mp-556418,AlSCl3O2,
mp-771219,Li(CoO2)2,
mp-10811,NaSr4(BN2)3,
mp-601859,Er(Fe2Ge)2,
mp-3708,Tl(FeTe)3,
mp-1098,Yb4As3,
mp-19044,Na2FeO4,
mp-510125,Ce(Ni2Sn)2,
mp-24868,Cr2CoO4,
mp-34296,Zn(FeO2)2,
mp-691108,Fe2MoO4,
mvc-12583,Ca(FeO2)2,
mp-691160,Fe2CuO4,
mp-24899,Cr2HgO4,
mp-24900,Cr2FeO4,
mp-19107,LiMnVO4,
mp-4409,Cu(RhO2)2,
mp-12046,Rb3Na(RuO4)2,
mp-24940,Cd(FeO2)2,
mp-24941,Fe2NiO4,-374
mp-19148,K2Mn2O3,60.82874935
mp-24969,Fe2GeO4,
mp-12422,CoHgC4(SeN)4,
mp-1029655,Sr3WN3,56.5804668
mp-1029640,Ba3OsN3,48.08357162
mvc-11256,Zn(CrS2)2,
mp-1029626,Ba3IrN3,
mp-25100,Ni2GeO4,
mp-765142,LiCoSiO4,
mp-761676,Li2Co3SbO8,
mp-774251,LiFePO4,
mp-541934,Al(FeO2)2,
mp-27064,LiCuPO4,
mp-1029573,Ba3GaN3,37.43169701
mvc-498,BaMg(AgO2)4,
mp-768022,LiTi4VO8,
mp-775106,Li2MnV3O8,
mp-866824,Ca2SnS4,
mp-625788,La(HO)3,
mp-1029659,Ca3FeN3,76.09324206
mp-1029537,Ba3RuN3,46
mp-1029531,Sr3ReN3,59
mp-2045,Tb4Sb3,
mp-625563,Mo(HO2)2,
mp-625551,Mo(HO2)2,
mp-757176,BaYF5,
mp-625320,Al(HO)3,
mp-625318,Al(HO)3,
mp-849071,Cr3S4,
mp-625316,Al(HO)3,
mp-775196,Li2MnCr3O8,
mp-32006,MgMn2O4,
mp-1019563,Ca2SiO4,
mp-767972,Li2Fe3NiO8,
mp-1019562,Ca2SiO4,
mp-625475,H2SO4,
mp-757116,Rb3ErO3,
mp-1019561,Ca2GeO4,
mp-757098,Li2Fe2S3,
mp-1019558,BaSr2Mg(SiO4)2,
mp-1019551,BaNa2Mg(PO4)2,
mp-11661,Zr3N4,
mp-1675,Ho3Ge4,
mp-1449,Pr3S4,
mvc-609,BaCa(SnO2)4,
mvc-35,Ca(NiS2)2,
mp-1019547,BaLi2Mg(PO4)2,
mp-24968,FeMoClO4,
mp-561534,Co2SiO4,
mp-504818,MoPO5,
mp-12788,Nd3Au4,
mp-866025,CsCr5Te8,
mp-560625,RePbClO4,
mp-505131,LiVCuO4,
mvc-10871,MgCr2O4,
mp-1347,Th3P4,108.054008
mp-19213,Ba2Mn2Sb2O,
mp-25057,VMoO5,
mp-25068,Na2MoO4,
mp-19260,Li2WO4,68.88642139
mp-19262,Cr2CdO4,
mp-19277,VSO5,
mp-25090,La2NiO4,
mp-19285,Ba(FeO2)2,
mp-690577,Co2CuO4,
mp-19302,NaCaVO4,
mp-19318,Ag2MoO4,66.92641728
mp-15065,Cu(IrS2)2,
mp-19341,Tl2WO4,
mp-19344,Cr2NiO4,
mp-862292,Ce3Zn11,
mp-15802,Tm2MgSe4,
mp-16066,Yb(Ni2P)2,
mvc-12540,Cr2O5,
mp-25516,Li(FeO2)2,
mp-19394,LiV2O4,
mp-25525,FeMoClO4,
mp-561013,Ga2PbO4,
mvc-11550,ZnCr2O4,
mvc-15302,YTi2O4,
mp-25550,MnPO4F,
mp-1097822,Cr3N4,
mp-17717,Pu3Pd4,
mp-19434,Pr2NiO4,
mp-25589,NiPO4F,
mp-19445,LiLa4NiO8,
mp-19449,NaVCdO4,
mp-9947,SiC,213.2799931
mp-778346,Li2MnF4,
mp-25616,VPO4F,
mp-18741,RbLiCrO4,
mp-18748,Co3O4,159.9651141
mp-18750,Mn(FeO2)2,157.9828746
mvc-12369,Mn2ZnO4,137
mp-25651,PWO4F,
mvc-12029,V2ZnO4,
mvc-10942,YMn2O4,
mp-775242,Li2MnCu3O8,
mp-566111,VPO5,
mp-542333,Cu9S5,
mp-542844,V2O5,
mp-566276,Ba2Mn2Bi2O,
mp-571358,Yb3Pt4,
mp-647029,Gd3P4Pd7,
mp-6942,Ho2CdS4,
mvc-10002,Ca(MoO2)2,
mvc-10004,Ca(NiO2)2,
mvc-10011,CaCr2O4,
mvc-6513,Mg(AgO2)2,
mvc-6532,Zn(SnO2)2,
mvc-6533,Ca(WO2)2,
mvc-6545,Ca(BiO2)2,
mvc-6517,Mg(CuO2)2,
mvc-6540,Ca(SbO2)2,
mvc-6537,Ca(AgO2)2,
mvc-6554,Zn(BiO2)2,
mvc-6576,Ca(SnO2)2,
mvc-659,Ba2YAg3O8,
mvc-6531,Ti2ZnO4,
mvc-6542,Zn(CuO2)2,
mvc-6563,CaTi2O4,
mvc-6617,Zn(AgO2)2,
mvc-6579,Ca(CuO2)2,
mvc-6654,Mg(SbO2)2,
mvc-6720,Ca(SbO2)2,
mvc-6702,Zn(SnO2)2,
mvc-692,Ba2Ti3AlO8,
mvc-939,BaMg(MoO2)4,
mvc-6900,MgV2O4,
mvc-6912,Mg(MoO2)2,
mvc-6910,Mg(CoO2)2,
mvc-6919,ZnCr2O4,
mvc-6911,Mn2ZnO4,
mvc-6914,Mg(NiO2)2,
mvc-6916,MgMn2O4,
mvc-6928,Ca(FeO2)2,
mvc-6920,Mg(CoO2)2,
mvc-6917,Ca(CoO2)2,
mvc-6932,CaCr2O4,
mvc-6926,Mg(WO2)2,
mvc-6923,Zn(CoO2)2,
mvc-6924,Zn(NiO2)2,
mvc-6935,Ca(MoO2)2,
mvc-6940,Ca(NiO2)2,
mvc-6966,Ca(WO2)2,
mvc-6953,CaMn2O4,
mvc-6974,Zn(WO2)2,
mvc-13097,YTi2O4,
mvc-725,Ba2AlAg3O8,
mvc-7295,Zn(SbO2)2,
mvc-7302,Mg(BiO2)2,
mvc-7287,Ca(SnO2)2,
mvc-7317,Mg(SbO2)2,
mvc-7303,Mg(SnO2)2,
mvc-7329,Ca(SbO2)2,
mvc-7250,Ca(CuO2)2,
mvc-7347,Zn(BiO2)2,
mvc-7308,Mg(AgO2)2,
mvc-7315,Zn(AgO2)2,
mvc-7286,Zn(SnO2)2,
mvc-744,Ba2AlBi3O8,
mvc-7362,Zn(CuO2)2,
mvc-748,Ba2AlSn3O8,
mvc-7714,Ca(MoO2)2,
mvc-7741,Ca(CoO2)2,
mvc-780,Ba2AlSb3O8,
mvc-7792,Mg(MoO2)2,
mvc-7786,Zn(WO2)2,139.3390601
mvc-7769,Mg(NiO2)2,
mvc-7780,Mg(WO2)2,
mvc-7764,Zn(CoO2)2,
mvc-7784,Zn(MoO2)2,
mvc-8188,Ca(FeO2)2,
mvc-8406,Cr2O5,
mvc-8453,Ta2O5,
mvc-8472,Sb2O5,
mvc-8471,Bi2O5,
mvc-8590,Mo2O5,
mvc-8648,W2O5,
mp-772731,Li2Co3TeO8,
mvc-9996,MgV2O4,
mvc-9994,V2ZnO4,
mvc-9980,MgMn2O4,
mvc-919,BaMgCr4O8,
mvc-9986,ZnCr2O4,
mvc-920,BaMgMn4O8,
mp-1094398,Mg3Ti4,
mvc-9977,Mg(FeO2)2,
mvc-921,BaV4ZnO8,
mvc-1148,Ba2AlFe3O8,
mvc-922,BaMn4ZnO8,
mvc-924,BaZn(FeO2)4,
mvc-926,BaMg(FeO2)4,
mvc-9574,Ti2ZnO4,
mvc-932,BaZnCr4O8,
mvc-938,BaMg(CoO2)4,
mvc-947,BaCa(NiO2)4,
mvc-11133,Ca(CoS2)2,
mvc-9561,MgTi2O4,
mvc-9558,Mg(AgO2)2,
mvc-9559,Mg(SnO2)2,
mvc-945,BaZn(NiO2)4,
mvc-9584,Mg(BiO2)2,
mvc-9587,Ca(BiO2)2,
mvc-9588,Zn(BiO2)2,
mvc-9586,Zn(SbO2)2,
mvc-9603,Mg(SbO2)2,
mvc-9576,Zn(AgO2)2,
mvc-9575,CaTi2O4,
mvc-9598,Ca(SbO2)2,
mvc-9600,Zn(SnO2)2,
mvc-9617,Ca(SnO2)2,
mvc-9604,Ca(AgO2)2,
mp-771748,Li2VFe3O8,
mvc-9599,Ca(CuO2)2,
mp-767097,LiVSiO4,
mvc-6547,Zn(SbO2)2,
mp-8395,CaTiF5,
mp-8670,Ca3CrN3,85.84036262
mvc-15791,CaSbF5,
mvc-10000,Zn(WO2)2,
mp-9029,Ca3VN3,87.33415479
mvc-16443,Zn(FeO2)2,
mvc-6915,V2ZnO4,
mvc-16422,CaTa2Bi2O9,
mvc-6925,Zn(MoO2)2,
mp-14763,Ca3MnN3,87.87299542
mvc-7276,Ca(BiO2)2,
mvc-6927,CaV2O4,
mvc-16765,Al(CoS2)2,
mvc-16625,Mg(TiS2)2,
mvc-16615,YTi2O4,
mvc-16616,Y(VS2)2,
mvc-16726,Al(CoS2)2,
mvc-16628,Ti2ZnS4,
mvc-16724,LiTi2O4,
mvc-16658,Mg(CoS2)2,
mvc-16728,Y(VS2)2,
mvc-16627,Ca(FeS2)2,
mvc-16729,Y(MnS2)2,
mvc-16730,Li(CrS2)2,
mvc-16734,Y(CrS2)2,
mvc-16738,Li(TiS2)2,
mvc-16757,Ti2AlO4,
mvc-16739,Li(NiS2)2,
mvc-16746,MgTi2O4,
mvc-16742,Li(MnS2)2,
mvc-16761,Mg(CoS2)2,
mvc-16768,Mg(TiS2)2,
mvc-16741,Y(TiS2)2,
mvc-16646,Ca(CrS2)2,
mvc-16784,Zn(CoS2)2,
mvc-16752,Ti2ZnO4,
mvc-16754,YTi2O4,
mvc-16771,Ca(CrS2)2,
mvc-16758,Li(MnS2)2,
mvc-16769,Y(CrS2)2,
mvc-16777,Li(CrS2)2,
mvc-16781,Al(FeS2)2,
mvc-16790,Y(TiS2)2,
mvc-16782,Mg(FeS2)2,
mvc-16787,Zn(CrS2)2,
mvc-16798,YMn2O4,
mvc-16778,Y(CoS2)2,
mvc-16776,Li(VS2)2,
mvc-16805,YV2O4,
mvc-16788,Ca(MnS2)2,
mvc-16806,LiCr2O4,
mvc-16785,Mn2AlS4,
mvc-16796,AlV2O4,
mvc-16832,V2ZnO4,
mvc-16800,Al(NiO2)2,
mvc-16820,MgV2O4,
mvc-16809,Y(NiO2)2,
mvc-16797,Y(FeO2)2,
mvc-16786,Zn(NiS2)2,
mvc-16793,Ca(FeS2)2,
mvc-16833,AlV2O4,
mvc-16791,Al(NiS2)2,
mvc-16794,Ca(NiS2)2,
mvc-16835,Mg(FeO2)2,
mvc-16821,CaCr2O4,
mvc-16779,Mg(MnS2)2,
mvc-16795,Y(CoO2)2,
mvc-16834,MgMn2O4,
mvc-16792,Y(MnS2)2,
mvc-16816,LiCr2O4,
mp-19313,Zn(FeO2)2,163.7429846
mvc-605,Ba2YTi3O8,
mp-775515,Li2Ni3SnO8,
mvc-3215,Sr3Mn2Cu2S2O5,
mvc-3217,Sr3Co2Cu2S2O5,
mvc-3218,Sr3Fe2Cu2S2O5,
mvc-528,BaCa(CuO2)4,
mvc-3229,Sr2MnSO3,
mvc-3228,Sr2CoSO3,
mvc-583,BaCa(SbO2)4,
mvc-3234,Sr2CrSO3,
mvc-3245,Sr2FeSO3,76.55219185
mvc-507,BaZn(BiO2)4,
mvc-484,BaMg(BiO2)4,
mvc-1132,Ba2YNi3O8,
mvc-4658,Ca(SbO2)2,
mvc-4706,Ca(SnO2)2,
mvc-4678,Mg(SbO2)2,
mvc-4661,Zn(SbO2)2,
mvc-4682,Mg(BiO2)2,
mvc-4662,Ca(BiO2)2,
mvc-4659,Mg(SnO2)2,
mvc-4703,Zn(BiO2)2,
mvc-4689,Zn(SnO2)2,
mvc-4851,Ca(WO2)2,
mvc-4842,Zn(WO2)2,
mvc-483,BaMgTi4O8,
mvc-4908,Ca(MoO2)2,
mvc-477,BaTi4ZnO8,
mvc-4843,Mg(WO2)2,
mvc-513,BaZn(CuO2)4,
mvc-5448,Mg(AgO2)2,
mvc-5471,Ca(SnO2)2,
mvc-5517,Zn(AgO2)2,63.54803241
mvc-5559,Ca(AgO2)2,
mvc-588,BaCa(BiO2)4,
mvc-5883,Ca(CuO2)2,
mvc-5884,Mg(CuO2)2,62.83939362
mvc-5897,Zn(CuO2)2,70.32407926
mvc-931,BaMg(WO2)4,
mvc-5948,MgTi2O4,161.5773233
mvc-5984,Mg(AgO2)2,
mvc-5985,Zn(AgO2)2,
mvc-5979,Zn(CuO2)2,
mvc-5983,Ti2ZnO4,
mp-20433,Ti3In4,
mvc-6007,MgMn2O4,
mvc-5997,Mg(CuO2)2,
mvc-6052,Ca(SbO2)2,
mvc-6035,Mg(SnO2)2,
mvc-6055,Zn(SbO2)2,
mvc-6066,Ca(BiO2)2,
mvc-6042,Ti2ZnO4,
mvc-6014,CaTi2O4,
mvc-6057,Mn2ZnO4,
mvc-6019,Zn(SnO2)2,
mvc-6056,Zn(AgO2)2,
mvc-6076,Mg(BiO2)2,
mvc-6054,Ca(CuO2)2,
mvc-6059,Zn(CuO2)2,
mvc-6058,Mg(CuO2)2,
mvc-6075,Mg(SbO2)2,
mvc-6082,Mg(AgO2)2,
mvc-6108,Mg(FeO2)2,
mvc-6074,Ca(SnO2)2,
mvc-6087,Zn(SnO2)2,
mvc-6084,Ca(AgO2)2,
mvc-6093,Zn(FeO2)2,163.9341283
mvc-6148,Zn(BiO2)2,
mvc-6101,Ca(CuO2)2,
mvc-6068,Zn(CoO2)2,
mvc-6139,Zn(NiO2)2,
mp-3463,CaTi2O4,
mvc-1055,Ba2YCr3O8,
mvc-6397,Mg(MoO2)2,
mvc-6401,MgCr2O4,
mvc-6399,Ca(MoO2)2,
mvc-6400,Zn(MoO2)2,
mvc-6409,V2ZnO4,
mvc-6403,Mg(CoO2)2,
mvc-6410,ZnCr2O4,
mvc-6406,MgMn2O4,
mvc-6404,Mn2ZnO4,
mvc-6405,Mg(NiO2)2,
mvc-6402,Zn(CoO2)2,
mvc-6413,Ca(FeO2)2,
mvc-6407,CaMn2O4,
mvc-6418,CaCr2O4,
mvc-6417,Zn(FeO2)2,
mvc-6421,Ca(WO2)2,
mvc-6408,CaV2O4,
mvc-6414,Ca(CoO2)2,
mvc-6423,Ca(CoO2)2,
mvc-6412,Zn(NiO2)2,
mvc-6415,MgV2O4,
mvc-6422,Zn(WO2)2,
mvc-6416,Ca(NiO2)2,
mvc-649,Ba2YSn3O8,
mvc-6495,Mg(SbO2)2,
mvc-6475,MgTi2O4,
mvc-6512,Mg(BiO2)2,
mvc-6497,Mg(SnO2)2,
mvc-1049,Ba2YMn3O8,
mvc-1057,Ba2YV3O8,
mvc-1144,Ba2YW3O8,
mvc-1149,Ba2AlW3O8,
mvc-10958,Mg(FeO2)2,
mvc-1109,Ba2AlV3O8,
mvc-1166,Ba2AlCo3O8,
mvc-1161,Ba2YMo3O8,
mvc-1204,Ba2AlMo3O8,
mvc-13306,Sr3Cr2Cu2S2O5,
mvc-485,BaMg(SbO2)4,
mvc-14389,Zn(NiO2)2,
mvc-16094,Al5CuS8,
mvc-16102,Al5CuSe8,
mvc-16105,Al2CuO4,
mvc-16211,Al2CoO4,
mvc-15828,ZnBiF5,
mvc-16228,MnAlF5,
mvc-16216,Al2FeO4,
mvc-16234,Al2NiO4,
mvc-16241,Al2FeO4,184.0808855
mvc-9995,Zn(MoO2)2,
mvc-16230,Al(CoO2)2,
mvc-9979,Ca(FeO2)2,
mvc-9983,Mg(MoO2)2,
mvc-9989,Mg(WO2)2,
mvc-9988,Ca(WO2)2,
mvc-16166,Y(CuO2)2,
mvc-9981,Mn2ZnO4,
mp-753846,Mg(GaO2)2,
mvc-9990,CaV2O4,
mvc-9991,CaMn2O4,
mvc-9997,Ca(CoO2)2,
mp-644739,LaGa6,
mp-768023,LiV3Zn2O8,
mp-770797,LiMn2O4,
mp-865377,Th3Au4,
mp-866032,Dy(Ni2P)2,
mp-560165,Cu(BiO2)2,
mp-867419,KEuAsS4,
mp-567124,Fe3O4,
mp-557616,Cr2CoO4,
mp-760515,Ba3Sr4O7,
mp-15275,NaGdTiO4,
mp-1074259,Mg4Si3,
mp-1074264,Mg4Si3,
mp-1074272,Mg4Si3,
mp-1074279,Mg4Si3,
mp-1074331,Mg4Si3,
mp-1074291,Mg4Si3,
mp-1074292,Mg4Si3,
mp-1074307,Mg4Si3,
mp-1074333,Mg4Si3,
mp-1074345,Mg4Si3,
mp-1074338,Mg4Si3,
mp-1074320,Mg4Si3,
mp-1074288,Mg4Si3,
mp-1074356,Mg4Si3,
mp-1074349,Mg4Si3,
mp-1074380,Mg4Si3,
mp-1074382,Mg4Si3,
mp-1074412,Mg4Si3,
mp-1074408,Mg4Si3,
mp-1074386,Mg4Si3,
mp-1074413,Mg4Si3,
mp-1074404,Mg4Si3,
mp-1074396,Mg4Si3,
mp-1074433,Mg4Si3,
mp-1074455,Mg4Si3,
mp-1074346,Mg4Si3,
mp-1074350,Mg4Si3,
mp-1074467,Mg4Si3,
mp-1074466,Mg4Si3,
mp-1074480,Mg4Si3,
mp-1074285,Mg4Si3,
mp-1074500,Mg4Si3,
mp-1074405,Mg4Si3,
mp-1074465,Mg4Si3,
mp-1074489,Mg4Si3,
mp-1074517,Mg4Si3,
mp-1074518,Mg4Si3,
mp-1074526,Mg4Si3,
mp-1074283,Mg4Si3,
mp-1074538,Mg4Si3,
mp-1074417,Mg4Si3,
mp-1074562,Mg4Si3,
mp-1074276,Mg4Si3,
mp-1074472,Mg4Si3,
mp-1074587,Mg4Si3,
mp-1074591,Mg4Si3,
mp-1074597,Mg4Si3,
mp-1074375,Mg4Si3,
mp-1074483,Mg4Si3,
mp-1074611,Mg4Si3,
mp-1074549,Mg4Si3,
mp-1074922,Mg3Si4,
mp-1074998,Mg3Si4,
mp-1074941,Mg3Si4,
mp-1074924,Mg3Si4,
mp-1074957,Mg3Si4,
mp-1074960,Mg3Si4,
mp-1075020,Mg3Si4,
mp-1075016,Mg3Si4,
mp-1075013,Mg3Si4,
mp-1075018,Mg3Si4,
mp-1074934,Mg3Si4,
mp-1075011,Mg3Si4,
mp-1075025,Mg3Si4,
mp-1075060,Mg3Si4,
mp-1075030,Mg3Si4,
mp-1075091,Mg3Si4,
mp-1075102,Mg3Si4,
mp-1075036,Mg3Si4,
mp-1075047,Mg3Si4,
mp-1075035,Mg3Si4,
mp-1075048,Mg3Si4,
mp-1075127,Mg3Si4,
mp-1075152,Mg3Si4,
mp-1075100,Mg3Si4,
mp-1075098,Mg3Si4,
mp-1075015,Mg3Si4,
mp-1074932,Mg3Si4,
mp-1075045,Mg3Si4,
mp-1075113,Mg3Si4,
mp-1075111,Mg3Si4,
mp-1075131,Mg3Si4,
mp-1075194,Mg3Si4,
mp-1075132,Mg3Si4,
mp-1075115,Mg3Si4,
mp-1075139,Mg3Si4,
mp-1075137,Mg3Si4,
mp-1075163,Mg3Si4,
mp-1075104,Mg3Si4,
mp-1075168,Mg3Si4,
mp-1075191,Mg3Si4,
mp-1075196,Mg3Si4,
mp-1075157,Mg3Si4,
mp-1075277,Mg3Si4,
mp-1075198,Mg3Si4,
mp-1075286,Mg3Si4,
mp-1075240,Mg3Si4,
mp-1075232,Mg3Si4,
mp-1075217,Mg3Si4,
mp-1074947,Mg3Si4,
mp-1074955,Mg3Si4,
mp-1075263,Mg3Si4,
mp-1075269,Mg3Si4,
mp-1075010,Mg3Si4,
mp-1075009,Mg3Si4,
mp-1075282,Mg3Si4,
mp-1075203,Mg3Si4,
mp-1075273,Mg3Si4,
mp-1075267,Mg3Si4,
mp-1075351,Mg3Si4,
mp-1075310,Mg3Si4,
mp-1075211,Mg3Si4,
mp-1075311,Mg3Si4,
mp-1075337,Mg3Si4,
mp-1075012,Mg3Si4,
mp-1075341,Mg3Si4,
mp-1075302,Mg3Si4,
mp-1075040,Mg3Si4,
mp-1075371,Mg3Si4,
mp-1075355,Mg3Si4,
mp-1075392,Mg3Si4,
mp-1075397,Mg3Si4,
mp-1075456,Mg3Si4,
mp-771630,LiCr3(FeO4)2,
mp-15661,Sc4C3,111.8905741
mp-1604,Pt3O4,212.8904348
mp-1484,Pr4Sb3,
mp-8836,CaAlF5,
mp-12052,Er4Sb3,
mp-1001015,Y2ZnS4,
mp-1001024,Y2MgS4,
mp-1001021,Y2ZnSe4,
mp-1001019,Mg(ScSe2)2,57
mp-1001012,Sc2ZnS4,
mp-1001017,Zn(InSe2)2,
mp-1001034,Mg(InSe2)2,
mp-1001016,Sc2ZnSe4,
mp-690534,K3FeF3,
mp-690733,H2SO4,
mp-690799,Zr(TiH2)2,
mp-1344,Sm3Se4,
mp-13447,Zn13Rh,88.06784381
mp-16096,Tl(TeMo)3,
mp-1346,B6O,226.9974443
mp-16115,Pr2CuO4,128
mp-1009,SrSi6,
mp-13538,KPrSiSe4,
mp-16225,Y3Si3Rh,
mp-11634,KSmGeSe4,
mp-1023130,Cu4O3,
mp-11641,Ag2SeO4,
mp-11691,Nd2HgO4,
mp-16267,Dy2CdS4,
mp-11706,Ho2HgO4,
mp-10191,Lu2MgSe4,
mp-13743,K3GaO3,
mp-13744,Rb3GaO3,
mp-16338,GaSi(MoS2)4,
mp-1382,Ce3S4,
mp-13852,Ge3N4,
mp-2164,Mo3S4,
mp-13871,P2Pt5,
mp-2038,Sm3S4,
mp-11902,Ba2GeSe4,
mp-10334,Pr(CdP)3,
mp-2794,Fe5C2,233.3355934
mp-13995,Hg2GeO4,
mp-10382,KEuPSe4,
mp-10390,Ta2O5,129.0396207
mp-12011,KTbGeS4,
mp-12012,KPrGeSe4,
mp-14025,Zr2CuS4,
mp-10412,Mn(SbS2)2,
mp-16529,Al6Ru,111.5689695
mp-16528,Al6Re,112.5884157
mp-10426,Nb2O5,60.50357463
mp-565739,Nd2NiO4,
mp-14100,Cd(RhO2)2,
mp-1050,Ni3S4,
mp-12177,Te2O5,46.19707375
mp-12178,KCr5S8,
mp-14288,Sr3P4,
mp-16718,Al6Tc,107
mp-14289,Ba3P4,
mp-1223,La4Sb3,
mp-14304,Lu2MgS4,
mp-14305,Lu2MnS4,
mp-14306,Lu2FeS4,
mp-14307,Mg(ScS2)2,
mp-14434,K3GeS3,
mp-12376,KYbSiS4,
mp-14435,K3GeSe3,
mp-14447,Ba2SiSe4,
mp-14466,KLi6IrO6,
mp-14448,Ba2SiTe4,
mp-14620,Tm2CdSe4,
mp-2204,Nd3Te4,
mp-10754,Fe(RhS2)2,
mp-2617,B2Pd5,
mp-1478,Cu4O3,
mp-2622,Pa3As4,
mp-2623,V4As3,
mp-1480,BaSi6,
mp-14815,TaTe5Pt,20.3901656
mp-2075,Si3N4,293.212491
mp-12699,Ca3Au4,51.20235433
mp-12712,Zr3Pd4,
mp-2365,Pr4As3,
mp-14928,Sc2MnSe4,
mp-10927,SrC2(SN)2,
mp-10928,BaC2(SN)2,
mp-1705,Sb2O5,126.8502741
mp-14951,Rb3AlO3,
mp-10953,Sc2CdS4,
mp-1707,BaN6,
mp-2656,Nd3S4,
mp-15050,Pr(PdO2)2,
mp-15051,Nd(PdO2)2,
mp-15053,Y(PdO2)2,154.3315043
mp-11009,CaC2(SN)2,
mp-11028,K3Hg11,
mp-12837,Er3FeSi3,
mp-12838,Tm3FeSi3,
mp-1109,Sr5Al9,
mp-15186,Er(CuO2)2,
mp-12905,Ba3CrN3,
mp-1927,Dy4Sb3,
mp-12924,KLaSiS4,
mp-1295,Yb4Sb3,
mp-1722,Zn13Fe,
mp-11170,KCeSiS4,
mp-11184,Nd3Sb4Pt7,
mp-11185,Sm3Sb4Pt7,
mp-1119,Nd2Te5,
mp-25143,K2RbGdV2O8,
mp-15339,Sr3As4,
mp-173,MnAl6,103.7981445
mp-11340,Dy(Ni2As)2,
mp-15613,Cu(RhS2)2,
mp-15614,Cu(RhSe2)2,
mp-2409,Ni5Sb2,
mp-13336,RbSc5Te8,
mp-15742,Nd2CuO4,
mp-15743,Sr2CeO4,
mp-15803,Y2MgSe4,51.73031554
mp-15804,Yb2MgSe4,
mp-15844,TaPO5,
mp-15845,SrLi4N2,52.49011207
mp-15862,GaMo4CS8,
mp-19803,CdIn2O4,
mp-15900,Sr3Sc2Cu2S2O5,
mp-1985,C3N4,408.9254055
mp-15973,Cr2HgS4,
mp-15974,Mn(CrS2)2,
mp-2124,Ho4Sb3,
mp-16031,Sn3N4,
mp-2127,Pr3Te4,
mp-1770,Mg5Ga2,
mp-2131,SrN6,
mp-2452,P2O5,39.65647916
mp-2852,C3N4,
mp-22605,Cr2CdSe4,
mp-4194,Zn(CrS2)2,
mp-4208,Ca2RuO4,
mp-1029665,Sr3BN3,
mp-19230,K3NaCr2O8,
mp-22625,Cr2CuTe4,
mp-20938,RbIn5S8,
mp-3312,Cs(SbSe2)2,
mp-20944,Sr2PbO4,92.26031201
mp-4249,Hg(CO2)2,
mp-28011,Tl2Sn2S3,
mp-19206,LiLa4CoO8,
mp-19212,Rb2MoO4,
mp-28019,NbCrSe5,
mp-4284,Ho2CdSe4,
mp-22658,Co2NiS4,
mp-765890,LiMnPO4,
mp-20995,Eu4As3,
mp-19303,Cr2NiO4,
mp-19307,Ni(RhO2)2,
mp-21011,Ce4As3,
mp-775094,Li2MnFe3O8,
mp-21019,Cr2FeS4,
mp-21021,Mo3Se4,
mp-33297,Mg2TiO4,
mp-33300,Fe5CuO8,
mp-4324,Tm2CdS4,
mp-29538,BaGdCl5,
mp-4338,Cr2CdS4,
mp-4362,Cu2Ag2O3,
mp-4371,Nd(CuO2)2,
mp-28111,K3NO3,
mp-22007,CsIn5S8,
mp-771684,LiMg2Mn3O8,
mp-22747,Pb(CO2)2,20.36160884
mp-753456,Ce4ThO9,
mp-22749,Mn5C2,219.9983425
mp-24645,Er(HO)3,
mp-29582,Li2CrCl4,
mp-4431,Ag3AsS3,
mvc-11441,AlCr2O4,
mp-21097,KLaGeSe4,
mp-22766,CaIn2O4,
mp-28164,Ba4P2O,
mp-764851,NaLiV(OF)2,
mp-21134,K(InAu2)2,
mp-4515,Ag3SbS3,
mp-21137,Ca2PbO4,
mp-4530,Cd2SiO4,
mp-22803,Cr2CuS4,
mp-22809,KCeSiS4,
mp-28222,Rb3Sb2Br9,
mp-19719,Yb2MnSe4,
mp-4578,Sr2GeS4,
mp-33312,Nd2UTe4,
mp-21173,In2CoS4,
mp-21176,KCeGeSe4,
mp-4584,Tl3BO3,20.40652982
mp-19174,BaMnV2(AgO4)2,
mp-21183,Ba(InTe2)2,
mp-4590,Mg(GaO2)2,162.4151196
mp-22854,Pr2I5,
mp-33332,Co5SbO8,
mvc-11645,Zn(FeO2)2,
mp-25032,Mn2GeO4,
mp-33392,Sr(CeS2)2,
mp-33406,La2PbSe4,
mp-775295,Li2MnCr3O8,
mp-4697,Zn(CrSe2)2,68.86839937
mp-19792,Zr(Fe2Si)2,
mp-33449,Tb5AgS8,
mp-33533,La2UTe4,
mp-22961,Li2ZnCl4,
mp-33537,Fe2MoO4,
mp-33546,Fe2CuO4,
mp-33551,LiFe5O8,158.6613547
mp-33569,Sr(LaSe2)2,
mp-4747,Ca2SnO4,
mp-33606,Ba(PrSe2)2,
mp-33615,Ba(LaS2)2,
mp-476,Ge3N4,
mp-30892,Ba4Bi3,23.81682377
mp-30893,Sr4Bi3,
mp-33631,TiZn2O4,
mp-25380,CuPO4F,
mp-25385,Li(CuO2)2,109.5428646
mp-4770,Na2SO4,43
mp-22999,Hg3(ClO)2,
mp-25436,TiPO4F,
mp-25471,Li(CoO2)2,
mp-33684,Ti(FeO2)2,
mp-23012,Bi2Pd3S2,
mp-4798,Sc(AlC)3,166
mp-33708,Mn(FeO2)2,161.9432026
mp-33775,La5AgSe8,
mvc-10947,Al(FeO2)2,
mp-25576,Li(MoO2)2,
mp-28395,B6P,199.3294469
mp-4842,Al2ZnS4,84.06881209
mvc-11944,V2O5,44.13249881
mp-33940,Mg2PtO4,
mp-28421,Cs2HgI4,
mp-34011,Ca(HoS2)2,
mp-28424,K4P3,
mp-4888,NbPO5,
mp-34022,Mg2SnO4,
mp-34034,Ba8P5Br,
mp-19915,Sr4In2N,
mp-34042,KY3F10,
mp-491,La3Se4,
mp-3407,TlCr5Se8,
mp-30973,Ni3(BiSe)2,
mp-690118,Mn2TcO4,
mp-3411,Tl(MoSe)3,
mp-34116,Tm2MgS4,
mp-21409,Zn(InS2)2,11.24009913
mp-20831,Gd4Sb3,
mp-34139,Mn2CrO4,153.0572576
mp-4941,Sr2SnO4,
mp-20087,Sr2SmTa(CuO4)2,
mvc-522,BaZn(SbO2)4,
mp-699296,Li3Mn3O8,
mp-23252,Ce4Bi3,
mp-673699,Nd(CuO2)2,
mp-775079,Li2Cr3FeO8,
mp-23483,Rb2CrCl4,
mp-554867,Ta2O5,
mp-18950,BaCa(FeO2)4,
mp-1078478,Mg4Si3,
mp-691167,Co5SbO8,
mvc-11532,Ti2AlO4,208
mp-36751,In5AgS8,
mp-27719,Al2CuO4,185.4456284
mp-1080197,Mn3N4,
mp-1080199,V3N4,
mp-1080285,Ce(SbSe2)2,
mp-28557,Ag2PdCl4,
mp-641391,Dy(Fe2Ge)2,
mp-568959,La4As3,
mp-19456,AlV2O4,
mp-571281,Ge3N4,
mp-778022,Na3VO3,
mp-567978,Pa3P4,
mp-1094002,Zn(GaS2)2,
mp-1094007,Zn(GaS2)2,
mp-1094005,Zn(IrO2)2,
mp-1094011,Zn(GaS2)2,
mp-1094014,Zn(GaS2)2,
mp-1096958,DyMn2O4,
mp-1094043,Ti5InS8,
mp-33112,Sc2H5,
mp-1094108,Na2Zn2S3,
mp-1094139,Ni2O5,
mvc-14952,BaCa(FeO2)4,
mp-1094226,Zr4Sn3,
mp-568841,Np3Te4,
mp-1094315,Zr4Sn3,
mp-767967,Mg3Fe3O8,
mp-36447,Al2CoO4,
mp-690520,Mn2CuO4,
mp-868616,Li2FeCo3O8,
mp-690527,Mn2SnO4,
mp-18751,Mn2ZnO4,137.3396181
mp-584808,LiCuPO4,
mp-690498,ZnFe5O8,
mp-22618,Y(CuO2)2,
mp-574410,Sc(Fe2P)2,
mp-705571,Fe5CuO8,
mp-27872,MgTi2O4,
mp-704985,Cu4O3,
mp-19202,MgCr2O4,
mp-540004,Li(WO2)2,
mp-9325,Sr3MnN3,52.62484358
mp-18879,V2ZnO4,
mp-1029686,Sr3OsN3,
mp-1029741,Sr3IrN3,67.43635249
mp-1029750,Sr3RuN3,61.58165111
mp-696649,KH2I3O,
mvc-12572,Ca(CoO2)2,
mvc-12627,MgV2O4,
mvc-3265,CrSiO5,
mp-1096769,Ni3Cl4,
mp-1094481,Mg4Ti3,
mp-1096822,Al2ZnS4,
mp-1096817,Al2ZnS4,
mp-1096954,Fe2SiS4,
mp-770095,Li(FeO2)2,
mp-1096818,Al2ZnS4,
mvc-16735,Li(VS2)2,
mp-1096945,DyMn2O4,
mp-1096770,Ni3Cl4,
mp-636519,Ni(RhO2)2,
mp-18900,MgV2O4,
mp-1097055,K5La2,
mp-566179,VPO5,
mp-19306,Fe3O4,176.0885208
mvc-11435,Mn2AlO4,
mp-27048,LiCuPO4,
mp-574320,Eu2GeSe4,
mp-585244,LiFePO4,
mp-1605,Ag3O4,
mp-622572,CaCrF5,
mp-691116,Co2SnO4,
mp-690133,Co2RuO4,
mp-773949,Mn2CrO4,
mp-1097959,LiEu4(BN2)3,
mp-699362,Al2NiO4,
mvc-16304,CaTiF5,
mvc-9992,Zn(NiO2)2,
mp-573566,CsCr5Se8,
mp-505310,Sr3Fe2Cu2S2O5,
mp-616710,CaMnF5,
mp-561907,Cs2AgF4,
mp-691163,LiFe5O8,
mp-616740,MnCdF5,
mp-690523,Mn2NiO4,
mp-561742,Na3CoO3,
mp-623449,MnCrF5,
mp-690124,Fe2CoO4,
mp-585360,LiCoPO4,
mp-36465,Al2FeO4,
mp-1029943,Ca3GaN3,79.8660599
mp-1029610,Ca3CoN3,79.41762167
mp-690121,Zn(FeO2)2,
mp-1020108,LiCaMgSiN3,
mp-690563,Co2NiO4,
mp-690496,Co5RuO8,
mp-690533,Fe5CuO8,
mp-584693,LiCuPO4,
mp-558787,CoHgC4(SN)4,
mp-7191,Sr3GaN3,61.0892627
mp-12906,Sr3CrN3,40.06504468
mp-6179,KLiSO4,34.98062954
mp-505740,Eu2GeSe4,
mp-758192,LiCuPO4,
mp-1023132,K2Cu(ClF)2,18.65961429
mp-9798,Rb(SbSe2)2,
mp-763930,LiCo5O3F5,
mp-764203,Li3Co3OF7,
mp-861938,KLaSiS4,
mp-775228,LiFeSiO4,
mp-779546,Cs3DyO3,
mp-21903,KEuGeS4,
mvc-545,BaCa(AgO2)4,
mp-765397,Li3V3O3F5,
mp-29777,Er2Ge5,
mvc-7259,Ca(AgO2)2,
mvc-3279,VPO5,
mvc-12571,ZnCr2O4,
mp-28657,Na2MgCl4,
mp-17381,Y3Ge4,
mp-8890,Cs(SbS2)2,
mp-616900,Zn(InS2)2,
mp-753923,Cs3HoO3,
mp-22621,LaTiAgO4,
mp-674493,In2NiS4,
mp-1075120,Mg3Si4,
mp-1075184,Mg3Si4,
mp-1075190,Mg3Si4,
mp-626421,Yb(HO)3,
mp-636380,Li(MoO2)2,
mp-38683,Co2NiO4,159.9181671
mvc-11663,Y(NiO2)2,
mvc-12526,Mg(NiO2)2,
mvc-15332,Ca(NiO2)2,
mvc-16217,ZnBiF5,
mvc-16411,CaSbF5,
mvc-4299,Al(SnO2)2,128.2014
mvc-5993,Mg(SnO2)2,
mp-763883,Li2Mn4O5F3,
mp-13630,Rb3NaBe2F8,
mp-1711,Er3Ge4,
mp-22570,Mg5In2,
mp-771747,Li2V3FeO8,
mp-33461,Li3Mn3O8,
mp-28571,La2Br5,
mp-37521,Nd2USe4,
mp-3501,Er(Fe2Ge)2,
mp-22295,Ca(Cu2P)2,
mvc-12096,Ca(NiO2)2,
mp-582635,U6Co,
mp-33737,Mn3Cu3O8,
mp-30510,Ce(Ni2Sn)2,
mp-33339,Ba3Ti3O8,
mp-34783,Ga2CuO4,
mp-36069,Co2TcO4,
mp-35197,Sm(SbTe2)2,
mp-690519,Ti(CoO2)2,
mvc-16626,Al(FeS2)2,
mp-25473,CoPO4F,
mp-34263,Mn2TcO4,
mp-35690,Co5RuO8,
mp-36150,Sm2TmS4,
mp-1075031,Mg3Si4,
mvc-672,Ba2YSb3O8,
mvc-22,Mg(MnS2)2,
mvc-11666,Mn2AlO4,
mp-34175,Ce2CdSe4,
mp-34433,Mg2TcO4,
mp-34987,Sm(DyS2)2,
mp-36088,La5SmS8,
mp-34501,Fe2CoO4,
mp-39091,Co2CuO4,
mvc-16659,Ca(TiS2)2,
mp-36921,Mn2CuO4,
mvc-16755,Li(CrS2)2,
mp-25518,FePO4F,
mvc-12386,Ca(FeO2)2,
mp-1029719,Ca3MoN3,56.09939236
mvc-677,Ba2YBi3O8,
mp-31664,LiCrPO4,
mp-570271,Ti4FeBi2,
mp-23508,Rb2CuCl4,
mp-24083,Th2AlH4,
mvc-16745,Li(NiS2)2,
mp-28779,USbO5,
mp-608317,As(CN)3,
mp-762796,LiFeSiO4,
mp-568928,Rb2FeI4,
mp-20405,V2Ga5,
mp-34913,Nd5ErS8,
mp-29824,La3RuI3,
mp-569743,Ti4MnBi2,
mp-1074287,Mg4Si3,
mp-35432,Cr2FeO4,
mp-570734,Pr3Pt4,
mvc-16593,Y(FeS2)2,
mp-25201,Bi(PdO2)2,
mp-35651,La2USe4,
mp-34563,Mn2CuO4,
mp-37045,Ce2SmS4,
mp-37693,Nd2EuS4,
mp-655448,Dy3Ge4,
mvc-5491,Mg(SnO2)2,
mvc-16740,Li(CoS2)2,
mp-34586,Co2RuO4,
mp-37386,La2SmS4,
mp-36515,Pr2USe4,
mp-38292,Sm(BiTe2)2,
mp-33560,Ca(CeS2)2,
mp-1101049,Ti5TlS8,
mp-561701,Cs7Au5O2,
mp-867737,LaMgI5,
mp-868619,LiMnVO4,
mp-767659,Li3MnFe3O8,
mp-705548,Fe7O8,
mp-984698,Ca3Pt2,
mp-695771,Eu(Ni3S4)2,
mp-696746,B4C,226.5683904
mp-1031026,RbLiMg6O7,
mp-764370,LiCoF3,
mp-8530,Ca(Mo3S4)2,
mp-1031296,KNaMg6O7,
mp-8469,Li8IrO6,
mp-6710,Ba2Tm(CuO2)4,
mp-686710,NiH6C2(SN2)2,
mp-6583,Ba2Er(CuO2)4,
mp-6474,Ba3MgNb2O9,
mp-780821,Li3VCr3O8,
mp-675546,Cr4Cu3Te8,
mp-764947,RbV4O10,
mp-780743,Li3Cr2(NiO4)2,
mp-763184,Li3Cr3CoO8,
mp-8424,Li8PrO6,
mp-1031178,LiMg6BO7,
mp-6325,Ba3MgTa2O9,
mp-978640,Sm(Mo3S4)2,
mp-862539,BH6CN3F4,
mp-780588,Li3MnCr3O8,
mp-762583,Li3MnNi3O8,
mp-1031324,KLiMg6O7,
mp-1033728,RbHfMg6O7,
mp-6790,Ba2Y(CuO2)4,
mp-6789,Ba2Y(CuO2)4,
mp-6779,Ba2Pr(CuO2)4,
mp-764897,Li8NiO5F,
mp-771072,Li3V3FeO8,
mp-764850,Li3(NiO2)4,
mp-7980,Ba3SrTa2O9,
mp-764768,Li7(CoO3)2,
mp-755032,Cu3(TeO5)2,
mp-754638,Na4Ti3O8,
mp-767320,Li3Co2(SiO4)2,
mp-685969,Ag8GeTe6,
mp-1030690,NaMg6BO7,
mp-15074,Sr(PIr)2,
mp-696673,Cr7Se8,
mp-674310,Cr4Cu3Se8,
mp-771462,Li3MnFe3O8,
mp-778336,LiMnVP2(O4F)2,
mp-775127,Li4Fe3O8,93.86560698
mp-675326,Nb4IrSe10,
mp-777635,LiVFeP2(O4F)2,
mp-777323,Li3Fe2(CoO4)2,
mp-1031185,LiMg6BO7,
mp-676499,Cu6PbO8,
mp-676489,Ce(Mo3S4)2,
mp-773230,Li3MnV3O8,
mp-1031116,LiMg6BO7,
mp-758836,Li4Ti3O8,
mp-767942,Li3Fe3CoO8,
mp-685066,US2,
mp-1031332,KLiMg6O7,
mp-1031257,KMg6BO7,
mp-676259,La(Mo3Se4)2,
mvc-12792,ZnCr2F12,
mp-622472,NaZr2NiF11,
mp-780751,Li3Mn2Cr2O8,
mp-626104,U3(HO5)2,
mp-510002,K2Sn(HO)6,
mp-1030743,NaMg6BO7,
mp-620979,CsNiF3,
mp-771609,LiTiV3O10,
mvc-12009,MgCr2F12,
mp-6205,Ba2Ho(CuO2)4,
mp-685105,SiO4,
mp-647924,Eu2O3,106
mp-8736,Sr(Mo3S4)2,
mp-684949,Ca2F,
mp-868354,Li3MnV3O8,
mp-675769,Ce(Mo3Se4)2,
mp-762704,Li4Fe(SiO4)2,
mp-780557,Li3FeP2HO8,
mp-985587,Al2O3,36.71362269
mp-765438,Li3Cr3CoO8,
mp-643084,Gd2O3,
mp-633158,NaTeH6O6F,
mp-675647,Hg(Mo3S4)2,
mp-677237,Y3U2O10,
mp-675553,Ag(Mo3S4)2,
mp-3835,Ba(Mo3S4)2,
mp-3043,Sr(Mo3S4)2,
mp-2945,Yb(Mo3S4)2,
mp-5773,BaRuO3,105.0520885
mp-676517,La3U2O10,
mp-765682,Li3V3CrO8,
mp-675770,Nd3U2O10,
mp-676799,Ag8GeTe6,
mp-704778,NaHf2VF11,
mp-861962,BaSb2F12,
mvc-14383,CaCr2F12,
mp-675637,Ge5(Te4As)2,
mp-5716,Ba(Mo3S4)2,
mp-1031024,CsLiMg6O7,
mp-755368,Zr2N2O,
mp-764849,Li8Fe(O2F)2,
mp-755314,Hf2N2O,
mp-764983,Li3VCr3O8,
mp-764781,Li3(CoO2)4,
mp-770582,Li8CrO6,
mp-764755,NaV4O10,
mp-8035,B4C,
mp-755266,Li4Ti3O8,
mp-1030738,NaMg6BO7,
mp-771210,Li3CrFe3O8,
mp-753517,SrBi5O9,
mp-764452,Li3Co2(SiO4)2,
mp-780153,Li8FeO5F,
mp-753357,SrBi5O9,
mp-764373,LiFeF3,
mp-753102,La2Bi4O9,
mp-753055,TbBi5O9,
mp-12832,Ba3CaRu2O9,
mp-753069,LaBi5O9,
mp-780086,Li8Mn(O2F)2,
mp-762034,Li2Co2P2O9,
mp-690120,La3(MoO5)2,
mp-752943,Li4Cu(PO4)2,
mp-1033562,NaHfMg6O7,
mp-706269,MgNb5O9,
mp-779983,Li7(CoO3)2,
mp-771689,Li3FeCu3O8,
mp-775320,Li4V3O8,
mp-771714,Li3MnNi3O8,
mp-1030911,NaLiMg6O7,
mp-779959,Li3Co2(NiO4)2,
mp-767363,Li3Mn2(FeO4)2,
mp-676555,Ag8GeTe6,
mp-868574,LiVCrP2(O4F)2,
mp-684617,Bi2O3,
mp-775205,Li3MnP2HO8,
mp-764059,Li8Co(O2F)2,
mp-769967,Li3NbV3O8,
mp-643052,CuH6(NO)4,
mp-767301,Li3Co2(SiO4)2,
mp-576,B13C2,222.3853638
mp-771672,Li3VCr3O8,
mp-779692,Ti7O8,
mp-863747,K4P2PdS8,
mp-4527,Li8SnO6,
mp-763892,Li3Co2(GeO4)2,
mp-774697,Li8NbO6,
mp-779236,Li3VP2HO8,
mp-763843,Li5Cr2O8,
mp-773242,Li3V3CoO8,
mp-764806,Li3CrCo3O8,
mp-755289,Li3Y3ZrO8,
mp-767026,Li8MnO5F,
mp-774070,Li3Si2(NiO4)2,
mp-779153,Li3Mn2(CoO4)2,
mp-763752,Li3Mn2(NiO4)2,
mp-23336,CsMnCl3,
mp-865213,Ba8Bi4H2O,
mp-760084,Cu8O7,
mp-763739,Li3Fe2(SiO4)2,
mp-8610,Li8PtO6,
mp-763729,Li3NbFe3O8,
mp-760052,Hf2N2O,
mp-622496,NaMnCr(CN)6,
mp-766870,Mn5O9F,
mp-763689,Li3(FeO2)4,
mp-766851,Li4V(PO4)2,
mp-766797,Li3Mn2(CoO4)2,
mp-763659,Li3V2(FeO4)2,
mp-567219,Li4Ca3(SiN3)2,
mp-764386,Li6Mn(FeO3)2,
mp-770960,Li3TiV3O8,
mp-753268,Li6CuF8,
mp-753131,Li3Ti4O8,
mp-772324,Li3MgNi3O8,
mp-853169,Li8CoO5F,
mp-853159,Li7(CoO3)2,
mp-775622,Li3MnCo3O8,
mp-1031307,KLiMg6O7,
mp-690551,Li4Mo3O8,
mp-780020,Li3Cr3FeO8,
mp-780017,Li3Cr2(FeO4)2,
mp-763510,LiFe2(CO3)3,
mp-778583,Li3Mn2(CoO4)2,
mp-761991,Li3Fe3SiO8,
mp-768051,Li3TiCo3O8,
mp-764758,Li6MnF8,
mp-600864,Ba3Nb2CoO9,
mp-761891,Li3Ti4O8,
mp-767412,Li3(CoS2)4,
mp-763418,Li2Fe3O10,
mp-767329,Li3TiCr3O8,
mp-773356,Li8VO6,
mp-753853,U4BiO10,
mp-777698,V2O3,
mp-753139,Li6CuF8,
mp-850922,Li3Fe2(SiO4)2,
mp-765796,Li3Mn3CoO8,
mp-1031389,KRbMg6O7,
mp-771983,Li3FeNi3O8,
mp-767193,Mn7O7F,
mp-767944,Li3Co3NiO8,
mp-752879,Li3Ti4O8,
mp-1033572,NaHfMg6O7,
mp-763760,Li3TiNi3O8,
mp-763710,Li3Mn4O8,
mp-570761,Mn2Os(CN)6,
mp-863869,Li3Mn3FeO8,
mp-1031048,CsLiMg6O7,
mp-770456,Li6Ti2O7,
mp-863850,Li3Mn3NiO8,
mp-763633,Li3Ti2(NiO4)2,
mp-632706,ZnH8(N2Cl)2,
mp-763750,Li3(CoO2)4,
mp-763577,Li3Ti2V2O8,
mp-778695,Li3Co3NiO8,
mp-770877,Li3Cr3NiO8,
mp-28487,Ge5(Te4As)2,
mp-769966,Li3TiFe3O8,
mp-21498,FeNi2(CN)6,
mp-17391,Sm3Rh2,
mp-17424,TmGa3Ru,
mp-29981,Nb7(BC)4,
mp-28613,LiBPt3,
mp-764279,Li3MnV3O8,
mp-772510,YTh4O10,
mp-28633,Re(TeCl6)2,
mp-27125,Na6MnCl8,
mp-21109,LaAl4,
mp-27173,P4Ru,
mp-23440,Y6C2I7,
mp-28712,Si2Hg6O7,
mp-771288,Li3Cr4O8,
mp-27236,Sb2I2F11,
mp-772353,Li4Cr3O8,
mp-30180,Al4Mo,111.2979923
mp-28828,Li6FeCl8,
mp-27330,La3(OsO5)2,
mp-28865,Os(SCl6)2,
mp-28866,Te2OsCl12,
mp-23751,CsMgH3,
mp-1030968,KHfMg6O7,
mp-30254,Ba3(LiSn2)4,
mp-780643,Li3MnCu3O8,
mp-22037,Cu6PbO8,
mp-28965,AgBi2F12,
mp-30336,Al4W,116.5643674
mp-20509,Ba2Y(CuO2)4,
mp-20511,In(Mo3Se4)2,
mp-30357,Sr3Ag2,21.1316754
mp-773235,Li3Fe3NiO8,
mp-29008,Li6MgBr8,
mp-8611,Li8CeO6,
mp-1033624,RbMg6BO7,
mp-30421,Sr3Au2,
mp-505391,Li6CoCl8,
mp-1033590,NaHfMg6O7,
mp-29167,Sr(NiP)2,
mp-29211,V4Cu3S8,
mp-22413,FeCu2(CN)6,
mp-29250,Li6VCl8,
mp-29326,La3(ReO5)2,
mp-18462,TbGa3Os,
mp-39072,Na3(CoO2)4,
mp-1031098,LiHfMg6O7,
mp-306,B2O3,33.1776863
mp-18738,Nd4Ni3O8,
mp-11168,Ca(PIr)2,
mp-770070,Li3TiCr3O8,
mp-18842,TlV4O10,
mp-559126,NaZr2CuF11,
mp-5336,Sn(Mo3S4)2,
mp-534,B13N2,242.8185427
mp-542621,TaSe2,
mp-567191,CaAlSi,55.37577789
mp-567199,PbI2,
mp-567278,Sr(Si3N4)2,147.6806486
mp-567359,CdI2,
mp-567371,Sr3Li4(GeN3)2,
mp-569318,PuNi4,
mp-770587,Li3Cr3CuO8,
mp-556995,Nd2O3,
mp-8425,Li8TbO6,
mp-851026,Li3CrNi3O8,
mp-763428,Li3Fe3CoO8,
mp-773368,Li3Cr3SiO8,
mp-1099242,CsLiMg6O7,
mp-773270,LiV3CoO10,
mp-765909,Li3SiNi3O8,
mp-978496,SiB4,138.4101238
mp-850280,Na8SnO6,
mp-765862,Li8Ni(O2F)2,
mp-762866,Li3MnCo3O8,
mp-1031271,KMg6BO7,
mp-762821,Li3Ti3VO8,
mp-850106,Li3(NiO2)4,
mp-769924,Li3TiMn3O8,
mp-765837,Li8VO5F,
mp-756213,Li8BiS6,
mp-772822,Li3Cu3TeO8,
mp-1099221,CsMg6BO7,
mp-762778,Li3FeNi3O8,
mp-773114,Ce2U3O10,
mp-762710,Li3VFe3O8,
mp-769728,Li3Mn4O8,
mp-769727,Li3(NiO2)4,
mp-755947,Li3(CrS2)4,
mp-616694,CsCoF3,
mp-756428,LaTh4O10,
mp-1030787,CsNaMg6O7,
mp-762851,Li3Co2(SiO4)2,
mp-761295,MnCd6O8,
mp-32939,Fe7O8,
mp-754586,Li8BiO6,
mp-762840,Li3CrP2HO8,
mp-772345,Li4Mn3O8,
mp-850135,Li3V2Cr2O8,
mp-765494,Li3Ti2(NiO4)2,
mp-762552,Li3NbNi3O8,
mp-772577,Li3Ni3SbO8,
mp-764718,Li3(FeO2)4,
mp-761765,Li3Mn3SiO8,
mp-760536,CuCO3,
mp-777152,Li3Co2(GeO4)2,
mp-850079,Li3Fe4O3F5,
mp-632760,Na2H6PtO6,
mp-853206,Li3(CoO2)4,
mp-758835,Na(Cu3O4)2,119.1833318
mp-765689,Li4Co3(OF3)2,
mp-773297,Li3Ti3CrO8,
mp-771915,Li3Mn3WO8,
mp-754266,Li8TiS6,
mp-754227,Li8NbS6,
mp-762702,Li3Ti2(FeO4)2,
mp-771851,Li3Mn3TeO8,
mp-771845,Li3Mn3SbO8,
mp-765804,Li6VF8,
mp-772060,Li3NbFe3O8,
mp-755615,Li3Ti4O8,
mp-643801,K2H6PbO6,
mp-643788,Na2Sn(HO)6,
mp-769761,Mn(Cu3O4)2,
mp-762635,Li3Mn3NiO8,
mp-7249,Ba3Nb2ZnO9,
mp-1031144,LiHfMg6O7,
mp-571655,B4C,
mp-567650,Mn2Fe(CN)6,
mp-769624,Li3Co3CuO8,
mp-755610,Ba6HfO8,
mp-755556,Ba6ZrO8,
mp-765772,V3OF11,
mp-763114,Li3Cr2(CoO4)2,
mp-768171,Li8SbS6,
mp-755421,Ca6HfO8,
mp-763079,Li3FeCo3O8,
mp-765506,Li4Ni3(OF3)2,
mp-643896,Na2Hf(HO)6,
mp-600001,SiO2,
mp-772479,Mn3V2O10,
mp-768018,Li2Ti4VO8,
mp-696616,MnH8(N2Cl)2,
mp-569321,Mn2Ru(CN)6,
mp-673624,MgNb2(PbO3)3,76.73143059
mp-772250,Li8FeO6,
mp-767980,Li3Fe3NiO8,
mp-850480,Li3CrCo3O8,
mp-781767,Li3Fe2(CuO4)2,
mp-772208,Li3Co3SbO8,
mp-1020016,Li4Ca2Mg(SiN3)2,
mp-772126,Li4Fe(PO4)2,
mp-781664,Li3Ti2(CoO4)2,
mp-774127,Li3Mn4O8,
mp-555052,MnSb2F12,
mp-561353,NaZr2MnF11,
mp-567771,Ba(Si3N4)2,152.2557766
mp-622448,NaZr2CoF11,
mp-561400,NaZr2AgF11,
mp-561412,CaCO3,75.01064417
mp-540546,Er3Ni2,
mp-568172,Ca3N2,
mp-568228,RbLaSi(CN2)4,
mp-1031240,KMg6BO7,
mp-555159,Pr2O3,
mp-557458,NaZr2CoF11,
mp-557597,K2Ca(NO2)4,
mp-561599,Ba3Nb2CoO9,
mp-559633,Cu6PbO8,
mp-557691,La2O3,
mp-554457,Ho(Mo3S4)2,
mp-22538,Li8PbO6,
mp-579544,Ca6Cu2Sn7,
mp-554765,BaSb2F12,
mp-558256,Li3Ti4O8,
mp-773273,Li3VFe3O8,
mp-555458,Ba4Fe2S4I5,
mp-558336,Ho2O3,
mp-558441,NaZr2VF11,
mp-558573,Y2O3,
mp-540938,Pb5(IF4)2,
mp-558748,Sc2O3,
mp-1030758,RbNaMg6O7,
mp-761656,Li4Co(PO4)2,
mp-754505,SrTaNO2,
mp-754182,TbZr4O10,
mp-767955,Li3Fe2(NiO4)2,
mp-761573,Li4Mn(PO4)2,
mp-764551,Li4Fe3(OF3)2,
mp-1030699,NaMg6BO7,
mp-1031661,KRbMg6O7,
mp-643658,Na3MgP2HO8,
mp-1031596,CsNaMg6O7,
mp-752922,Li8HfO6,
mp-627401,CdI2,
mp-1031453,KNaMg6O7,
mp-1031421,KNaMg6O7,
mp-1031383,KRbMg6O7,
mp-1031367,KLiMg6O7,
mp-1030924,NaLiMg6O7,
mp-849511,VO2,
mp-753883,La4Bi2O9,
mp-570514,Cd2Fe(CN)6,
mp-1031270,KRbMg6O7,
mp-1031259,CsKMg6O7,
mp-565208,Li2U(MoO5)2,
mp-21239,FePb2(CN)6,
mp-555574,Dy2O3,
mp-584116,Bi3(PO5)2,
mp-765439,Li3CoNi3O8,
mp-853144,Li3Cr3FeO8,
mp-32310,Ba3Ta2NiO9,
mp-541187,Al8C3N4,
mp-555821,Na4Cu(AsO4)2,
mp-6885,Ba2CaTl2(CuO4)2,
mp-1033263,HfMg6BO7,
mp-570443,Tl2CN2,
mp-780046,Li8WO6,
mp-770260,Li8MnO6,
mp-570472,CdI2,
mp-570511,CdI2,
mp-554669,Ba3Ta2CdO9,
mp-570559,CdI2,
mp-1033656,RbMg6BO7,
mp-1030747,RbNaMg6O7,
mp-505752,CsMnCr(CN)6,
mp-560387,Cs2Al2P2O9,
mp-570700,Hf3Tl2(CuSe4)2,
mp-1031012,NaLiMg6O7,
mp-1033591,NaHfMg6O7,
mp-566426,La4Ni3O8,131
mp-561149,Ce2O3,
mp-510766,MnBO3,
mp-556477,Lu2O3,
mp-556134,NaZr2FeF11,
mp-561185,Cs2Sn2Hg3S8,
mp-556584,Pm2O3,
mp-556253,Tm2O3,156.2791663
mp-566026,V2Ni(TeO5)2,
mp-1031043,RbLiMg6O7,
mp-752473,SmTh4O10,
mp-866951,CaSnS3,
mp-554121,NaHf2VF11,
mp-18840,BaMnO3,
mp-554702,NaZr2NiF11,
mp-1031107,LiHfMg6O7,
mp-3627,Eu(Mo3S4)2,
mp-1033223,HfMg6BO7,
mp-489,Ge4Ir,108.5409373
mp-1033833,CsRbMg6O7,
mp-1031127,RbLiMg6O7,
mp-1031091,RbLiMg6O7,
mp-1031065,KHfMg6O7,
mp-1031039,KHfMg6O7,
mp-625930,V3(HO2)4,
mp-696878,K3CaP2HO8,
mp-625855,V3(HO2)4,
mp-1030980,RbNaMg6O7,
mp-768006,Li4Mn3(OF3)2,
mp-1033722,RbHfMg6O7,
mp-1033715,CsHfMg6O7,
mp-767996,Li3Fe2(SiO4)2,
mp-1033689,RbMg6BO7,
mp-767982,Li3Mn2(SiO4)2,
mp-626114,U3(HO5)2,
mp-626062,U3(HO5)2,
mp-1033679,RbHfMg6O7,
mp-1033667,RbHfMg6O7,
mp-1030794,RbNaMg6O7,
mp-1033650,CsRbMg6O7,
mp-1033646,RbHfMg6O7,
mp-690504,Li3V4O8,
mp-19239,Mg6MnO8,
mp-1033374,HfMg6BO7,
mp-19442,Mn(Ni3O4)2,159.9143186
mp-1099225,CsMg6BO7,
mp-6691,Ba2Dy(CuO2)4,
mp-27814,CS14,
mp-767943,Li3FeCo3O8,
mvc-16325,Sr2CaCu2(BiO4)2,
mp-1031103,LiHfMg6O7,
mvc-16814,Li3Mn4O8,
mvc-16810,Li3(NiO2)4,
mvc-16807,Li3(CoO2)4,
mp-767143,Li4Mn3O5F3,
mvc-16044,Sr4MgCr2(SO3)2,
mvc-16045,Sr4CaCr2(SO3)2,
mvc-16050,Sr4MgFe2(SO3)2,
mvc-16049,CaV4O10,
mvc-16057,Sr4CaFe2(SO3)2,
mvc-16058,MgV4O10,
mvc-16060,CaV4O10,
mvc-16061,MgV4O10,
mp-555731,SrGeO3,
mvc-16055,Sr4CaMn2(SO3)2,
mvc-16043,Sr4CaCo2(SO3)2,
mvc-16059,Sr4MgCo2(SO3)2,
mvc-16041,Ca3(TiS2)4,
mp-1031292,KNaMg6O7,
mp-769726,Li3(FeO2)4,103.4534795
mp-865734,Li5(Cu2P3)2,
mp-772131,Li3Fe3SbO8,
mp-21231,FeSn2(CN)6,
mp-1031273,KMg6BO7,
mp-1030910,NaLiMg6O7,
mp-1029699,Cs2CN2,
mp-690591,Na3(CoO2)4,
mp-622505,NaZr2FeF11,
mp-16291,NaZr2PdF11,
mp-13862,B13P2,
mp-14651,Zr2AgPdF11,
mp-14653,AgSb2F12,
mp-12612,Ba3Ag2,
mp-15039,Ba2Yb(CuO2)4,
mp-15056,NaZr2TiF11,
mp-15141,NaZr2ZnF11,
mp-11131,K2Hg3(GeS4)2,
mp-12958,BaSiO3,
mp-755225,Li8ZrO6,94.34372366
mp-1745,Sm2O3,
mp-771986,Li4Fe3O8,91.45784703
mp-2457,Tb2O3,
mp-2460,Er2O3,152.4379091
mp-1031160,LiMg6BO7,
mp-568932,Cd2Os(CN)6,
mp-27970,K2CdN12,
mp-32958,Sm2F,
mp-28022,Na6CdCl8,
mp-22721,Mo6PbSe8,
mp-1099243,CsLiMg6O7,
mp-28153,Ca(AuF6)2,
mp-771398,Li3Fe3CuO8,
mp-28796,Sr5(AuO4)2,
mp-29683,Sr2Ru3O10,
mp-21386,Eu(PIr)2,
mp-28375,Ta2AgF12,
mp-27487,Li2ThN2,
mp-21338,U(Mo3S4)2,
mp-772334,Li3Fe3TeO8,
mp-34126,Cu4SnP10,
mp-13369,Ba3CaIr2O9,
mp-22015,FeCo2(CN)6,
mp-863856,Li3Cr3FeO8,
mp-772004,Li3Co3TeO8,
mp-1033632,RbMg6BO7,
mp-1030967,KHfMg6O7,
mp-1031286,KRbMg6O7,
mp-1033290,HfMg6BO7,
mp-861850,Li3CuNi3O8,
mp-771788,Li4V3O8,
mp-1096898,Cr3N2,
mp-767168,Li3TiV3O8,
mp-1098247,RbHfMg6O7,
mp-1098010,Li2Eu5O8,
mp-1098281,CsMg6BO7,
mp-629044,MnSb2F12,
mp-622502,NaZr2MnF11,
mp-1098107,CsNaMg6O7,
mp-2856,Mn4Al11,125.4117321
mp-638406,Ba3MnNb2O9,
mp-760690,Li8TeO6,
mp-568373,Cd2Ru(CN)6,
mvc-14983,ZnCu4(SnSe4)2,
mvc-16056,V4ZnO10,
mvc-16062,V4ZnO10,
mp-558650,UCu2(PO5)2,
mp-1029784,Rb2CN2,25.74793835
mp-555066,Mo6PbS8,
mp-32905,Cu8O7,
mp-867268,K4P2PdS8,
mp-984872,CsPb2Cl5,
mp-7571,KNbF6,
mp-1032493,Mg6ZnCdO8,
mp-1031492,Mg6NbSnO8,
mp-983327,KH4O2F,
mp-9605,Hf3Si3Ni2,
mp-971669,FeSb3,81.82187884
mp-1094256,Y3Sn,
mp-6955,KGeNO,
mp-971632,GaP,
mp-9516,Al2SiO5,
mp-9515,Al2SiO5,
mp-9442,Dy3Fe2Si3,
mp-768269,Li3SbS4,
mp-9425,Sr2GaCuSO3,
mp-9371,ErF3,72.24116197
mp-9353,Dy5Ni2Sb,
mp-672368,UVN2,
mp-765398,Li2Fe2(CO3)3,
mp-672326,In3Ru,
mp-672314,Mg3In,
mp-8261,Ba3Yb4O9,
mp-8232,BaZrF6,
mp-7020,LiYO2,
mp-1032306,SrMg6CoO8,
mp-771459,Li4CrNi3O8,
mp-672204,Ga3Ru,
mp-669556,Pu5Pt3,
mp-9212,NaAlO2,81.25775432
mp-7384,SmF3,112
mp-9197,Li3AsO4,
mp-7943,LiAs,
mp-6680,RbCa2Ta3O10,
mp-9167,SrCN2,
mp-7372,ZnAs,
mp-9066,NaLi2AsO4,
mp-7561,SrPd3O4,
mp-7310,ZrPbF6,
mp-8974,Ba3Dy4O9,
mp-8958,RbPd2F5,
mp-18830,Fe2PO5,
mp-980757,Sm5Sb3,
mp-7810,UVC2,
mp-1094614,MgGa3,
mp-1033209,HfMg6CO8,
mp-1031256,KMg6GaO8,
mp-780857,Li2VOF4,
mp-6573,CoAg3(CN)6,
mp-8774,Rb3CO3F,
mp-8773,K3CO3F,
mp-780833,Li2MnSiO4,
mp-771711,Li4V3CoO8,
mp-568943,KCSeN,
mp-8182,As3Rh,116.0571717
mvc-134,ZnFe2S5,
mp-1032546,HfMg6ZnO8,
mp-1094388,MgTi,
mp-979912,Yb5Sn3,
mp-764958,Li2CoSiO4,
mp-1032958,CaMg6VO8,
mp-853146,Li4VCr3O8,
mp-1030927,KMg6CO8,
mvc-12752,MoO3,
mp-1031359,HfMg6TiO8,
mp-9793,Ba3BAsO3,
mp-1033645,RbMg6CrO8,
mp-559893,LiBi(PdO2)2,
mvc-12566,ZnNi2O5,
mp-771635,Li2NbVO4,
mp-976707,H4CN2O,
mvc-12542,CaMn2O5,
mvc-12546,Mn2ZnO5,
mvc-12368,CaTi2O5,
mp-570483,V5Si3,183.6948278
mvc-12148,MgNi2O5,
mp-7137,LiTbO2,
mp-771615,Li2TiVO4,
mp-771614,LiVO2,
mp-1033115,Mg6AlCoO8,
mvc-12054,CaFe2O5,
mvc-12046,MgCo2O5,
mp-1030677,NaMg6SbO8,
mvc-12031,MgFe2O5,83.4156251
mp-1039454,Ca3Zn,
mvc-11982,CaCr2O5,
mvc-11970,V2ZnO5,
mvc-11965,MgMn2O5,
mp-675446,NaRuO2,
mvc-11964,CaCo2O5,
mvc-11960,MgV2O5,82.79996887
mp-1032403,LiMg6MnO8,
mp-769801,Li2AlCoO4,
mp-7331,Cs2MgFe(CN)6,
mp-6854,Cs2LiMn(CN)6,
mp-1032864,Mg6MnCoO8,
mp-1032138,Mg6CrFeO8,
mp-6476,Ag3SeNO3,
mp-1099232,Mg6FeNiO8,
mp-756009,NaCu3O4,
mp-1094471,MgZr3,
mp-1032271,Mg6CdCuO8,
mp-1032002,Mg6ZnSiO8,
mvc-11134,MgTi2O5,
mp-780593,VO2F,
mp-8184,Li2ZnGeO4,
mp-1032800,Mg6MnNbO8,
mp-1032216,NaMg6CoO8,
mp-6533,NaLu(Pd3O4)2,
mp-8683,K5As2Au,
mp-780549,LiFe2O2F3,
mp-780545,Na3VO4,45.37137758
mp-771920,Li4Fe3CoO8,
mp-762507,Li2CrNiO4,
mp-782683,LiFe2O2F3,
mp-782680,VO2F,
mp-1031606,Mg6VCdO8,
mp-757430,Li2CuPO4,
mp-675111,CeAgP2,
mp-1032893,CaMg6ZnO8,
mp-1032293,SrMg6CoO8,
mp-639863,CeGaPd2,
mp-757162,Bi3O4F,
mp-756949,Tm2GeO5,
mvc-5679,TeIrO6,
mvc-5452,CaNi2O5,
mp-30668,Ta5Ga3,
mp-756293,La2HfO5,
mp-8678,NaAlPO4F,
mvc-5219,Ca2CrO5,
mp-9918,LiGe,40
mp-561118,ZnS,
mp-1032837,LiYMg6O8,
mvc-5131,Ca2WO5,
mp-7944,NaSb,
mvc-5120,ReWO6,
mp-754796,NaTmO2,
mp-9909,Ba5Sb3,
mvc-5110,Ca2MoO5,
mvc-5096,WO3,50.10526342
mp-1031881,Mg6TiNiO8,
mp-754399,Na4CuO3,
mp-1032824,Mg6FeSnO8,
mp-9901,Sc3Co2Si3,
mp-637637,CeRhC2,
mvc-4914,CaW2O5,
mp-7798,MgGeN2,147.0389649
mp-685980,NiMo3S4,
mp-753707,Bi3O5,
mp-1033390,Mg6CrCdO8,
mp-696956,CuHClO,
mp-1031901,CaMg6CrO8,
mp-753510,Sb3O4F,
mvc-4727,Ca2TeO5,
mp-753,ZnSb,47.78765874
mp-767003,LiMn2O2F3,
mp-752672,NaDyO2,
mp-766804,VCrP2(HO5)2,
mp-782708,V4(OF3)3,
mp-762337,Li2CuF5,
mp-782703,V4OF11,
mp-1032151,Mg6VCuO8,
mp-1033029,Mg6NbAlO8,
mp-764317,LiMn2F5,
mp-764315,VO2F,
mp-690565,LiCo7O8,
mp-1032148,Mg6CuSnO8,
mp-1032032,YMg6CrO8,
mvc-4413,CaSn2O5,
mp-1033433,SrMg6NbO8,
mp-9588,LiP,41
mvc-4397,CaSb2O5,
mp-1032787,YMg6CoO8,
mp-1032433,NaMg6MnO8,
mp-1033299,Mg6CrBO8,
mp-9538,Ag3AsS4,
mp-1031131,LiMg6SbO8,
mp-1099079,CeMg14Sn,
mp-1031928,CaMg6CrO8,
mp-943492,LiFeSO4F,
mp-1031664,Mg6VSiO8,
mp-8412,LiCeO2,
mp-1033201,Mg6BiCO8,
mp-1031817,Mg6MnVO8,
mp-7441,KP,
mp-766116,VF3,
mp-942702,LiMnSO4F,
mp-942701,LiCoSO4F,
mp-1032202,Mg6VCuO8,
mp-942700,LiNiSO4F,
mp-776810,Li2FeF5,
mp-7440,NaP,27.82547175
mp-1032382,NaMg6FeO8,
mp-638084,DyNiGe2,
mp-8347,BaMnS2,
mp-9359,ZnSi(AgO2)2,
mp-774136,CrPHO5,
mp-8314,Cs2NaAsO4,
mp-569532,TiCu2P,
mp-1033056,SrMg6AlO8,
mp-1031311,Mg6TiCO8,
mp-1094258,Hf3Mg,
mp-672261,Ce3Ru,
mp-1032105,Mg6TiCuO8,
mp-765373,Li5Ni3O5F3,
mp-7593,RbLiF2,
mp-672226,BaMnSi2,
mp-764431,LiMn2F5,
mp-7404,Na3SbO4,
mp-764304,Li4Fe3TeO8,
mp-9815,TaTl(CuS2)2,
mp-1031217,SrMg6TiO8,
mp-1032507,Mg6ZnCrO8,
mp-1031936,YMg6CrO8,
mp-1032174,Mg6NbFeO8,
mp-768017,Li4Co3CuO8,
mp-1032532,Mg6TiFeO8,
mp-9178,CdSe2O5,
mp-685618,FeAgTe2,
mp-1099084,Mg14FeC,
mp-772257,CoPHO5,
mp-7355,Sm2SnS5,
mp-7343,Y3Pt,55.59463722
mp-7342,Sm3Ir,
mp-7373,CdAs,
mp-9003,K2NbCuSe4,
mp-8972,K2TaCuSe4,
mp-9576,KSbSe2,
mp-980752,Sm3Co,
mp-1267,NaC,
mp-14244,Y3Si3Pd2,
mp-8924,Ba2LiFe2N3,
mp-8923,Sr2LiFe2N3,
mp-8901,Rb2VAgS4,
mp-8900,K2VAgS4,
mp-8885,BaCdS2,
mp-9511,K2AsAuS4,
mp-9510,Tl2PAuS4,
mp-9509,K2PAuS4,
mp-1032165,Mg6TiCoO8,
mvc-2911,CaVO2,
mp-1031798,YMg6MnO8,
mp-7444,RbSb,
mp-1031682,Mg6VSiO8,
mp-6599,KNb(CuSe2)2,
mp-1032022,Mg6ZnSiO8,
mp-1032414,LiMg6MnO8,
mp-11014,K2TeOF4,
mp-31219,Si3W5,267.135744
mp-684934,U5O11,
mp-1099116,CeMg14C,
mp-772350,Cr2PO5,
mp-6526,NaGeSbO5,
mvc-13435,MgCoO2,
mp-1031348,KMg6TiO8,
mp-1032122,Mg6CuSnO8,
mp-771673,Li4Fe3NiO8,
mvc-13134,CrO3,
mp-672231,La3Ge3Br2,
mp-1030726,NaMg6WO8,
mvc-12972,Mn2ZnS5,
mp-758179,LiCu2PO4,
mvc-2186,TeO3,
mvc-12733,MgTi2S5,
mvc-12664,MgNiO2,
mvc-12657,MgFeO2,
mvc-12656,ZnNiO2,
mvc-12635,MgCrO2,
mvc-12619,MgCoO2,
mvc-12621,MnZnO2,
mvc-12610,MgVO2,
mp-1032615,Mg6ZnFeO8,
mp-559766,Cs3LiF4,
mvc-12242,VZnO2,
mp-28328,RbI3,
mvc-12662,MgMnO2,
mp-6511,KCSN,
mp-1030730,NaMg6BO8,
mp-771622,Li4TiMn3O8,
mp-771580,Li4Fe3TeO8,
mvc-13741,ZnCrO2,
mvc-12165,MgTiO2,
mp-7800,LiSmO2,
mp-29826,ZnCN2,72.54610228
mp-769807,Li3Cr(FeO2)4,
mp-713,KAs,
mp-780703,LiCu2PO4,
mp-7117,LiAlSe2,
mp-771610,Li4Fe3CoO8,
mp-775790,CrTe(WO6)2,
mvc-15643,WO3,36.9831439
mp-8684,Cs2VAgS4,
mp-978951,SmAl,
mvc-11755,MgV2S5,
mvc-15159,MgCoO2,
mp-6478,LiTaGeO5,
mp-1031146,LiMg6CO8,
mvc-11425,CaNi2S5,
mp-978809,SmAs2Au,
mp-1031676,SrMg6VO8,
mvc-11311,CaV2S5,
mvc-11307,CaCo2S5,
mp-30644,Hf3Nb2Ga3,
mp-1033099,Mg6AlCoO8,
mp-1032714,Mg6MnNbO8,
mvc-14980,CaMn2O5,
mp-1030893,Mg6CrSiO8,
mp-642660,Mg2CoH5,
mp-6809,CaSiSnO5,
mp-770341,Li4AlCr3O8,
mp-14364,Cs2LiAsO4,
mvc-14519,ZnFe2O5,
mvc-14482,Ti2ZnO5,
mp-771529,Li4MnV3O8,
mp-684692,IN3,7.150913693
mp-8573,BaTbF6,
mp-773209,Li3Cr4FeO8,
mp-6015,LiSiNO,
mp-765874,LiV2O2F3,
mp-9781,K3SbS4,
mp-2355,MoN,226.2197074
mp-1032844,NaYMg6O8,
mp-1032771,YMg6CuO8,
mp-771812,Li4FeCu3O8,
mp-5972,CsPd2F5,
mvc-12132,CaTiO2,
mp-6406,Na2MgSiO4,
mp-640095,La3Co,34.76160031
mp-9913,Fe5B2P,
mp-28160,Ca3C3Cl2,
mp-770784,Li3Fe(CoO2)4,
mp-18722,Cs2LiMnO4,
mp-8378,Tl3SbS4,
mp-5709,Tl3PO4,
mp-5854,LiGaO2,
mvc-5150,MgWO2,
mvc-5143,ZnCrO2,
mp-762390,LiV5O10,
mp-3777,BaSiN2,
mp-5637,SrZnO2,90.11284638
mp-5769,Li3SbO4,
mp-1032213,Mg6NbFeO8,
mvc-5033,MoWO6,
mvc-4949,ZnFeO2,
mp-6376,KV(CuS2)2,
mvc-4902,MgNiO2,
mvc-4886,MgVO2,
mvc-4875,MnZnO2,
mvc-4867,CaCuO2,
mvc-4866,MgFeO2,
mvc-14630,ZnCoO2,
mvc-4854,MgCrO2,
mvc-4732,MgCuO2,
mvc-4941,ZnW2O5,
mp-5282,AgCO2,
mvc-4640,ZnCuO2,
mvc-4616,TiZnO2,
mvc-4584,MgTiO2,
mp-6356,Cd2GaAgS4,
mp-762326,Li2CuF5,
mvc-4425,MgSn2O5,
mp-1026427,HfMg14B,
mp-1027830,LaMg14Cu,
mvc-4246,TaReO6,
mp-1026423,Mg14GaBi,
mp-1028114,CaMg14Mo,
mp-1026422,Mg14BiSb,
mp-1028113,KMg14Mn,
mp-1026678,Mg14SiC,
mp-779960,V4O7F5,
mp-1026421,Mg14GaC,
mp-1027823,LiMg14Cu,
mp-1026677,Mg14GaSi,
mp-1028368,NaMg14Ni,
mp-1026420,Mg14GaSb,
mp-1027820,Mg14VCu,
mp-1026419,HfMg14C,
mp-1026676,CsNaMg14,
mp-1028111,CaMg14W,
mp-1027819,Mg14TiCu,
mp-1028366,KMg14Ni,
mp-1026418,HfMg14Sb,
mp-1027816,Mg14CuSn,
mp-1026674,NaSrMg14,
mp-1028109,CaMg14Cr,
mp-1028365,Mg14TiNi,
mp-1027815,KMg14Co,
mp-1026673,RbMg14Mo,
mp-1028108,BaCaMg14,
mp-1026416,Mg14BiC,
mp-1028363,CeMg14Sn,
mp-1027813,HfMg14Fe,
mp-9764,Rb2NbAgSe4,
mp-1028362,Mg14NiSn,
mp-1028361,Mg14VNi,
mp-1028106,CaMg14Nb,
mp-1027810,Mg14FeMo,
mp-1026670,NaMg14Nb,
mp-9763,K2NbCuS4,
mp-1027809,Mg14FeBi,
mp-1028104,LaMg14Mn,
mp-1026412,BaMg14Sn,
mp-1028359,LaMg14Ni,
mp-1027804,Mg14CuNi,
mp-1028103,CeYMg14,
mp-1026411,Mg14SbC,
mp-1026668,HfMg14Si,
mp-1026667,RbNaMg14,
mp-1027792,Mg14FeW,
mp-1028356,Mg14SiNi,
mp-1026666,NaMg14W,
mp-1027791,Mg14NbFe,
mp-1028100,YMg14Co,
mp-1028355,SrMg14Ni,
mp-677647,BaSrCuCO4,
mp-1027789,Mg14CrFe,
mp-1027787,NaMg14Fe,
mp-1028353,CsMg14Ni,
mp-1027786,Mg14FeSb,
mp-1026405,HfMg14Ga,
mp-1027782,Mg14FeB,
mp-1028098,YMg14Ni,
mp-1026661,NaMg14Mo,
mp-1027778,Mg14CdFe,
mp-1032180,KMg6CoO8,
mp-1032839,Mg6MnFeO8,
mp-1026403,Mg14SnMo,
mp-1028097,NaMg14Mn,
mp-1026402,HfMg14Bi,
mp-1028096,Mg14MnSi,
mp-1028349,Mg14NbNi,
mp-1026658,KMg14Ti,
mp-1028348,Mg14NiB,
mp-1027741,LaMg14Co,
mp-30235,Lu3Ge3Ir2,
mp-1026657,NaMg14B,
mp-1028094,YMg14Fe,
mp-1027718,LiMg14Co,
mp-1026656,NaMg14Cr,
mp-1028346,Mg14NiW,
mp-1027684,Mg14TiCo,
mp-1028092,LiMg14Mn,
mp-1026655,NaMg14C,
mp-1028345,Mg14CrNi,
mp-1028344,RbMg14Ni,
mp-1026654,Mg14SnC,
mp-1028343,Mg14NiC,
mvc-3511,MgVO2,
mp-1028090,Mg14TiMn,
mp-1026399,Mg14CrSn,
mvc-5000,CrWO6,
mp-1026652,NaMg14Ga,
mp-1028088,CeMg14Zr,
mp-1026397,Mg14NbSn,
mp-1026396,KLiMg14,
mp-1028340,Mg14NiSb,
mp-1028087,YMg14Cu,
mp-1026650,RbSrMg14,
mp-1026649,NaMg14Bi,
mp-1026394,HfMg14Ti,
mvc-3347,MgCrO2,
mvc-3346,MgTiO2,
mp-1028338,Mg14GaNi,
mp-1028085,YMg14Zr,
mp-1026393,Mg14TiCd,
mp-1028337,HfMg14Ni,
mp-1026392,Mg14TiBi,
mp-1026646,NaMg14Cd,
mp-1026387,Mg14TiGa,
mp-1028082,BaMg14Mn,
mp-1026391,Mg14TiC,
mp-1026390,Mg14TiSb,
mp-1028081,YMg14Zn,
mp-1028080,Mg14MnCd,
mp-1026643,HfMg14Sn,
mp-1026907,Mg14VCo,
mp-1026386,Mg14TiB,
mp-1028331,Mg14CdNi,
mp-1026906,LaCeMg14,
mp-1028077,HfMg14Mn,
mp-1028330,Mg14TiV,
mp-1026385,Mg14TiW,
mp-1028076,Mg14MnC,
mp-1026639,CsRbMg14,
mp-1026384,KRbMg14,
mp-1026383,KMg14Si,
mp-1026903,Mg14CoNi,
mp-1026637,NaMg14Sb,
mp-1026382,KLaMg14,
mvc-15590,MnZnO2,
mp-1026636,NaHfMg14,
mvc-15567,MgFeO2,
mp-1028073,Mg14MnW,
mvc-15568,ZnNiO2,
mp-1026381,KNaMg14,
mp-1026635,CsBaMg14,
mp-1028072,CeMg14Zn,
mp-1028325,Mg14NiBi,
mvc-15519,ZnCoO2,
mp-1028071,Mg14MnBi,
mp-975336,KCSN,
mp-1028323,KMg14V,
mp-1026633,LiMg14Ti,
mp-863692,CsMn(CN)3,
mp-1028069,Mg14MnSb,
mp-1028321,Mg14VSn,
mp-1026896,HfMg14Cu,
mp-1028067,Mg14MnB,
mvc-15407,CaTiO2,
mvc-15401,ZnCuO2,
mvc-15386,MgCuO2,
mp-1026895,Mg14CuBi,
mp-1026629,RbMg14C,
mp-1026628,RbMg14W,
mp-6181,NaNb(CuS2)2,
mvc-15303,ReSbO6,
mp-1026894,Mg14CuSb,
mp-1028318,LaMg14V,
mp-1028063,Mg14MnGa,
mp-1026625,Mg14SnBi,
mp-1026624,RbMg14B,
mp-1028313,LiMg14V,
mp-1026889,BaMg14Cu,
mp-1028312,CsMg14V,
mvc-15152,MnZnO2,
mvc-15128,CaTiO2,
mp-1028059,Mg14MnMo,
mp-1026887,Mg14CuC,
mp-1026622,RbMg14Ga,
mp-1028310,RbMg14V,
mp-1026621,Mg14SnSb,
mp-1026620,RbMg14Cd,
mp-1028057,BaYMg14,
mp-1028308,Mg14VCr,
mp-1026884,Mg14GaCu,
mp-1026619,RbMg14Cr,
mp-1028055,Mg14MnCr,
mp-1031147,Mg6TiSiO8,
mp-1028054,Mg14MnNb,
mp-1028306,LaMg14Sn,
mp-862772,CsNd2CuSe4,
mp-1028053,SrMg14Mn,
mp-1026615,RbMg14Nb,
mp-1028303,NaMg14V,
mp-1028302,Mg14VSi,
mp-1026878,Mg14CuW,
mvc-14775,V2ZnS5,
mp-1026877,Mg14CdCu,
mvc-14774,Ti2ZnS5,
mvc-14773,CaFe2S5,
mp-1028049,SrYMg14,
mp-1028301,Mg14VMo,
mp-861942,Ag2GePbS4,
mp-1026610,RbBaMg14,
mp-861926,KGd2CuSe4,
mp-1026874,Mg14CuB,
mp-1026873,SrMg14Cu,
mp-1028045,LiYMg14,
mp-1026608,RbMg14Bi,
mp-1026872,Mg14CuMo,
mp-1028044,CsYMg14,
mp-1028298,BaMg14V,
mp-1026606,RbMg14Sb,
mp-1028297,Mg14VCr,
mp-1026870,Mg14CoSi,
mp-753600,Bi3O4F,
mp-985594,NaAg(CO2)2,
mp-1026869,Mg14NbCu,
mp-1026604,CsMg14Cr,
mp-1028296,Mg14VGa,
mp-1026868,Mg14CrCu,
mp-1028294,SrMg14V,
mp-6066,NaTaGeO5,
mvc-5312,CaWO2,
mp-985593,NaAg(CO2)2,
mp-1026867,RbMg14Co,
mp-1026601,CsSrMg14,
mp-1026866,CsMg14Cu,
mvc-14455,CaMn2S5,
mvc-5289,MgW2O5,
mp-1028038,RbYMg14,
mp-1028293,Mg14NbV,
mp-1026865,RbMg14Cu,
mp-1028037,NaYMg14,
mp-1028292,Mg14VC,
mp-1026600,CsMg14Mo,
mp-1026864,NaMg14Co,
mp-1028036,YMg14V,
mp-6050,AgCSN,
mp-1026863,Mg14CuSi,
mp-1028035,LaYMg14,
mp-1028034,YMg14Si,
mp-1026862,LiCeMg14,
mp-1028033,KYMg14,
mp-1028032,YMg14Ti,
mvc-5230,CaWO2,
mp-1026598,CsMg14Cd,
mp-1028286,Mg14VCd,
mp-778826,LiFe2F5,
mp-1026858,CsMg14Co,
mvc-5180,CaCrO2,
mp-1026857,NaMg14Cu,
mp-1028028,YMg14Sn,
mp-1026594,RbHfMg14,
mp-1028283,Mg14VB,
mp-1026593,CsMg14W,
mvc-5170,CaVO2,
mp-1028282,Mg14VBi,
mp-1028027,YMg14Mo,
mp-985572,LiAg(CO2)2,
mp-1026591,CsMg14Nb,
mp-1028280,SrMg14Sn,
mp-985571,LiAg(CO2)2,
mp-1028024,YMg14Cd,
mp-6013,KTa(CuSe2)2,
mp-1028279,Mg14VW,
mvc-5157,VZnO2,
mp-1028278,CaCeMg14,
mp-1026851,KMg14Nb,
mp-1028023,YMg14W,
mp-1028277,HfMg14V,
mp-1026588,Mg14SnB,
mp-1026850,RbLiMg14,
mp-1028276,KMg14Sn,
mp-1026849,KBaMg14,
mp-1026587,SrMg14Cr,
mp-1028272,Mg14TiSn,
mp-1032374,NaMg6FeO8,
mp-1026585,Mg14SnW,
mvc-14055,MgCr2S5,
mvc-14054,CaTi2S5,
mp-1026584,Mg14CdSn,
mp-1026845,CsKMg14,
mp-1031114,LiMg6GaO8,
mp-1028271,Mg14VSb,
mp-1028270,Mg14SiSn,
mp-1026844,KSrMg14,
mp-1028015,YMg14Cr,
mp-1026842,LiMg14Si,
mp-1028012,YMg14Nb,
mp-1026579,Mg14GaSn,
mp-1028267,CsMg14Sn,
mp-1028266,Mg14AlCo,
mp-1026839,NaLiMg14,
mp-1028009,Mg14ZnW,
mp-1028265,LiMg14Sn,
mp-1099086,Mg14FeW,
mp-1026838,KMg14Bi,
mp-1028005,Mg14ZnMo,
mp-5942,NaAsS2,
mp-1028263,RbMg14Sn,
mp-1026712,NaMg14Si,
mp-1026837,LiLaMg14,
mp-1026574,SrMg14Ga,
mp-1026836,KHfMg14,
mp-1026834,KMg14Sb,
mp-1026572,CsHfMg14,
mp-1028260,NaMg14Sn,
mp-1028001,Mg14ZnCr,
mp-5603,NbCoTe2,
mp-1026833,KMg14C,
mp-1028000,CsMg14Zn,
mp-1026571,SrMg14Nb,
mp-5586,NaErO2,
mp-1028258,Mg14AlNi,
mp-5737,TbCuS2,
mp-1026569,BaSrMg14,
mp-1028256,Mg14AlV,
mp-1026568,CsMg14Sb,
mp-1028255,Mg14AlSn,
mp-1026567,CsMg14Bi,
mp-1026565,CsMg14C,
mp-1026827,KMg14B,
mp-1026826,KMg14Ga,
mp-1026564,CsMg14Ga,
mp-1028252,CeMg14Al,
mp-1027998,Mg14ZnCu,
mvc-4868,CaSnO2,
mp-1026825,KMg14Mo,
mp-1028250,SrMg14Al,
mp-1026824,KMg14Cd,
mp-1027997,SrMg14Zn,
mp-1026562,CsMg14B,
mp-1026823,CsLiMg14,
mp-1099089,Mg14CoNi,
mp-765931,MnF3,
mp-1026561,SrMg14Sb,
mp-1028249,BaMg14Al,
mp-1027996,Mg14NbZn,
mp-1026822,KMg14W,
mp-1028248,CsMg14Al,
mp-1026560,SrMg14B,
mp-1027995,BaMg14Zn,
mp-1026821,KMg14Cr,
mp-1026559,SrMg14Mo,
mvc-4822,MgBi2O5,
mp-1027994,Mg14ZnCo,
mvc-4767,MgSnO2,
mp-1026820,LiMg14Nb,
mp-1026558,SrMg14W,
mp-1027991,Mg14ZrFe,
mp-1026819,BaLiMg14,
mvc-4676,ZnBi2O5,
mp-1026818,SrLiMg14,
mp-1028244,Mg14AlCu,
mvc-4769,ZnSn2O5,
mp-1026555,SrMg14Cd,
mvc-4668,CaSnO2,
mp-1028243,Mg14NbAl,
mp-1026816,LiMg14Cr,
mp-3199,CuSe2O5,
mp-1026554,BaMg14Mo,
mp-1028241,Mg14AlMo,
mp-636805,Hg2ClO,
mvc-4623,MgSb2O5,
mp-1026813,BaCeMg14,
mp-1028240,Mg14AlCr,
mp-1026812,RbCeMg14,
mp-1026551,SrMg14C,
mp-1028239,RbMg14Al,
mp-1026550,SrMg14Bi,
mvc-4594,ZnSb2O5,
mp-1026810,CeMg14B,
mp-1026549,BaMg14Sb,
mp-1028237,NaMg14Al,
mp-5766,CeCuS2,
mp-1027982,Mg14ZnSn,
mp-5081,SmCuS2,
mp-1027981,Mg14ZnFe,
mp-5756,Cu3PSe4,63.89667644
mp-1028236,Mg14AlBi,
mp-3739,NdCuSe2,
mp-1027979,Mg14ZnNi,
mp-1026546,BaMg14Cr,
mp-1023633,CeMg15,
mp-1026543,BaMg14Nb,
mp-1028232,Mg14AlSb,
mp-1023632,Mg15Fe,
mp-1027975,Mg14VZn,
mp-1027974,LaMg14Fe,
mp-1026801,LiMg14B,
mp-1027973,RbMg14Zn,
mp-1028229,Mg14AlC,
mp-1023624,Mg15Co,
mp-1026799,LiMg14Cd,
mp-1028227,Mg14AlB,
mp-1026798,CeMg14C,
mp-1026536,SrHfMg14,
mp-1023622,Mg15Ni,
mp-1027966,Mg14ZrZn,
mp-1026535,Mg14NbCr,
mp-1026795,LiMg14W,
mp-1026534,Mg14NbC,
mp-1028222,Mg14AlGa,
mp-1023619,Mg15Zr,
mp-1026794,LiMg14Mo,
mp-1026428,HfMg14Cd,
mp-1027832,LiMg14Cu,
mp-1026425,Mg14SnMo,
mp-1027962,Mg14ZnSi,
mp-1026532,BaHfMg14,
mp-1028221,Mg14AlCd,
mp-1028220,Mg14AlW,
mp-1027831,Mg14FeMo,
mp-1026424,Mg14TiGa,
mp-1027960,NaMg14Zn,
mp-1023616,Mg15Zn,
mp-1028116,CaMg14Mo,
mp-1028218,NaMg14Al,
mp-1028115,CaMg14Nb,
mp-1026790,LiMg14Bi,
mp-1027829,Mg14CuSn,
mp-1027958,LaMg14Zn,
mp-1028370,BaMg14Ni,
mp-1032964,CaMg6TiO8,
mp-1023611,Mg15V,
mp-1027824,Mg14VCu,
mp-1028369,Mg14NiC,
mp-1028112,BaCaMg14,
mp-1027957,KMg14Zn,
mp-1028367,LaMg14Ni,
mp-1028110,Mg14TiMn,
mp-1026788,LaMg14Ga,
mp-1026527,BaMg14Bi,
mp-1026679,RbMg14Ga,
mp-1026675,HfMg14Si,
mp-1027955,LiMg14Zn,
mp-1026526,Mg14NbGa,
mp-1026417,HfMg14Ga,
mp-1028215,Mg14TiAl,
mp-1026785,CeMg14W,
mp-1027814,Mg14NbFe,
mp-1023610,Mg15Cu,
mp-1026524,HfMg14Nb,
mp-1028212,LaMg14Al,
mp-1026523,Mg14NbBi,
mp-1026415,Mg14TiB,
mp-1028107,NaMg14Mn,
mp-1026672,Mg14SiBi,
mp-1026671,NaMg14Nb,
mp-1027952,YHfMg14,
mp-1026784,LiMg14Sb,
mp-1026414,Mg14TiSb,
mp-1026783,LaMg14Si,
mp-1027951,Mg14TiZn,
mp-1028360,LiMg14Ni,
mp-1023608,Mg15Ti,
mp-1027950,YMg14Ga,
mp-1028105,LaMg14Mn,
mp-1026413,KRbMg14,
mp-1026669,KMg14Ti,
mp-1028358,Mg14NiMo,
mp-1026782,LiMg14C,
mp-1027949,YMg14Bi,
mp-1027800,Mg14CdFe,
mp-1028357,Mg14NiSb,
mp-1026410,Mg14CrSn,
mp-1026781,NaLaMg14,
mp-1028102,Mg14MnGa,
mp-1026409,HfMg14Sb,
mp-1026520,Mg14NbSb,
mp-1028101,KMg14Mn,
mp-1026408,BaMg14Sn,
mp-1027948,Mg14FeSn,
mp-1026664,RbMg14B,
mp-1026665,NaMg14W,
mp-1028208,LiMg14Al,
mp-1026407,Mg14GaBi,
mp-1028354,Mg14NiB,
mp-1026663,CsMg14C,
mp-1027947,YMg14C,
mp-1026406,HfMg14Bi,
mp-1028352,NaMg14Ni,
mp-1028207,Mg14AlFe,
mp-1023583,BaMg15,
mp-1026662,RbMg14Nb,
mp-1028099,Mg14MnSi,
mp-1028206,KMg14Al,
mp-1026404,Mg14NbSn,
mp-1027946,YMg14Sb,
mp-1028351,Mg14NbNi,
mp-1028350,Mg14CdNi,
mp-1026660,NaMg14Bi,
mp-1023560,LaMg15,
mp-1027758,LiMg14Co,
mp-1026515,Mg14NbW,
mp-1026659,NaMg14Sb,
mp-1027757,NaMg14Fe,
mp-1028095,YMg14W,
mp-1026401,KLiMg14,
mp-1026400,HfMg14Ti,
mp-1026512,Mg14NbCd,
mp-1028347,Mg14CrNi,
mp-1028093,YMg14Zn,
mp-1028091,HfMg14Mn,
mp-1026653,NaMg14Cd,
mp-1027162,CeMg14B,
mp-1028089,BaMg14Zn,
mp-1028342,Mg14AlCo,
mp-1026398,Mg14TiBi,
mp-1026773,CeMg14Ga,
mp-1026651,RbMg14W,
mp-1028341,Mg14NiW,
mp-1028086,YMg14Zr,
mp-1026513,BaMg14W,
mp-1026395,Mg14TiW,
mp-1028339,CaMg14Co,
mp-1026648,Mg14SnBi,
mp-1026509,BaMg14B,
mp-1026647,Mg14CdC,
mp-1028084,Mg14MnCd,
mp-1028336,Mg14TiV,
mp-1028083,CsYMg14,
mp-1028335,Mg14VC,
mp-1026645,NaHfMg14,
mp-1028334,KMg14V,
mp-1026644,Mg14SnSb,
mp-1026389,Mg14TiMo,
mp-1028333,CsMg14Sn,
mp-1028079,CeMg14Zn,
mp-1026388,Mg14TiCd,
mp-1026510,Mg14NbMo,
mp-1028332,CeMg14Al,
mp-1026642,RbMg14Cr,
mp-1028078,Mg14MnBi,
mp-1026641,LiMg14Ti,
mp-988945,AlAs,
mp-1026776,LiMg14Ga,
mp-1026640,RbSrMg14,
mp-1026905,BaMg14Cu,
mp-1028329,Mg14NiBi,
mp-1026638,HfMg14Sn,
mp-1026514,Mg14NbB,
mp-1026904,Mg14CuC,
mp-1027937,YMg14B,
mp-1028328,Mg14VSn,
mp-1028074,Mg14MnSb,
mp-1028327,LaMg14V,
mp-1026902,Mg14CuB,
mp-1028199,Mg14AlZn,
mp-1026769,LiHfMg14,
mp-1028326,CsMg14V,
mp-1026511,BaMg14C,
mp-1026634,CsMg14Mo,
mp-1026901,Mg14NbCu,
mp-1027936,Mg14ZrCo,
mp-1028197,Mg14ZrAl,
mp-1026380,KNaMg14,
mp-1026900,HfMg14Cu,
mp-1028324,Mg14VMo,
mp-1028070,Mg14MnW,
mp-1026899,Mg14CuW,
mp-1027935,LaMg14Zr,
mp-1028322,Mg14AlC,
mp-1026898,Mg14CuBi,
mp-1026632,CsBaMg14,
mp-1028198,YMg14Al,
mp-1026631,RbMg14Cd,
mp-1028068,Mg14MnMo,
mp-1026897,Mg14GaCu,
mp-1027933,KMg14Zr,
mp-1026508,BaMg14Ga,
mp-1026767,CsLaMg14,
mp-1026630,HfMg14C,
mp-1028320,LiMg14V,
mp-1028319,BaMg14V,
mp-1028066,YMg14Sn,
mp-1026766,BaLaMg14,
mp-1028065,YMg14V,
mp-1026893,RbMg14Co,
mp-1028317,LaMg14Sn,
mp-1026627,CsMg14Nb,
mp-1028064,Mg14MnNb,
mp-1028316,RbMg14V,
mp-1026626,RbBaMg14,
mp-1026891,SrMg14Cu,
mp-1026892,Mg14CuSb,
mp-1028062,SrMg14Mn,
mp-1028315,Mg14VSi,
mp-1026623,SrMg14Ga,
mp-1028061,RbMg14Zn,
mp-1026505,Mg14CrB,
mp-1026890,Mg14CrCu,
mp-1027929,LiMg14Zr,
mp-1028060,RbYMg14,
mp-1028311,NaMg14V,
mp-1026886,LaMg14Co,
mp-1028058,SrYMg14,
mp-1026885,NaMg14Cu,
mp-1026764,CeMg14Mo,
mp-1028309,SrMg14V,
mp-1028056,Mg14ZrNi,
mp-1028193,CaMg14Fe,
mp-1028192,Mg14MnAl,
mp-1026618,CsMg14Bi,
mp-1028307,Mg14VB,
mp-1026763,SrLaMg14,
mp-1026883,Mg14CoSi,
mp-1026617,RbHfMg14,
mp-1028305,KMg14Sn,
mp-1026882,Mg14CuSi,
mp-1028191,CsCaMg14,
mp-1026881,CsMg14Cu,
mp-1026503,BaMg14Cd,
mp-1026616,CsSrMg14,
mp-1026502,RbMg14Ti,
mp-1028052,LiYMg14,
mp-1026880,Mg14CuMo,
mp-1027925,Mg14ZrNi,
mp-1026757,RbLaMg14,
mp-1028304,Mg14NbV,
mp-1028190,CaMg14Al,
mp-1028189,SrCaMg14,
mp-1026879,RbMg14Cu,
mp-1026614,CsMg14W,
mp-1026758,NaCeMg14,
mp-1027919,Mg14ZrTi,
mp-1028051,KYMg14,
mp-1028050,RbMg14Fe,
mp-1026613,Mg14GaSn,
mp-1026498,Mg14CrMo,
mp-1026612,RbMg14Sb,
mp-1026876,Mg14CdCu,
mp-1026611,CsMg14B,
mp-1028300,HfMg14V,
mp-1028048,YMg14Si,
mp-1028047,Mg14ZnNi,
mp-1026875,NaMg14Co,
mp-1026609,RbMg14Bi,
mp-1028046,LaYMg14,
mp-1028299,Mg14VGa,
mp-1026607,BaMg14Mo,
mp-1028043,YMg14Mo,
mp-1026871,KMg14B,
mp-1028185,RbCaMg14,
mp-1026605,CsMg14Cr,
mp-1028042,NaYMg14,
mp-1026755,LaMg14W,
mp-1028041,YMg14Ti,
mp-1026603,BaMg14B,
mp-1026497,Mg14CrW,
mp-1028295,Mg14SiSn,
mp-1028040,YMg14Cr,
mp-1028039,Mg14ZnCo,
mp-1026602,Mg14SnW,
mp-1027918,Mg14ZrSn,
mp-1028291,Mg14TiSn,
mp-1028290,RbMg14Sn,
mp-1028289,Mg14VCd,
mp-1026754,CeMg14Ti,
mp-1028184,CaMg14Ni,
mp-1027917,Mg14ZrCu,
mp-1026861,LiLaMg14,
mp-1026599,SrMg14Nb,
mp-1026496,Mg14CrCd,
mp-1027914,Mg14ZrV,
mp-1028288,Mg14VW,
mp-1026860,RbLiMg14,
mp-1026859,KMg14Ga,
mp-1028287,SrMg14Sn,
mp-1028183,NaCaMg14,
mp-1028031,Mg14TiCo,
mp-1026597,CsMg14Sb,
mp-1028285,CsMg14Al,
mp-1028177,LiCaMg14,
mp-1028030,YMg14Cd,
mp-1026596,SrMg14Cr,
mp-1026595,SrMg14C,
mp-1028029,YMg14Nb,
mp-1028284,Mg14AlNi,
mp-1026856,KMg14Nb,
mp-1026751,LaMg14Mo,
mp-1028026,Mg14ZnMo,
mp-1026750,LaMg14Cr,
mp-1026855,KBaMg14,
mp-1026854,CsKMg14,
mp-1026493,Mg14TiSi,
mp-1028281,Mg14VSb,
mp-1026592,CsMg14Cd,
mp-1028181,CaMg14Si,
mp-1027908,Mg14FeCo,
mp-1026748,LaMg14Nb,
mp-1026492,Mg14CrGa,
mp-1026853,KMg14C,
mp-1028180,CaLaMg14,
mp-1028025,BaYMg14,
mp-1026590,Mg14MoC,
mp-1026852,KSrMg14,
mp-1026589,Mg14BiC,
mp-1026747,CsCeMg14,
mp-1028022,YMg14C,
mp-1028021,Mg14ZnFe,
mp-1026586,CsHfMg14,
mp-1028020,Mg14ZnW,
mp-1028179,CaMg14Co,
mp-1027906,Mg14ZnBi,
mp-1026848,KMg14Sb,
mp-1028274,Mg14VBi,
mp-1026746,LaMg14C,
mp-1028273,NaMg14Sn,
mp-1028019,Mg14ZnC,
mp-1026847,KHfMg14,
mp-1026846,KMg14Mo,
mp-1028018,Mg14ZrCo,
mp-1028017,Mg14ZnCr,
mp-1026489,Mg14CrSb,
mp-1027903,Mg14ZnC,
mp-1026583,SrMg14Cd,
mp-1028016,CsMg14Zn,
mp-1028269,Mg14AlV,
mp-1026582,SrMg14Mo,
mp-1026843,LiMg14Si,
mp-1026581,BaSrMg14,
mp-1028014,Mg14ZnSn,
mp-1027904,HfMg14Zn,
mp-1026580,SrMg14Bi,
mp-1028268,LiMg14Sn,
mp-1026744,CeMg14Nb,
mp-1026841,NaLiMg14,
mp-1026743,LaMg14B,
mp-1028010,Mg14ZrFe,
mp-1026578,BaMg14Ga,
mp-1026840,BaLiMg14,
mp-1026577,SrMg14Sb,
mp-1028264,BaMg14Al,
mp-1026487,Mg14CrC,
mp-1026576,BaMg14C,
mp-1026486,LaMg14Ti,
mp-1026575,Mg14CdSn,
mp-1027899,Mg14ZnSb,
mp-1028004,SrMg14Zn,
mp-1028262,RbMg14Al,
mp-1028003,Mg14NbZn,
mp-1028002,CeMg14Fe,
mp-1026741,CeHfMg14,
mp-1026835,KMg14Bi,
mp-1026485,Mg14CdB,
mp-1028172,CaMg14Sn,
mp-1026740,LaMg14Cd,
mp-1028261,CeMg14Mn,
mp-1026573,BaMg14Nb,
mp-1028259,CeYMg14,
mp-1026570,SrMg14W,
mp-1026832,KMg14Cr,
mp-1028257,SrMg14Al,
mvc-15594,VZnO2,
mp-1027898,LiMg14Fe,
mp-1026831,SrLiMg14,
mp-1026483,NaMg14Ti,
mp-1027893,Mg14ZnGa,
mp-1028171,KCaMg14,
mp-1026738,CeMg14Cd,
mvc-15525,CaCoO2,
mp-1028170,CaMg14Ti,
mp-1026830,KMg14W,
mp-1026829,KMg14Cd,
mp-1026736,SrCeMg14,
mp-1027889,Mg14FeNi,
mp-1026479,Mg14MoC,
mp-1028253,Mg14AlCu,
mp-1026566,Mg14CdB,
mp-1028254,Mg14NbAl,
mp-1026828,CsLiMg14,
mp-1026735,CeMg14Sb,
mp-1027999,Mg14ZnCu,
mp-1028251,Mg14AlCr,
mp-1027888,Mg14ZnCd,
mp-1028167,CaMg14V,
mp-1026563,BaMg14Cr,
mp-1028247,YMg14Ni,
mp-1026478,Mg14CrBi,
mp-1028246,Mg14AlGa,
mp-1026477,Mg14GaMo,
mp-1027993,Mg14ZrZn,
mp-1028165,CaMg14Cu,
mp-1027886,Mg14ZnB,
mp-1026476,Mg14CdW,
mp-1027885,KMg14Fe,
mp-1028245,Mg14MnCo,
mp-1028164,CaMg14Zr,
mp-1027992,Mg14FeBi,
mp-1026557,BaMg14W,
mp-1027884,Mg14FeSi,
mp-1026556,Mg14CrC,
mp-1026817,LiMg14Nb,
mp-1027990,Mg14ZrC,
mp-1027989,Mg14TiFe,
mp-1028242,YMg14Fe,
mp-1026730,LaMg14Bi,
mp-1026553,Mg14NbGa,
mp-1026474,Mg14BMo,
mp-1026814,CeHfMg14,
mp-1027987,YMg14B,
mp-1027986,Mg14FeCu,
mp-1028161,Mg14MnNi,
mp-1027878,Mg14TiFe,
mp-1026552,SrHfMg14,
mp-1027984,Mg14VZn,
mp-1026728,LaHfMg14,
mp-1027983,Mg14VFe,
mp-1028238,Mg14AlMo,
mp-1028158,CaMg14Zn,
mp-1026723,CeMg14Cr,
mp-1026809,RbCeMg14,
mp-1026808,CeMg14W,
mp-1026548,BaHfMg14,
mp-1026807,LaMg14C,
mp-1026470,HfMg14Cr,
mp-1027875,Mg14ZrC,
mp-1026722,LaMg14Sb,
mp-1028235,Mg14AlCd,
mp-1026547,Mg14BC,
mp-1026469,Mg14MoW,
mp-1026804,NaCeMg14,
mp-1027978,KMg14Zn,
mp-1027874,Mg14VFe,
mp-1026468,Mg14CdMo,
mp-1028156,CaYMg14,
mp-1028155,CaMg14Mn,
mp-1026806,LiMg14B,
mp-1028153,HfMg14Al,
mp-1028234,Mg14AlSn,
mp-1028233,Mg14AlSb,
mp-1027977,LaMg14Zn,
mp-1026464,HfMg14Mo,
mp-1026805,LaCeMg14,
mp-1028152,CsMg14Mn,
mp-1026544,RbMg14Ti,
mp-1027976,Mg14ZnSi,
mp-1026803,LiMg14Cd,
mp-1027870,Mg14ZrBi,
mp-1026542,Mg14NbSb,
mp-1028231,CsCaMg14,
mp-1026802,LiMg14C,
mp-1026541,BaMg14Sb,
mp-1028230,Mg14AlB,
mp-1026540,Mg14GaC,
mp-1026800,Mg14SiC,
mp-1026539,Mg14NbCr,
mp-1028228,Mg14FeB,
mp-1027869,Mg14FeCu,
mp-612,PS,
mp-1027972,NaMg14Zn,
mp-1026538,Mg14CrW,
mp-1027971,LiMg14Zn,
mp-1027969,YHfMg14,
mp-1027867,HfMg14Zr,
mp-1028226,Mg14AlW,
mp-1026537,BaMg14Bi,
mp-1027967,Mg14FeNi,
mp-1026797,LiMg14W,
mp-1028225,KMg14Al,
mp-1028224,YMg14Co,
mp-1026796,LiMg14Mo,
mp-1027965,YMg14Ga,
mp-1028223,LiMg14Al,
mp-1026533,BaMg14Cd,
mp-1027963,YMg14Sb,
mp-1028148,Mg14MnCo,
mp-1026793,LiMg14Cr,
mp-1027866,Mg14ZrB,
mp-1027865,SrMg14Fe,
mp-1026531,Mg14NbW,
mp-1028146,Mg14MnSn,
mvc-14941,MoO3,37.68752044
mp-1027961,LaMg14Fe,
mp-1026792,LaMg14Si,
mp-1026791,CeMg14Si,
mp-1026530,Mg14NbC,
mp-1026458,Mg14WC,
mp-1026457,Mg14BiMo,
mp-1028219,Mg14AlFe,
mp-1026529,Mg14NbMo,
mp-1026789,LiMg14Sb,
mp-1026528,Mg14NbBi,
mp-1028216,Mg14ZrAl,
mp-1027959,Mg14TiZn,
mp-1026787,LiMg14Ga,
mp-1026708,RbMg14Si,
mp-1028144,Mg14MnV,
mp-1027861,CsMg14Zr,
mp-1026786,LaMg14Cr,
mp-1027954,Mg14ZnB,
mp-1026525,Mg14NbB,
mp-1027953,YMg14Bi,
mp-1026455,Mg14SbMo,
mp-1028214,SrCaMg14,
mp-1028213,YMg14Al,
mp-1026706,BaMg14Si,
mp-1026522,Mg14NbCd,
mp-1026454,Mg14SbW,
mp-1028142,Mg14MnFe,
mp-1028211,CaMg14Al,
mp-1026521,NaMg14Ti,
mp-1028209,Mg14TiAl,
mp-1026519,Mg14BiB,
mp-1027860,CsMg14Fe,
mp-1026780,CsLaMg14,
mp-1026518,Mg14GaMo,
mp-1026779,SrLaMg14,
mp-1026453,Mg14GaW,
mp-1026704,Mg14CdSi,
mp-1027859,BaMg14Fe,
mp-1028141,Mg14MnCu,
mp-1026778,CeMg14Ti,
mp-1026703,NaMg14Si,
mp-1026517,Mg14CrGa,
mp-1026777,LaMg14W,
mp-1027945,LaMg14Zr,
mp-1027858,Mg14ZrSi,
mp-1026516,Mg14CrB,
mp-1026452,HfMg14W,
mp-1028205,Mg14MnAl,
mp-1026451,Mg14BW,
mp-1027943,KMg14Zr,
mp-1028395,Mg14CoW,
mp-1028394,SrMg14Co,
mp-1028203,CaMg14Ni,
mp-1028202,Mg14AlZn,
mp-1027856,Mg14ZrSb,
mp-1026775,CeMg14Ga,
mp-1028137,Mg14ZrMn,
mp-1026700,Mg14NbSi,
mp-1027942,Mg14ZrCu,
mp-1027855,BaMg14Zr,
mp-1027940,Mg14ZrV,
mp-1028393,Mg14CdCo,
mp-1028201,CaMg14Si,
mp-1027939,LiMg14Zr,
mp-1026772,LaMg14B,
mp-1028200,CaMg14Fe,
mvc-14636,CaFeO2,
mp-1027854,Mg14ZrGa,
mvc-14586,ZnSnO2,
mp-1028136,RbMg14Mn,
mp-1026771,LiHfMg14,
mp-1026448,Mg14CdC,
mp-1026768,LiMg14Bi,
mp-1028196,RbCaMg14,
mp-1028195,Mg14MnNi,
mp-1026699,CsMg14Si,
mp-985610,NaAg(CO2)2,
mp-1028392,Mg14CoB,
mp-1027932,Mg14ZrTi,
mp-1026506,Mg14CrCd,
mp-1026507,Mg14CrMo,
mp-1028194,LiCaMg14,
mp-1026765,RbLaMg14,
mp-1027927,HfMg14Zn,
mp-1026504,HfMg14Cr,
mp-1026762,LaMg14Ga,
mp-1027926,LiMg14Fe,
mp-1026447,Mg14CdGa,
mp-1026446,Mg14BiW,
mp-1026760,NaLaMg14,
mp-1028187,CaMg14Cu,
mvc-14464,SnF3,
mp-1026759,LaMg14Mo,
mp-1027923,SrMg14Zr,
mp-1028389,Mg14CoMo,
mp-1028133,Mg14MnZn,
mp-1027851,RbMg14Zr,
mp-1026501,HfMg14Nb,
mp-1028128,CaMg14Sb,
mp-1026500,Mg14GaB,
mp-1027922,Mg14ZnCd,
mp-1028386,HfMg14Co,
mp-1028131,CeMg14Mn,
mp-1026443,SrMg14Ti,
mp-1027921,Mg14ZrSn,
mp-1026499,Mg14CrBi,
mp-1026756,LaMg14Nb,
mp-1027849,Mg14CoCu,
mp-1028186,NaCaMg14,
mp-1026693,SrMg14Si,
mp-1028188,CaLaMg14,
mp-1026753,BaLaMg14,
mp-1026495,LaMg14Ti,
mp-1027848,SrMg14Zr,
mp-1026494,Mg14CdMo,
mp-1028182,KCaMg14,
mp-1028176,CaMg14Sn,
mp-1027913,Mg14ZnSb,
mp-1027907,Mg14FeSn,
mp-1026491,Mg14BW,
mp-1026442,CsMg14Ti,
mp-1026490,Mg14TiSi,
mp-1027905,Mg14ZnBi,
mp-1028178,CaMg14V,
mp-1026441,Mg14CdBi,
mp-1028126,CaMg14Bi,
mp-1028381,LiMg14Ni,
mp-1026745,LaMg14Cd,
mp-1026488,BaMg14Ti,
mp-1027847,Mg14GaFe,
mp-1026691,BaNaMg14,
mp-1026440,HfMg14Cd,
mp-1027841,Mg14ZrCd,
mp-1027902,LaMg14Cu,
mp-1028175,CaMg14Ti,
mp-1026694,Mg14CrSi,
mp-1027901,HfMg14Fe,
mp-1026687,Mg14SiB,
mp-1026742,LaHfMg14,
mp-1028174,CaMg14Mn,
mp-1028129,YMg14Mn,
mp-1026437,Mg14CdSb,
mp-1028379,Mg14NiMo,
mp-1026436,BaMg14Ti,
mp-1028173,CaMg14Zn,
mp-1026689,Mg14SiSb,
mp-1028166,CaYMg14,
mp-1026484,Mg14BMo,
mp-1028124,CaMg14Ga,
mp-1026739,CeMg14Cr,
mp-1027892,Mg14CoSn,
mp-1026482,HfMg14Mo,
mp-1026435,Mg14TiMo,
mp-1027839,NaMg14Zr,
mp-1026481,Mg14CrSb,
mp-1026737,RbMg14C,
mp-1027891,KMg14Fe,
mp-1028169,CaMg14C,
mp-1028125,CaHfMg14,
mp-1028168,CaMg14Zr,
mp-1026480,Mg14MoW,
mp-1027887,Mg14GaFe,
mp-1026734,Mg14SnC,
mp-1026733,Mg14WC,
mp-1026732,CeMg14Sb,
mp-1026475,SrMg14Ti,
mp-1028377,Mg14CoSb,
mp-1026731,CsRbMg14,
mp-1028163,Mg14AlBi,
mp-1028162,Mg14MnV,
mp-1027881,CsMg14Fe,
mp-1028122,CaMg14Cd,
mp-1026729,LaMg14Bi,
mp-1026685,Mg14SiW,
mp-1026473,CsMg14Ti,
mp-1027879,RbMg14Zr,
mp-1026472,Mg14GaW,
mp-1026434,Mg14TiCr,
mp-1026684,Mg14SiMo,
mp-1028160,Mg14MnFe,
mp-1026471,Mg14SbW,
mp-1027877,Mg14CrFe,
mp-1028159,HfMg14Al,
mp-1026725,LaMg14Sb,
mp-1027837,Mg14ZrMo,
mp-1027876,Mg14ZrBi,
mp-1028157,Mg14MnCu,
mp-1026432,Mg14TiNb,
mp-1027836,KMg14Cu,
mp-1026721,CeMg14Mo,
mp-1028375,Mg14CoBi,
mp-1026720,CeMg14Bi,
mp-1026467,HfMg14W,
mp-1028120,CaMg14C,
mp-1027873,CsMg14Zr,
mp-1026466,Mg14SbMo,
mp-1027835,Mg14ZrW,
mp-1026719,RbMg14Si,
mp-1028154,Mg14MnSn,
mp-1026682,Mg14SiBi,
mp-1026431,Mg14BiB,
mp-1028118,CaMg14B,
mp-1027872,BaMg14Zr,
mp-1026430,Mg14GaB,
mp-1027834,Mg14ZrCr,
mp-1028371,Mg14CoC,
mp-1027871,Mg14CuNi,
mp-1026718,CeMg14Nb,
mp-1027833,Mg14ZrNb,
mp-1026465,Mg14SbC,
mp-1026717,SrMg14Si,
mp-1028151,CeMg14Zr,
mp-1026713,NaMg14C,
mp-1026429,Mg14BSb,
mp-1026716,BaMg14Si,
mp-1026463,HfMg14B,
mp-1028150,CaMg14Sb,
mp-1026462,Mg14BSb,
mp-1027868,HfMg14Zr,
mp-1026461,Mg14BiMo,
mp-1028149,CaMg14B,
mp-1026711,Mg14SiB,
mp-1026710,RbMg14Mo,
mp-1026460,Mg14TiCr,
mp-1026709,SrMg14B,
mp-1026459,Mg14CdW,
mp-1028147,Mg14ZrMn,
mp-985575,LiAg(CO2)2,
mp-1027864,Mg14ZrSb,
mp-1027863,Mg14ZrGa,
mp-1028145,CaHfMg14,
mp-1027862,Mg14FeSb,
mp-1026707,Mg14CdSi,
mp-1026456,Mg14BiW,
mp-1028143,Mg14MnC,
mp-1026705,Mg14NbSi,
mp-1028397,Mg14VNi,
mp-1028140,YMg14Mn,
mp-1028396,KMg14Ni,
mp-1026702,Mg14SiMo,
mp-1026450,Mg14CdBi,
mp-1028139,CaMg14Ga,
mp-1027857,NaMg14Zr,
mp-1026701,Mg14SiW,
mp-1028138,Mg14MnZn,
mp-1026449,Mg14GaSb,
mp-1028390,HfMg14Co,
mp-1026698,Mg14SiSb,
mvc-13793,CaCrO2,
mp-1028135,CaMg14Bi,
mvc-13785,CaNiO2,
mp-1027853,Mg14ZrW,
mp-1028134,CaMg14Cd,
mp-1027852,Mg14ZrNb,
mp-1026697,NaMg14Ga,
mp-1028388,Mg14NiSn,
mp-1026445,Mg14TiC,
mp-1026696,Mg14CrSi,
mp-1028387,Mg14FeC,
mp-1027850,Mg14TiCu,
mp-1026695,CsNaMg14,
mp-1026444,Mg14TiNb,
mvc-13666,MgSnO2,
mp-1028132,CaMg14W,
mp-1027844,Mg14ZrCr,
mp-1028385,LaMg14Al,
mp-1028130,YMg14Cu,
mp-1026692,RbNaMg14,
mp-1026438,Mg14CdSb,
mp-1028384,Mg14TiNi,
mp-1028380,CsMg14Ni,
mp-1027845,Mg14ZrSi,
mp-1028383,Mg14CoBi,
mp-1028382,SrMg14Ni,
mp-1026439,Mg14CdGa,
mp-1027840,Mg14ZrCd,
mp-1027843,Mg14ZrMo,
mp-1026686,BaNaMg14,
mp-1026688,NaSrMg14,
mp-1028127,Mg14MnB,
mp-626703,CrHO2,
mp-1028123,LiMg14Mn,
mp-1026690,Mg14SnB,
mp-1028378,Mg14SiNi,
mp-1027838,KMg14Cu,
mp-1028121,CaMg14Cr,
mp-1028376,HfMg14Ni,
mp-1026433,Mg14BiSb,
mp-1026683,Mg14GaSi,
mp-1028119,BaMg14Mn,
mp-1028374,RbMg14Ni,
mp-1026681,NaMg14Mo,
mp-1028372,Mg14CoSb,
mp-626303,MnHO2,
mp-1026680,NaMg14Cr,
mp-1028117,RbMg14Mn,
mp-1032036,Mg6ZnSnO8,
mp-1099092,SrMg14Fe,
mp-625314,FeHO2,
mp-17013,Ta5Ge3,
mp-617298,CsUTiTe5,
mp-614311,CsCSN,
mp-1032984,CaMg6NiO8,
mp-673671,U11O5,
mp-1005755,SmGe2Pt,
mp-1028436,Mg14CoB,
mp-1028424,CsMg14Co,
mp-1028411,BaMg14Co,
mp-1028418,SrMg14Co,
mp-1028413,Mg14GaCo,
mp-1028410,Mg14CrCo,
mp-1028405,Mg14CoC,
mp-1028404,Mg14NbCo,
mp-1028401,CeMg14V,
mp-1028400,Mg14CoMo,
mp-1028399,Mg14CdCo,
mp-1028398,Mg14CoW,
mp-1032583,SrYMg6O8,
mp-755373,Lu2GeO5,
mp-755366,LiCu2PO4,
mp-764840,V2(OF)3,
mp-1033375,HfMg6NbO8,
mp-775543,SnPHO5,
mp-755251,Gd2HfO5,
mp-1032697,Mg6MnCdO8,
mp-608031,NaNpCO5,
mp-623836,ThNi,
mp-764812,VOF2,
mp-1031978,Mg6CdCoO8,
mp-582572,ErNiGe2,
mp-755132,Zr3N2O3,
mp-755107,Dy2TiO5,
mp-1032466,SrMg6MnO8,
mp-771849,Li4Mn3SnO8,
mp-8070,Li2BeSiO4,
mp-6873,CaAlSiO4F,
mp-6884,Cs2LiCo(CN)6,
mp-8057,Ti3O5,
mp-1028210,Mg14AlSi,
mp-1031776,Mg6VNiO8,
mp-29331,KH3F4,
mp-675537,Tl4Te3Mo,
mp-675525,InGaSe2,
mp-7913,BeSiN2,
mp-775729,Li4V3CrO8,
mp-7688,Li2CdGeO4,
mp-764914,Li3Ti4VO8,
mp-1033551,RbMg6GaO8,
mp-7557,Nb5SiSn2,162.3086513
mp-674944,SrUS2,
mp-504677,SrPbF6,56.95095556
mp-10004,Mo3P,
mp-697180,Mg3In,
mp-9712,Ba3BPO3,
mp-9702,Sr3BPO3,
mp-1032741,YMg6TiO8,
mp-753443,NaBeO2,
mp-568324,Cr5Ge3,
mp-752721,LiCu2F5,
mvc-3263,CaFeSiO5,97.97220237
mp-782684,Li3Co4WO8,
mp-753515,Sb3O4F,
mp-1033230,Mg6CdCO8,
mp-753179,Li2CuPO4,
mp-775058,Li3NbV4O8,
mp-995225,CsBaSiHO4,
mp-764344,Li2FeSiO4,
mp-995216,RbSrSiHO4,
mp-995215,CsSrSiHO4,
mp-753108,Yb2TiO5,
mp-977414,ZnCu2SiS4,
mp-995194,KBaSiHO4,
mp-995192,RbBaSiHO4,
mp-995190,KCaSiHO4,
mp-12453,HoCuS2,
mp-775082,Li3Fe4SbO8,
mp-764267,LiV3OF11,
mp-764254,V4O7F5,
mp-705538,MoO3,81.59639957
mp-1032193,Mg6CoSiO8,
mp-995285,VFe11C4,
mp-771446,Te3WO12,
mp-1032299,Mg6VCoO8,
mp-556005,ZnS,
mp-780016,V4OF11,
mp-752602,BiBr3,3.625381196
mvc-15580,MgWO2,
mp-779996,LiFe2O2F3,
mp-752538,KSnO2,
mp-1032600,SrYMg6O8,
mp-764209,Co4OF11,
mp-1032577,Mg6FeCoO8,
mp-764188,NaV5O10,
mp-22337,Hf5Ga3,
mp-764086,V4OF11,
mp-779956,Cr4(OF3)3,
mp-779954,Li3MnOF3,
mp-643265,ReF7,6.235477623
mp-1033127,YMg6AlO8,
mp-779942,Cr4OF11,
mp-1033344,Mg6NbCdO8,
mp-685157,IF7,
mp-752525,LiAgF2,
mp-1099105,BaCeMg14,
mp-1026426,Mg14BC,
mp-1027930,Mg14ZnGa,
mp-764112,V2(OF)3,
mp-764106,V4O7F5,
mp-752426,Li3SbS4,38.90801236
mp-861554,Li5Mn(SiO4)2,
mp-770913,Cr2PO5,
mp-863022,RbTaGeS5,
mp-5408,Ag3AsO4,
mp-767325,MnOF2,
mp-764047,LiVPO5,
mp-2889,LaPd3S4,
mp-767302,Li2SiNiO4,
mp-764030,V4O5F7,
mp-643036,BaHBrO,
mp-775153,Li3FeOF3,
mp-2811,MoN,326.8661895
mp-767277,FePHO5,
mp-676260,Ag9Te4Br3,
mp-775096,MnPHO5,
mp-767256,Li5Si2NiO8,
mp-795,LiSi,52.04382773
mp-793,Ca5Si3,
mp-7899,BaCdO2,
mp-764956,Li2CoSiO4,
mp-763985,Cr4OF11,
mp-676084,Na2SnS,
mp-779539,Li2CuPO4,
mvc-5207,MgMo2O5,
mp-1031684,Mg6VSnO8,
mp-1030909,LiMg6SiO8,
mp-763945,V4O5F7,
mp-763942,Li4Co3OF8,
mp-761098,Li3Cu3(PO4)2,
mp-859129,Li5Si2BiO8,
mp-761033,Hf3N2O3,
mp-774063,V4O7F5,
mp-1033120,Mg6AlCrO8,
mp-1033042,RbMg6AlO8,
mp-1032638,Mg6FeCuO8,
mp-771116,Li3Mn4CrO8,
mp-1033014,Mg6AlCdO8,
mp-1099091,CeMg14Cu,
mp-636289,WO3,192.0379121
mp-1032311,CsMg6CoO8,
mp-779257,Li3Cu3(PO4)2,
mp-779256,V2OF5,
mp-760778,Li2AgF5,
mp-760758,Bi3O4F,
mp-763878,LiMn2O2F3,
mp-1028432,CeMg14Fe,
mp-1028918,CeMg14V,
mp-865606,CsTaGeS5,
mp-774102,LiNiO2,
mp-1028408,Mg14GaCo,
mp-1028407,Mg14CrCo,
mp-1028406,BaMg14Co,
mp-1028403,CeMg14Ni,
mp-1028402,Mg14NbCo,
mp-1032034,SrMg6ZnO8,
mp-640381,YbCuS2,
mp-1032752,Mg6MnCO8,
mp-775779,Li3MnV4O8,
mp-767077,Li5Fe(SiO4)2,
mp-764831,Li3Ni(OF)2,
mp-770201,Li2AlVO4,
mp-760485,Li2CuSiO4,
mp-976726,LiDyO2,
mp-760462,Li5Ti(SiO4)2,
mp-767024,Li2VCrP2(O4F)2,
mp-1032930,CaMg6FeO8,
mp-1032957,CaMg6CoO8,
mp-764767,LiNiO2,
mp-997394,NbAgF6,
mp-972463,Tm5Sb3,
mp-766980,MnVP2(HO5)2,
mp-764293,Li2VOF4,
mp-780553,LiFe2O2F3,
mp-766972,LiMn2O2F3,
mp-767029,CaMn7O8,
mvc-2461,CaCuO2,
mp-755121,TiBi2O5,
mp-770532,Mn2PO5,
mp-763744,LiMnP3HO10,
mp-766936,LiVF6,
mp-1094224,ZrSn3,
mp-1032574,RbYMg6O8,
mp-766926,LiVF6,
mp-12455,TmCuS2,
mp-715923,WO3,199.2891986
mp-766912,LiVF6,
mp-1032172,Mg6FeBO8,
mp-636839,HgN3,
mp-634062,RbCdH2I3O,
mp-623452,Mn3Bi,
mp-763707,Li4Ti3VO8,
mp-763703,Li3CrO4,
mp-1033488,SrMg6CO8,
mp-773764,Cr4OF11,
mp-766824,Li4VCo3O8,
mp-1031975,YMg6CO8,
mp-753401,Sc2TiO5,
mp-634418,NaCaSiHO4,
mp-634059,H4CSN2,
mp-763631,LiVP3HO10,
mp-753299,LiAgF2,
mp-764381,Li4CuNi3O8,
mp-772355,Li3Cu(NiO2)4,
mp-775775,Li3V4FeO8,
mp-995434,Fe11MoC4,191.7335084
mp-853249,Li4Mn3OF8,
mp-752831,LiCuF2,
mp-853171,LiV3OF11,
mp-771201,Li3Ti(FeO2)4,
mp-1031708,CaMg6CO8,
mp-770340,Li4Cr3CoO8,
mp-778720,Cr4OF11,
mp-778716,CrO3,
mp-995221,H2CSO4,
mp-753153,Dy2CO5,
mp-1032757,YMg6NiO8,
mp-995206,H2CO,
mp-1038831,Mg3Bi,
mp-853190,LiVGeO5,
mp-14395,NaAlAsO4F,
mp-995197,HC,10.24959276
mp-973682,Fe3B,
mp-772309,Li3Ti(CuO2)4,
mp-677217,MgMo3S4,
mp-1031616,Mg6CrNiO8,
mp-853156,V4(OF3)3,
mp-691133,CrHO2,
mp-763545,LiVPO5,
mp-773098,Li4Mn3VO8,
mp-30841,UPd3,
mp-752895,Li3CuF4,
mp-752888,Li2CuSiO4,
mp-752882,LiAgF2,
mp-775542,Ni2PO5,
mp-773515,Te3WO12,
mp-752858,Li2CuSiO4,
mp-778574,V4(OF3)3,
mp-771414,Li4NbCo3O8,
mp-764232,VO2F,
mp-1032625,Mg6ZnFeO8,
mp-1099234,CsMg6AlO8,
mp-778572,Li2VFeP2(O4F)2,
mp-752733,TiGa2O5,
mp-1099241,Mg6MnSnO8,
mp-752725,LiAgF2,
mp-752724,Ho2TiO5,
mp-779986,CrO3,
mp-761992,Li2Fe2(CO3)3,
mp-764207,Li4Fe3CoO8,
mp-770958,Li4NbFe3O8,
mp-1032645,Mg6ZnNiO8,
mp-1032999,Mg6AlCO8,
mp-770185,Li4CrFe3O8,
mp-779970,LiFe2F5,
mp-752676,TiBi2O5,
mp-1031981,Mg6NbCoO8,
mp-779941,CrO3,
mp-770987,Li3Fe(NiO2)4,
mp-770976,Li3Mn(CoO2)4,
mp-630923,Ba3Pb5,
mp-1099223,CsMg6WO8,
mp-1032342,Mg6CoSnO8,
mp-1031754,CaHfMg6O8,
mp-1031823,Mg6NbNiO8,
mp-1099108,KLaMg14,
mp-1032315,Mg6NbCuO8,
mp-770966,Li4Ni3WO8,
mp-1031728,HfMg6CoO8,
mp-1033520,SrMg6NbO8,
mp-770989,Li4Ni3SnO8,
mp-1032523,Mg6FeSiO8,
mp-630851,Cs3NaPb4,
mp-758492,LiSb3(PO5)2,
mp-20652,PbF3,
mp-1099098,CeMg14Bi,
mp-770911,Li3Fe4CuO8,
mp-561433,KPuCO5,
mp-1031705,CaMg6CdO8,
mp-770897,Li4TiCo3O8,
mp-868358,Li4CoNi3O8,
mp-764039,LiCo7O7F,
mp-761358,Li4FeO3,
mp-628781,GeTe,
mp-773339,Li4FeCo3O8,
mp-764019,Li2TiNiO4,
mp-772690,Li3Mn4CoO8,
mp-29166,Li3Ag2Ge3,
mp-767275,Li2CoCuO4,
mp-1033157,Mg6AlSnO8,
mp-764005,Li4TiV3O8,
mp-775115,Li2TiMnO4,
mp-773314,Li4MnFe3O8,
mp-767267,Li2MnVO4,
mp-850915,LiFe2O2F3,
mp-765969,VFeP2(HO5)2,
mp-743614,MoH2Cl2O3,
mp-763987,NaCo3O4,
mp-775084,Li2SiNiO4,
mp-774112,Li3Fe4WO8,
mp-770039,Li4Cr3NiO8,
mp-1031281,KMg6WO8,
mp-763955,Li4MnV3O8,
mp-775028,Li3Nb(NiO2)4,
mp-1031577,Mg6NbVO8,
mp-859127,GaHO2,
mp-1031204,RbMg6TiO8,
mp-763910,Li4MnFe3O8,
mp-763906,Li2VCrO4,
mp-763924,Li4Fe3CuO8,
mp-767128,Li2CoSiO4,
mp-760698,Yb2TiO5,
mp-770663,Li2FeBO4,
mp-774702,Li3BiO4,
mp-760676,LiCu2PO4,
mp-681992,Zr5Pb3,
mp-770632,Li3CrO4,
mp-770627,Li2MnFeO4,
mp-640118,CeZn3,
mp-774479,LiCa2Ta3O10,
mp-760501,TiGa2O5,
mp-770590,VGa2O5,
mp-767023,Li2VNiO4,
mp-760360,Hf3N2O3,
mp-767015,Li2VSiO4,
mp-1032475,Mg6ZnCO8,
mp-766977,Li3Mn(OF)2,
mp-1032604,Mg6ZnCoO8,
mp-774006,Li4Mn3SbO8,
mp-865726,CsBa2Cr2F11,
mp-637308,Ce5Sn3,
mp-766937,LiVF6,
mp-773978,Li4Co3TeO8,
mp-1031751,Mg6SnCO8,
mp-760007,Hf3N2O3,
mp-1031965,YMg6CO8,
mp-773925,Li4V3NiO8,
mp-763711,Li2CrSiO4,
mp-763704,Li2Mn2(CO3)3,
mp-1032334,Mg6CrCuO8,
mp-636368,Ga3Fe,102.2813606
mp-1030675,NaMg6CO8,
mp-770412,ScMn2O5,
mp-770411,Li2AlFeO4,
mp-773748,Li2MnF5,
mp-1032112,Mg6CuNiO8,
mp-1099106,KCeMg14,
mp-778787,Li3Fe(OF)2,
mp-634326,GaHO2,
mp-634117,BH3,
mp-1033070,Mg6TiAlO8,
mp-759658,LiAgF2,
mp-1033277,HfMg6WO8,
mp-759473,Na5Ti3O8,
mp-853240,LiCoO2,
mp-770350,Li3Cu4NiO8,
mp-1031157,Mg6TiSiO8,
mp-1032236,Mg6FeBO8,
mp-1031866,YMg6NbO8,
mp-1032597,Mg6ZnCuO8,
mp-770333,Li2VBO4,
mp-770316,Li4AlCr3O8,
mp-1032067,Mg6CoBO8,
mp-778704,LiFe2F5,
mp-1032498,KMg6FeO8,
mp-759235,Li2CuF5,
mp-570847,CoH3(CN)6,
mp-770272,RbFeO2,
mp-778655,Li2CoBO4,
mp-771980,Li3Ni5O8,
mp-770253,Li4Cr3GaO8,
mp-1033474,SrMg6CO8,
mp-1031323,KMg6CrO8,
mp-1033094,Mg6AlNiO8,
mp-763506,TiFe2O5,
mp-1032239,HfMg6CuO8,
mp-29848,IF3,
mp-29857,Bi3Se4Br,
mp-23179,NiBi3,33.72423594
mp-23180,In5Bi3,
mp-21459,InAgS2,
mp-26173,LiBi3(PO5)2,
mp-1033141,Mg6AlSnO8,
mp-1099233,Mg6CrBO8,
mp-23206,BiPd,
mp-28520,Rb2SnTe5,
mp-17325,Ba5Sn3,
mp-23212,CuBr,
mp-17332,Sc5Ga3,
mp-17336,NpCuSe2,
mp-20041,Sr2EuCu3(PbO4)2,
mp-1032029,SrMg6ZnO8,
mp-23230,PCl3,0.81912708
mp-23237,BiF3,54.45760146
mp-31036,CuTe2Br,
mp-31037,CuTe2I,
mp-20054,TbGe2Pt,
mp-17370,LaSn2Rh,
mp-1030662,NaMg6SbO8,
mp-29946,IO2F,
mp-23273,TeI,
mp-23280,AsCl3,1.135541558
mp-23287,CuCl,
mp-17401,Rb3Sn4Au,
mp-1099237,Mg6TiCuO8,
mp-23288,AlBr3,1.219407779
mp-23294,RuBr3,
mp-17413,Ti3Rh5,205.1246262
mp-1032871,HfMg6AlO8,
mp-23312,MoBr3,2.462090368
mp-1032744,YMg6CuO8,
mp-34292,Tl9SbTe6,
mp-29982,Nb7(B2C)3,
mp-23315,IO3,
mp-23317,AsBr3,1.298632851
mp-29993,TaAgF6,
mp-34361,Tl9BiTe6,
mp-1039189,Ce3Mg,
mp-27047,Li2CuPO4,
mp-23354,Hg2BrN,
mp-20140,Rb2FeCu(CN)6,
mp-1031148,LiMg6BO8,
mp-1031885,KMg6MnO8,
mp-23395,Hg2ClO,
mp-556395,ZnS,
mp-1032533,Mg6ZnCrO8,
mp-28671,ZrTe2Br5,
mp-6449,CdCu2SiS4,
mp-2108,Ti5Si3,138.9600469
mp-23417,InSn2I5,
mp-31154,Ca5Hg3,
mp-23421,LiYb2Cl5,
mp-31167,Er5Si3,
mp-23446,GeBi2O5,
mp-1038778,Sn3Bi,
mp-31191,Sc3Co2Ge3,
mp-23467,CsSn2Br5,
mp-1030826,SrMg6SiO8,
mp-17593,Ta5Ge3,
mp-23488,Tl5Se2I,15
mp-31215,AgPdF6,
mp-1032543,HfMg6ZnO8,
mp-17615,Ta5Ge3,
mp-23504,Sr2InI5,
mp-23507,InSn2Br5,
mp-23520,InPb2I5,
mp-771793,Li4Cr3CuO8,
mp-1030658,NaMg6GaO8,
mp-23778,H4CN2O,
mp-30120,K3BiO4,
mp-23539,KSn2Cl5,
mp-23541,KSn2Br5,
mp-1031907,YMg6NbO8,
mp-28488,CuPtF6,
mp-30134,Li8Al3Si5,
mp-1033614,RbMg6CrO8,
mp-1032686,Mg6MnCrO8,
mp-20250,PdS,
mp-27257,PBr3,1.401715768
mp-28782,Na3PS4,23.7913523
mp-504825,SeCl,
mp-30159,AuBrF6,
mp-1032617,Mg6ZnCoO8,
mp-1033104,Mg6AlZnO8,
mp-30164,CsSn2Cl5,
mp-504835,NbNiAs2,
mp-1032770,HfMg6MnO8,
mp-17695,Sc5Sn3,72.01253583
mp-690493,LiMoO2,
mp-30172,Ho3Ge3Ru2,
mp-34765,Tl4CuTe3,
mp-20310,LiInSe2,30.23466734
mp-31268,AlBiBr6,
mp-28815,ThSnI6,
mp-34842,Na3UO4,
mp-3019,Tl4SnTe3,
mp-23667,RbP(HO2)2,
mp-17720,Sr5Sn3,
mp-30196,ErCuP2,
mp-20331,CuSbSe2,
mp-21858,UO3,
mp-504909,Ni2SnP,
mp-1032412,RbMg6FeO8,
mp-1033565,RbMg6CO8,
mp-17751,Y5Ge3,
mp-28843,Tl2SnTe5,
mp-17757,Sr5Ge3,
mp-28846,TaCoTe2,
mp-20373,Co3B,
mp-27345,Na3BiO4,
mp-17794,HoGe2Ir,
mp-573267,YbNiGe2,
mp-20396,RbCa2Nb3O10,
mp-30248,LiMoS2,
mp-28893,ReB,
mp-20412,InAs,
mp-27367,SeOF2,7.497908463
mp-17830,Rb3Ge4Au,
mp-1031420,Mg6TiCdO8,
mp-27380,FeMo3S4,
mp-1031871,Mg6TiMnO8,
mp-30278,Ce3Ga4Cl,
mp-28921,Tl5Se2Br,
mp-31301,LiSn4Au3,62
mp-505148,ThPbI6,
mp-23844,HgHOF,
mp-23850,NaH2N,
mp-30298,KAsO2,
mp-3545,CeMgSi2,
mp-27399,SbBr3,
mp-20484,Li2FeCu(CN)6,
mp-23884,SrGe(HO2)2,
mp-27424,BaCu4S3,
mp-30326,Ti5FeSb2,
mp-23904,BaH4O3,
mp-20506,NbNiTe2,
mp-1032377,RbMg6CoO8,
mp-20517,BPd3,
mp-22072,YbF3,83.22404296
mp-23939,H2O2,
mp-30355,SrAg,28
mp-27461,CN,
mp-30366,Ca3Au,26.35776037
mp-17942,MgNi2P,
mp-30368,Ca5Au3,
mp-29015,CaThBr6,9.774166753
mp-29016,SrThBr6,
mp-30371,Cd5Au3,
mp-23959,KP(HO2)2,24
mp-1031642,Mg6CdNiO8,
mp-20559,Ga3Co,
mp-35899,LiMoO2,
mp-22146,In3Pd5,
mp-27488,Ta3N5,240.6616259
mp-27500,NaSO2,
mp-35929,LiMnO2,
mp-11166,BaZnCO3F2,
mp-30412,Pb3Au,
mp-1030977,LaMg6BO8,
mp-505577,Dy3Ge5,
mvc-2453,CaTiO2,
mp-24064,PHF2,
mp-769831,Li3MnCr4O8,
mp-3606,MnSiN2,
mp-20622,SiPd3,160.8321171
mp-1032692,Mg6MnCO8,
mp-1032731,YMg6CoO8,
mp-1031173,NaMg6TiO8,
mp-27539,La2ReO5,
mp-505381,NaLi3(H2N)4,
mp-24119,Ca2HN,
mp-18063,SrSn3,
mp-30463,BiPd3,
mp-1032754,YMg6NiO8,
mp-29110,Al2(FeSi)3,
mp-3635,LiBO2,59.9037425
mp-22236,In3Co,
mp-22235,Cs2MnSnTe4,
mp-29118,Ho3Ge3Ir2,
mp-30473,Ca3Ga5,
mp-1033216,HfMg6BO8,
mp-1033306,HfMg6CdO8,
mp-24181,CsGaP3HO10,
mp-20692,MnGeN2,
mp-1033199,Mg6BSbO8,
mp-1030823,Mg6NbSiO8,
mp-22264,CsSr2Nb3O10,
mp-29139,NaAuSe2,
mp-29145,H3N,7.980212994
mp-1033177,Mg6AlFeO8,
mp-27641,CsBr3,
mp-756875,Li4NbCu3O8,
mp-27647,AuCl3,
mp-31385,Er5Sn3,
mp-24242,CuHOF,
mp-27758,AlTl2F5,
mp-3677,MgSiN2,172.7605437
mp-29165,Li3Si3Ag2,
mp-22301,Sr2DyCu3(PbO4)2,
mp-22307,ScSi2Rh,
mp-22310,UCrC2,
mp-1030850,Mg6CdSiO8,
mp-20740,Tl4Te3Pb,25.48253066
mp-18192,Sr3Sn5,
mp-22327,PuGa3,
mp-1031610,Mg6NiCO8,
mp-1032336,Mg6VCoO8,
mp-29200,KNO2,
mp-27708,BiI,
mp-37498,Li5NCl2,
mp-1032456,SrMg6FeO8,
mp-29239,LuB2Ru,
mp-1030676,NaMg6BiO8,
mp-37692,Li3RuO4,
mp-27774,NClO6,
mp-558154,Ag3PO4,
mp-27791,SrBe3O4,
mp-31436,TbGe2Pd,
mp-1032153,Mg6CoCuO8,
mp-27824,PICl6,
mp-27844,NiP,
mp-20877,NbCoB2,
mp-27855,H3I3N2,
mp-1032273,Mg6CuSiO8,
mp-38489,LiCo7O8,
mp-570184,ThPd3,
mp-31462,Er5BiPt2,
mp-22543,Sr2GdCu3(PbO4)2,
mp-18500,K3Sn4Au,
mp-1032218,LiMg6CoO8,
mp-764008,VOF2,
mp-39025,NbO2F,
mp-30574,CsGa7,
mp-18561,Ga2AsRh5,
mp-27935,AlICl6,
mp-17094,Ge3Mo5,
mp-3922,AgSbS2,
mp-18614,In3Rh,
mp-17706,Zr5Ge3,
mp-18636,Ba3Sn5,
mp-3934,Cu3PS4,78.60649184
mp-555836,Sn2PClO4,
mp-18708,Fe3P,
mp-31502,ScCd7,52.90146265
mp-3991,UMoC2,
mp-18934,LiV2O5,
mp-30623,Dy5Sn3,
mp-30626,DyZn3,
mp-4044,ErAgSe2,
mvc-13196,MgV2O5,
mp-19013,LiV2O5,
mp-1031354,Mg6TiCO8,
mp-30669,ThGa,
mp-41795,LiAlPO4F,
mp-30704,Nb5Ga3,
mp-1030825,Mg6CdSiO8,
mp-1031456,Mg6TiSnO8,
mp-1032531,Mg6ZnCdO8,
mp-1099077,Mg14GaNi,
mp-542593,NdGe2Ir,
mp-569218,Ba3Al3Ga2,
mp-569224,SbI3,
mp-542642,KSbSe2,
mp-567177,KNb(AgSe2)2,
mp-1033328,Mg6CrCO8,
mp-30730,Ho5Pb3,
mp-1032411,Mg6MnSiO8,
mp-30734,Ho5Rh3,
mp-30735,Ho5Sn3,
mp-30736,HoZn3,
mp-571424,TiCl3,
mp-554994,Ta2Tl3Cu3S8,
mp-1031588,Mg6VCrO8,
mp-542817,UPt,
mp-30748,Zr3Ir,
mp-1032892,Mg6MnCuO8,
mp-542832,Ba3Lu4O9,
mp-567330,TiCl3,
mp-542846,AsS,
mp-555013,Tl3CO3F,
mp-567381,KHgC2,
mp-775104,Li3TiV4O8,
mp-569320,Sm3Ge5,
mp-567412,Y5Sn3,62.46271743
mp-571471,NbCoTe2,
mp-764000,Li3CoOF3,
mp-1033058,KMg6AlO8,
mp-773505,Al2CrO5,
mp-778565,Li2AlFeO4,
mp-770184,Li3Co(CuO2)4,
mp-770183,Li2AlVO4,
mp-763328,Co4OF11,
mp-631194,La3Ga4Cl,
mp-630976,In3Ir,
mp-1032937,YMg6FeO8,
mp-630866,Fe3Pb4ClO8,
mp-758498,Li2CuSiO4,
mp-850987,LiCo2O2F3,
mp-773363,Li4Mn3WO8,
mp-773359,Li2VCoO4,
mp-766094,NbO2F,
mp-850964,Li3CrO4,
mp-27063,Li2CuPO4,
mp-770099,Li4MnO3,
mp-773348,Li4Y3VO8,
mp-773344,Li2CrCuO4,
mp-773275,Li4Ti3CrO8,
mp-770084,Li2AlNiO4,
mp-676274,Tl9SbSe6,
mp-765996,LiMn2O2F3,
mp-773313,Li2FeCuO4,
mp-773265,Li4TiCo3O8,
mp-625152,AlHO2,
mp-770051,Li4AlCr3O8,
mp-773295,Li2TiCrO4,
mp-773293,Li2MnCrO4,
mp-770046,Li4Cr3NiO8,
mp-625082,H2CO,
mp-770042,Li2CrFeO4,
mp-770038,Li2VBO4,
mp-675989,Tl9BiSe6,
mp-758134,Li2AgF5,
mp-763331,LiMn2F5,
mp-770031,Li4Cr3NiO8,
mp-770030,Li4Cr3GaO8,
mp-1030908,LiCeMg6O8,
mp-1032691,Mg6FeSnO8,
mp-1031428,Mg6TiCrO8,
mp-770020,Li2CrFeO4,
mp-763317,LiVGeO5,
mp-1032276,SrMg6CuO8,
mp-765927,Li2CrCoO4,
mp-624221,Ge3Rh5,
mp-1031460,Mg6SiSnO8,
mp-570362,Sr5In3,
mp-773284,Li4Ni3TeO8,
mp-765916,Ti2CoO5,
mp-770006,Al2CrO5,
mp-1031438,Mg6TiBO8,
mp-1031480,HfMg6VO8,
mp-763301,Li2CoSiO4,
mp-715584,MoO3,
mp-769996,Li4CrFe3O8,
mp-1031799,SrMg6NiO8,
mp-715574,MoO3,
mp-769984,Li4AlCr3O8,
mp-756948,Li4Cu3SbO8,
mp-769776,Li2CoGeO4,
mp-756930,BaCaO2,
mp-773248,Li4NbFe3O8,
mp-624234,TePb2O5,
mp-769962,Li4TiFe3O8,
mp-769960,Li4Co3WO8,
mp-773243,Li4VFe3O8,
mp-769957,CrFe2O5,
mp-1099102,CeMg14Co,
mp-715474,MoO3,
mp-849394,Li2MnSiO4,
mp-763247,LiVSiO5,
mp-1031258,KMg6BO8,
mp-769961,Li4Ni3SbO8,
mp-622848,Sm2Ga9Ru5,
mp-765853,LiV2O2F3,
mp-769992,Li2CrFeO4,
mp-773184,Li2MnSnO4,
mp-623751,Tb3Ni,
mp-769927,CrFe2O5,
mp-756750,Dy2TiO5,
mp-769981,Li4Cr3GaO8,
mp-769980,Li4AlCr3O8,
mp-622345,U5Ge3,
mp-767229,Li2VSiO4,
mp-1033472,SrMg6CrO8,
mp-1032894,CaMg6ZnO8,
mp-769899,MgFe2O5,121.6011214
mp-850266,Li3Co4SbO8,
mp-622209,Al3Ni,113.2414374
mp-1032137,Mg6FeCO8,
mp-765873,LiV2F5,
mp-623028,Cs2NbAgS4,
mp-756554,Li4Cu3TeO8,
mp-1099238,HfMg6FeO8,
mp-765786,Li2CoNiO4,
mp-765775,Li2V2SiGeO10,
mp-756854,Sr2LiNb3O10,
mp-767005,LiMn2O2F3,
mp-1099236,Mg6NbCuO8,
mp-756431,Li2CuSnO4,
mp-756402,YHO2,
mp-1099087,Mg14CoSn,
mp-1031860,CaMg6NbO8,
mp-756804,TePHO5,
mp-769820,Li4Ni3BiO8,
mp-765743,Li2CrFeO4,
mp-1032269,Mg6CoNiO8,
mp-1032083,Mg6NbZnO8,
mp-675342,NdPb4F11,
mp-769804,Li3Cr(CuO2)4,
mp-1031151,LiMg6BO8,
mp-622565,Ho3Co,
mp-765728,Li4VFe3O8,
mp-765727,NaV2O5,
mp-756732,Rb3Sn4Au,
mp-769796,Li3Fe4NiO8,
mp-636498,In3Ir,
mp-769795,Li3Cr(CoO2)4,
mp-765722,Li4Mn3NiO8,
mp-769791,Li4CoO3,
mp-756188,LiCu3O4,
mp-765706,Li2VFeO4,
mp-765822,LiV2O2F3,
mp-1032742,YMg6TiO8,
mp-1033174,Mg6MnAlO8,
mp-769771,Li2CoGeO4,
mp-619032,PbCN2,25.58127779
mp-769769,Li2AlCoO4,
mp-769766,Li3CrO4,
mp-769765,Li2AlVO4,
mp-756648,LiNdO2,
mp-765697,Li2TiFeO4,
mp-769762,Li2AlNiO4,
mp-769760,Li2AlCoO4,
mp-769759,Li4Cr3GaO8,
mp-769758,Li4Cr3FeO8,
mp-765701,Li4V3FeO8,
mp-769755,Li4Cr3FeO8,
mp-769754,Li2AlNiO4,
mp-769753,Li4CrFe3O8,
mp-769751,RbFeO2,
mp-769750,Li4Cr3CoO8,
mp-756044,Na3AsO4,
mp-769744,Li4Cr3CoO8,
mp-769743,Li4Cr3NiO8,
mp-769742,Li4CrFe3O8,
mp-769741,Li4Cr3CoO8,
mp-755998,Zr3N2O3,
mp-1032500,LiMg6FeO8,
mp-622106,Ba5Pb3,
mp-755969,Sr3La4O9,
mp-756544,LiLaO2,
mp-772697,Li3Co4CuO8,
mp-755920,Ti3NO4,
mp-1033060,Mg6AlCO8,
mp-769709,Mn2InO5,
mp-669923,UGa,
mp-771719,Li4TiNi3O8,
mp-769698,Li2FeBO4,
mp-769696,Li2FeBO4,
mp-1032031,Mg6VZnO8,
mp-756508,NbPHO5,
mp-1033062,CaMg6AlO8,
mp-769685,Li2NiBO4,
mp-1031623,Mg6CrSnO8,
mp-868138,Li4Co3NiO8,
mp-769856,Li4Fe3NiO8,
mp-1031707,CaMg6CdO8,
mp-756443,Er2TiO5,
mp-772624,Al2CO,
mp-769658,Li2TiFeO4,
mp-765764,V4O5F7,
mp-769652,Li2VCrO4,
mp-772597,Li2CuNiO4,
mp-1032469,Mg6FeNiO8,
mp-1033335,Mg6NbCdO8,
mp-765552,Li2MnCoO4,
mp-765551,Li2MnNiO4,
mp-769641,Li2VCrO4,
mp-765549,Li7CoOF7,
mp-765547,Li3V(OF)2,
mp-1033587,RbMg6BO8,
mp-1030655,NaMg6GaO8,
mp-755659,DyHO2,
mp-864766,NaMgSO4F,
mp-674333,Na3PO4,
mp-755633,K5Se3,
mp-669332,Mn3Bi,
mp-779689,H3N,8.375363934
mp-755595,Er2TiO5,
mp-1032467,LiMg6FeO8,
mp-755537,Y2HfO5,
mp-762566,Li2FeSiO4,
mp-765787,LiNiOF,
mp-762834,LiTi2Co3O10,
mp-613523,Fe3C,180.2812247
mp-652608,UWC2,
mp-755472,BaCuO2,87.97126725
mp-1099093,CeMg14Si,
mp-1030964,KMg6CO8,
mp-756323,Li2CuAsO4,
mp-765495,Li4CrFe3O8,
mp-756316,Li3SbS4,
mp-765737,V4(OF3)3,
mp-772463,Li3Nb(CoO2)4,
mp-765440,LiV2F5,
mp-755054,Ti3N2O3,
mp-755047,Ti3N2O3,
mp-772253,Li3Cr(NiO2)4,
mp-1031357,HfMg6TiO8,
mp-1094443,Y3Mg,
mp-772249,Li4Fe3WO8,
mp-761087,NaTiO2,
mp-1031706,CaMg6CO8,
mp-1032096,Mg6CoCuO8,
mp-641526,Fe13Co3,184
mp-703668,FeH4S2NO8,
mp-1031643,Mg6VCO8,
mp-776618,Li4VCr3O8,
mp-776615,Li4VCr3O8,
mp-640345,Cs2MnFe(CN)6,
mp-675978,K2Bi3F11,
mp-764695,Li2VOF4,
mp-765712,Li4FeNi3O8,
mp-607450,In3Ru,
mp-781697,Li2MnNbO4,
mp-765708,V2OF5,
mp-607111,AlPt3,
mp-1032519,KMg6FeO8,
mp-1099115,CsCeMg14,
mp-754692,Bi2BO5,
mp-764671,LiMn7O7F,
mp-781675,Li3Co(OF)2,
mp-1031846,Mg6MnVO8,
mp-754664,Li2TiCuO4,
mp-754659,Zr3N2O3,
mp-754658,TeO3,
mp-772030,LiTiO2,
mp-1031827,Mg6VNiO8,
mp-1031430,Mg6TiCrO8,
mp-675801,KNbCl6,
mp-20285,NaPt3O4,
mp-1031872,CaMg6NbO8,
mp-771999,Li4Y3CrO8,
mp-771998,Li4Y3FeO8,
mp-851027,LiFeO2,125.872774
mp-758689,Li3CuF4,
mp-754556,Nb3N5,
mp-707160,HNF2,
mp-1099078,BaMg14Ni,
mp-1094230,MgSn3,
mp-770114,Mn2PO5,
mp-605437,FeHO2,
mp-769752,Li4Cr3FeO8,
mp-756090,BaNa4O3,
mp-756084,BaNa4O3,
mp-771942,Li3Mn5O8,
mp-1094666,Mg3Al,
mp-771919,LiFeO2,145.1605143
mp-754283,HoHO2,
mp-1030894,LiLaMg6O8,
mp-617283,Cu2AsClO4,
mp-672253,CuHgSCl,
mp-769959,Li4CrCu3O8,
mp-756007,Li3Cu3(PO4)2,
mp-754192,Tm2TiO5,
mp-771863,Li4Y3MnO8,
mp-755948,Tm2TiO5,
mp-771858,LiMnO2,119.5329152
mp-771857,LiTiVO5,
mp-1039032,CaZn3,
mp-850015,CrO,
mp-1099081,CeMg14Ni,
mp-776143,Li4V3CrO8,
mp-754073,Lu2TiO5,
mp-767915,Li2SiNiO4,
mp-754041,Gd2HfO5,
mp-755868,LiCu5(PO4)2,
mp-669688,U3Ga5,
mp-754008,BaCuO2,78.91617723
mp-754004,TmHO2,
mp-1032012,Mg6TiZnO8,
mp-1032516,Mg6TiFeO8,
mp-1033034,Mg6AlCrO8,
mp-1032879,CaMg6MnO8,
mp-765614,NaNi3O4,
mp-675325,Al(Ag3S2)3,
mp-616492,DyGe2Pt,
mp-616481,NbFeTe2,
mp-1094244,Mg3Sn,
mp-769676,RbLi7(NiO3)2,
mp-771785,Li3Co(NiO2)4,
mp-776054,Li2MnCuO4,
mp-675214,Rb2Bi3F11,
mp-1099083,Mg14FeSi,
mp-769659,Li2TiFeO4,
mp-756374,SrPt3O4,
mp-643759,GaH3NF3,
mp-1031691,Mg6VSnO8,
mp-756660,Li4Ti3NbO8,
mp-769907,Li4NbNi3O8,
mp-1032815,HfMg6MnO8,
mp-771729,Li4Mn3NbO8,
mp-765673,NaMnO2,
mp-756570,Rb4SnO3,
mp-669918,VSnRh2,188.8910782
mp-616575,MnB,155.576805
mp-773100,La2BiO5,
mp-778539,Li2CoBO4,
mp-616501,InCu6ClO8,
mp-616476,FeS,
mp-616440,C,435.6508073
mp-768422,TmHO2,
mp-755642,Li3VS4,
mp-849604,Na4CrO3,
mp-755647,CaPt3O4,
mp-626787,VHO2,
mp-626791,VHO2,
mp-626727,SrH4O3,
mp-696752,KP(HO2)2,27.06468411
mp-763973,V4O7F5,
mp-755617,NaHoO2,
mp-778345,Li2FeF5,
mp-768242,PtO3,
mp-772487,LiCrO2,
mp-772550,CrO3,
mp-755414,LiTiS2,
mp-643432,H3N,7.875605663
mp-771203,Li4MnCr3O8,
mp-613989,Pu,203
mp-755529,SbPHO5,
mp-621612,AgPb2Br5,
mp-1031603,Mg6NbVO8,
mp-1031939,YMg6BO8,
mp-649627,Cu3SbS4,
mp-849404,Na3FeO4,
mp-1031945,Mg6MnSnO8,
mp-626120,V3H5O8,
mp-763044,Li2NiSnO4,
mp-771176,Li2CoSnO4,
mp-1031710,Mg6CoBiO8,
mp-697139,PHN2,
mp-1031639,Mg6NiCO8,
mp-768055,Li2VCrO4,
mp-768054,Li4V3CrO8,
mp-697047,Li3H4Rh,
mp-1030833,Mg6NbSiO8,
mp-768048,Li4VCr3O8,
mp-771114,Li3Mn(NiO2)4,
mp-6944,LiTiO2,
mp-755447,Li3Cu3(PO4)2,
mp-771108,Li3V(FeO2)4,
mp-755445,Li2CuPO4,
mp-771107,Li3Ni4SnO8,
mp-771101,Li3V(CoO2)4,
mp-771100,Li3Ti(NiO2)4,
mp-696701,HPbClO,
mp-771102,Li4Ti3MnO8,
mp-771097,Li3Mn(FeO2)4,
mp-696582,BaSO2,
mp-771086,Li3Ti(CoO2)4,
mp-771085,Li3Co4NiO8,
mp-625663,ScHO2,
mp-755049,Li3Cu3(PO4)2,
mp-505696,Sr2MnCuSO3,
mp-1032988,Mg6AlCdO8,
mp-849246,Ti2CdO5,
mp-653811,Sr2NdCu3(PbO4)2,
mp-625621,GaHO2,
mp-625628,GaHO2,
mp-771068,Li2FeBO4,
mp-755015,NaLaO2,
mp-1031545,RbMg6AlO8,
mp-774126,Li3Ni4SbO8,
mp-619510,CsHg2Br5,
mp-625284,FeHO2,
mp-774121,LiFe2O2F3,
mp-625269,FeHO2,
mp-625268,FeHO2,
mp-625257,FeHO2,
mp-754739,CaBe3O4,
mp-1033183,Mg6AlFeO8,
mp-1033268,HfMg6WO8,
mp-772233,Li4VGa3O8,
mp-1030818,NaMg6CrO8,
mp-1023488,Mg15Sb,
mp-1023478,HfMg15,
mp-765695,V4(OF3)3,
mp-1020712,ZnSiN2,
mp-608206,CsC2I3N2,
mp-764710,Li3VO3F,
mp-754790,Ti3N2O3,
mp-754668,Hf3N2O3,
mp-849700,V4O5F7,
mp-754660,LiFeS2,
mp-761687,LiSbPO5,
mp-1033203,HfMg6GaO8,
mp-754645,MgCl2O,
mp-559327,Na2CoGeO4,
mp-567462,Sc3RhC4,178.1404585
mp-567505,SiC,213.6403845
mp-567556,CdSb2Se3Br2,
mp-567583,CsSbCl6,
mp-1031722,Mg6CoBiO8,
mvc-3270,MgVSiO5,
mp-555069,Tb2SnS5,
mp-569384,PrMgSi2,
mp-571544,KTiPSe5,
mp-567720,CuHgSeBr,
mp-5478,TlPd3O4,140.6734156
mp-567780,RbSn2Br5,
mp-567789,InI3,0.935826317
mp-571566,Li2ZnSi,
mp-1031671,Mg6CrNiO8,
mp-1032362,Mg6CdCuO8,
mp-27954,CuN3,10.03433098
mp-559417,LaB2ClO4,
mp-569434,Yb2(ZnGe)3,
mp-559418,Co2AsClO4,
mp-569450,LiB6C,
mp-567907,P3N5,145.280524
mp-569454,CdHgAsBr,
mp-569458,AlV4C3,219.0451736
mp-1031245,KMg6CrO8,
mp-567944,BCl,
mp-567961,Dy5BiAu2,
mp-1032015,Mg6TiZnO8,
mp-567975,AlPNCl5,
mp-567998,ICl,
mp-568024,ICl,
mp-561397,SO3,
mp-568049,NdMgSi2,
mp-561418,Zr3O,
mp-1032294,Mg6CoSnO8,
mp-568144,Dy5In3,
mp-1032610,YHfMg6O8,
mp-571634,Yb5Pb3,
mp-1032644,Mg6ZnNiO8,
mp-568151,Ti5Ge3,
mp-568173,LaMgSi2,
mp-557151,ZnS,
mp-21497,Pb2SO5,
mp-1033383,Mg6NbCO8,
mp-30299,RbAsO2,
mp-568244,TlSn2Br5,
mp-568263,GaSe,
mp-571666,CsLi3Cl4,
mp-769833,Li3Fe4SnO8,
mp-568363,C,
mp-571484,Ca3Hg,
mp-555186,Li2ZnSnS4,
mp-568376,Ta5Ga3,
mp-568394,MoCl3,
mp-568410,C,
mp-555202,KTeHOF4,
mp-557302,S2NO,
mp-1096984,H2CO,
mp-554032,Ti3O,
mp-1032542,Mg6VFeO8,
mp-572929,U2Cu2As3O,
mp-554048,NaAg(NO2)2,
mp-1031822,Mg6NiSnO8,
mp-561493,CoSb2Br2O3,
mp-573030,Cs2LiNbS4,
mp-1033087,Mg6TiAlO8,
mp-1031070,LiMg6SbO8,
mp-554105,CdAg2GeS4,
mp-1032503,Mg6ZnCO8,
mp-557391,Na2Ca2(CO3)3,
mp-554108,LiRe(OF2)2,
mp-557399,KSnSO4F,
mp-568476,BiPd2Pb,
mp-554120,DyCuS2,
mp-557414,BaSi6N8O,
mp-1033200,Mg6BiBO8,
mp-505311,Sr2CrCuSO3,
mp-554159,Li2BeSiO4,
mp-573495,ICl,
mp-557466,BiF3,
mp-573514,CsSb,
mp-756288,Li3Cu4SnO8,
mp-1033179,Mg6BiBO8,
mp-554244,Pr2SnS5,
mp-569687,CuHgSeCl,
mp-1099082,Mg14ZrB,
mp-568523,LiBH2,
mp-555267,CuHgSBr,
mp-557574,Cu2HgGeS4,
mp-574029,KC4N3,
mp-769811,Li3Mn4FeO8,
mp-569727,BiPd,
mp-574169,TiGeTe6,
mp-1028075,Mg14MnCr,
mp-574424,SeN,
mp-557685,NbIO2,
mp-574448,RbGd2CuSe4,
mp-561622,Cs2AgAsS4,
mp-561639,CsSbS2,
mp-574653,Cs2LiIr(CN)6,
mp-772068,Li3Co4TeO8,
mp-557724,KBiF6,
mp-574822,NaC4N3,
mp-569760,Dy5Pb3,
mp-554491,SiC(ClF)3,
mp-554493,BiAsPbO5,
mp-1032437,Mg6MnSiO8,
mp-561643,Co2TeCl2O3,
mp-561647,Cs2TeOF4,
mp-1031493,Mg6SiSnO8,
mp-1032689,Mg6MnCdO8,
mp-569776,TaNi3,
mp-568584,N2,2
mp-557825,H4CN2O,
mp-1033258,Mg6GaBO8,
mp-568594,CsYb3Se4,
mp-557856,BCl(OF2)2,
mp-1033559,RbMg6CO8,
mp-1033343,HfMg6CrO8,
mp-557870,LaF3,
mp-31857,Ti2FeO5,166.664256
mp-554678,CaGe2O5,116.0932953
mp-579518,Dy5Sn11,
mp-554711,CSCl2,
mp-579677,ZnB3Ir4,
mp-569837,Ti3Sb,109.4093292
mp-558016,CaMgAsO4F,
mp-558033,Na2Ca3Ta2O9,
mp-580126,Sm3Ge5,
mp-561877,HoF3,65.46805309
mp-580192,HoGe2Pt,
mp-1033197,HfMg6GaO8,
mp-558063,KCu(BiS2)2,
mp-559727,Tl2CuAsO4,
mp-580554,CsLi3Br4,
mp-1099113,CeMg14Co,
mp-568208,IrCl3,
mp-568663,FeAg3(CN)6,
mp-580748,Re3Se4Cl,
mp-580930,YGe2Ir,
mp-580962,RbC2I3N2,
mp-1031455,Mg6VCO8,
mp-1030856,Mg6SiCO8,
mp-31929,MnHO2,
mp-568686,Er5BiAu2,
mp-3379,K2SbF5,
mp-581281,Dy5SbAu2,
mp-556229,Li2MnF5,
mp-569891,Nb5Ge3,
mp-562054,XeO3,
mp-985705,CeAgAs2,
mp-555439,CsLi3F4,
mp-562100,NbS3,18.01188067
mp-569915,Er5Rh3,
mp-30676,Zr3Ti2Ga3,
mp-1032059,Mg6CoBO8,
mp-568758,BiBr,
mp-1031621,Mg6VCdO8,
mp-1033108,YMg6AlO8,
mp-569941,Ce3Sb3Au2,
mp-1032124,HfMg6FeO8,
mp-558387,TeOF2,
mp-1033146,Mg6MnAlO8,
mp-558446,AgHgSI,
mp-1032010,Mg6CrCoO8,
mp-555484,VS2Br2N3,
mp-558460,NaAg(NO2)2,
mp-559826,ErCuS2,
mp-558491,BaAlBO3F2,
mp-540912,As3Ir,129.5118325
mp-1099224,CsMg6WO8,
mp-569981,DyAl3,
mp-755821,Li5Cu(PO4)2,
mp-771997,Li4MnCu3O8,
mp-570005,SbBr3,
mp-1032862,Mg6MnFeO8,
mp-581990,Bi3Rh,
mp-568816,K2FeCu(CN)6,
mp-540943,SeBr,
mp-764881,V4O7F5,
mp-559864,InSb2S4Br,
mp-570022,Ho5Co2Bi,
mp-1032875,Mg6MnCoO8,
mp-562550,AgCSN,
mp-558747,TiTlPS5,9.922134029
mp-1332,Si3Mo5,241.2528883
mp-1032130,Mg6CrFeO8,
mp-558796,Ag(Bi2S3)3,
mp-558815,Rb2LiVS4,
mp-1031074,NaMg6SiO8,
mp-1031984,Mg6CoCO8,
mp-558907,CsCu(BiS2)2,
mp-582828,La3Ge3Cl2,
mp-27721,AsH3,
mp-754604,BaBePO4F,
mp-605735,Sr3In4Pb,
mp-771990,Li4Cu3WO8,
mvc-3244,MgCrPO5,
mp-625103,YbHO2,
mp-1019742,HeSiO2,
mp-764634,Li2CoSiO4,84.59692368
mp-764633,V2OF5,
mp-754468,NaCuO2,
mp-754459,BCl(OF2)2,
mp-646392,Dy3Co,
mp-1014333,C3N,
mp-1032772,YMg6VO8,
mp-754406,Li2CuPO4,
mp-754405,Ce2TiO5,
mp-771932,Li2V2SiGeO10,
mp-754369,Na4MgO3,
mp-776283,Li4NbCo3O8,
mp-761623,Li5V(SiO4)2,
mp-754308,Li3Cu3(PO4)2,
mp-754297,TiPHO5,
mp-1004373,LiMnO2,
mp-771798,WO3,48.74354436
mp-754250,NaLuO2,
mp-1033430,BaMg6BiO8,
mp-1033429,BaMg6CrO8,
mp-764594,Li4Fe3OF8,
mp-1033424,BaMg6NbO8,
mp-610430,BiBr3,
mp-1033419,BaMg6CdO8,
mp-1033410,SrMg6BiO8,
mp-754236,Y2GeO5,
mp-1033406,BaMg6BiO8,
mp-772251,Li3Mn4NiO8,
mp-1033386,BaMg6NbO8,
mp-1031997,YMg6BiO8,
mp-1094416,MgTi,
mp-754162,LiGdO2,
mp-1019724,LiEuO2,
mp-608081,Rb3Pb4Au,
mp-1033365,BaMg6CdO8,
mp-1031973,YMg6BiO8,
mp-754095,Li3Cu4F9,
mp-1033354,Mg6NbBiO8,
mp-771848,Li3Mn4SbO8,
mp-601952,K2FeCu(CN)6,
mp-1031942,YMg6CdO8,
mp-754044,Ho2TiO5,
mp-1033338,BaHfMg6O8,
mp-1033337,BaHfMg6O8,
mp-1030870,HfMg6SiO8,
mp-1032522,Mg6FeSiO8,
mp-601848,Fe11Co5,191.533238
mp-1033278,HfMg6SbO8,
mp-601833,Fe13Ge3,
mp-765747,Li4TiCr3O8,
mp-1031870,BaMg6NiO8,
mp-1031868,BaCaMg6O8,
mp-1033259,Mg6CdBiO8,
mp-1033256,Mg6CdBiO8,
mp-1094467,Mg3Zr,
mp-644418,CaH2CClO3,
mp-1031857,BaCaMg6O8,
mp-1033246,HfMg6BiO8,
mp-780915,V4OF11,
mp-1033234,HfMg6SbO8,
mp-542748,Ho3Ge5,
mp-1033211,HfMg6BiO8,
mp-1033075,CaMg6AlO8,
mp-1031781,CaMg6BiO8,
mp-1031768,CaMg6BiO8,
mp-753917,Y2HfO5,
mp-606510,CsTaI6,
mp-1031724,BaMg6VO8,
mp-1029932,LiVN2,80.34737049
mp-626423,FeHO2,
mp-626365,FeHO2,
mp-626357,FeHO2,
mp-753858,TiOF2,
mp-644103,CaSiSnO5,
mp-753845,LiCuO2,
mp-1033065,CsMg6AlO8,
mp-1033061,BaMg6AlO8,
mp-644003,BaCo2P2H2O9,
mp-1033059,BaMg6AlO8,
mp-1029903,LiNbN2,111.7696359
mp-643791,RbP(HO2)2,
mp-696666,H4NClO2,
mp-753755,Bi3O4F,
mp-1031593,BaMg6VO8,
mp-1031539,BaMg6SnO8,
mp-771731,Li4CrGa3O8,
mp-1031518,SrMg6SnO8,
mp-1032201,Mg6CuBiO8,
mp-643385,SrHIO,
mp-643384,BaHIO,
mp-1031499,SrMg6SnO8,
mp-17118,Y3Ge5,
mp-765893,Li3NiOF3,
mp-849586,V4O7F5,
mp-1031469,HfMg6SnO8,
mp-765333,Li5Mn3O5F3,
mp-601401,KCSN,
mp-1031414,Mg6SnBiO8,
mp-6633,NaCSN,17.8403567
mp-1031413,KCeMg6O8,
mp-1032818,YMg6SnO8,
mp-1031755,CaHfMg6O8,
mp-1032806,YMg6SnO8,
mp-1031397,BaMg6TiO8,
mp-1029834,HfMgN2,156.512415
mp-1031392,BaMg6TiO8,
mp-1032348,Mg6CuCO8,
mp-1014324,C3N,
mp-765502,Li4Cr3FeO8,
mp-1014297,C3N,
mp-1031378,Mg6SnBiO8,
mp-626755,SrH4O3,
mp-626750,SrH4O3,
mp-626735,BaH4O3,
mp-626726,BaH4O3,
mp-626720,BaH4O3,
mp-1031347,KLaMg6O8,
mp-1031346,KCeMg6O8,
mp-644295,CaZrGeO5,
mp-1029791,MgSnN2,120.2899084
mp-1033312,Mg6BCO8,
mp-1029775,BaMnN2,
mp-1031330,KLaMg6O8,
mp-1099261,CsMg6GaO8,
mp-1029770,BaCrN2,
mp-1029763,ZnSiN2,104.1779304
mvc-11317,MgCo2S5,
mp-1033427,Mg6NbCrO8,
mp-1032679,BaMg6MnO8,
mp-1032675,BaMg6MnO8,
mp-1032663,BaYMg6O8,
mp-11944,LiYbGe2,
mp-755755,Li3Nb(CuO2)4,
mp-1032629,CsYMg6O8,
mp-1029711,NaVN2,45.00429896
mp-1031821,Mg6SiNiO8,
mp-1032623,RbYMg6O8,
mp-1031233,CsMg6SiO8,
mp-1029702,MgTiN2,161.6739146
mp-1031221,CeHfMg6O8,
mp-1031196,CsCeMg6O8,
mp-1031644,Mg6TiVO8,
mp-1094464,Mg3Zn,
mp-1032588,BaYMg6O8,
mp-1033159,Mg6AlVO8,
mp-1031634,Mg6VCrO8,
mp-1032578,CsYMg6O8,
mp-627601,AgSbS2,
mp-779978,V4O5F7,
mp-558979,VS2N3Cl2,
mp-568934,Ti4AlN3,
mp-1032207,Mg6CuBiO8,
mp-754268,Li3Cu4TeO8,
mp-559033,VS2N3Cl2,
mp-568944,Yb5Au3,
mp-1032743,YMg6ZnO8,
mp-1032284,KMg6CoO8,
mp-541067,HgNO2,
mp-541070,Ta2NiSe5,
mp-565254,Na3VSO3,
mvc-12859,ZnCo2S5,
mp-1031652,Mg6CdNiO8,
mp-1031505,KMg6AlO8,
mp-765603,Li4FeCo3O8,
mp-570187,Tb5BiAu2,
mp-1033550,RbMg6GaO8,
mp-601842,Fe9Co7,190.3716905
mp-560029,Y3BrO4,
mp-766901,LiVF6,
mp-6391,Na2ZnSiO4,
mp-569060,Cs2PSe5,
mp-6402,Na2ZnGeO4,
mp-32342,Ba3NiO4,
mp-570232,TbCl3,13.72362556
mp-565348,LiMnO2,102.3114254
mp-569081,Tb5SbAu2,
mp-569084,H3AuC2NCl,
mp-560067,AgHgSBr,
mp-1030710,NaMg6WO8,
mp-541190,Cs2LiVO4,
mp-569112,Li3CaMnN3,
mp-569115,Li2ZnGe,
mp-570287,Ta5Si3,211.0983177
mp-555750,Nd2SnS5,
mp-570293,Nb5Ga3,
mp-570321,InSb2Se4Br,
mp-32428,LiVPO5,
mp-1032915,CaMg6MnO8,
mp-35082,BH6N,5.773892361
mp-570363,LiSi,
mp-1099100,Mg14CdC,
mp-7035,CaMgAsO4F,
mp-1033407,Mg6CrCdO8,
mp-565521,NiBiAsO5,
mp-32566,Si3O,
mp-746,Sr5Si3,
mp-7594,CsLiF2,
mp-1032337,Mg6TiCoO8,
mp-541378,CsBiS2,
mp-17449,Tc3P,
mp-555936,RbNa7(CoO3)2,
mp-1032997,CaMg6VO8,
mp-570542,LiTm2Cl5,
mp-1031541,Mg6CrSnO8,
mp-555984,EuCu2SnS4,
mp-1031920,KMg6MnO8,
mp-1030667,NaMg6CO8,
mp-1031339,KMg6TiO8,
mp-570615,BaThBr6,
mp-556012,NaCSN,
mp-1033557,RbMg6BO8,
mp-542019,Np5Ge3,
mp-570641,SiC,213.522133
mp-542136,Na3PSO3,38.07371557
mp-505806,CsC,
mp-505814,CsBa2Nb3O10,
mp-505815,CsLa2CuSe4,
mp-505821,NaV2O5,
mp-542328,Ce5Ga3,
mp-542342,Dy5Ga3,
mp-542388,Lu7Te,
mp-542426,CuHgSI,
mp-542441,V3O5,
mp-582399,Pu3Pd5,
mp-566285,FeF3,
mp-510710,Cs2AgSbS4,
mp-1031733,Mg6NbNiO8,
mp-561134,Sn2SbS2I3,
mp-1031979,Mg6CrCoO8,
mp-556450,PrB2ClO4,
mp-566406,MnVBiO5,
mp-771784,Li3Mg(NiO2)4,
mp-510122,CePu4Co3,
mp-570987,Ce3Al,
mp-566471,LiFeMoClO4,
mp-561153,XeF3,
mp-556468,ZnS,
mp-556480,Ti3O5,
mp-556839,CaBiCO4F,
mp-570778,Cl2,
mp-566680,Li2MnSiO4,
mp-566700,NaV2Bi3O10,
mp-565879,K3VSO3,
mp-556859,HgO,
mp-556519,CeB2ClO4,
mp-1031101,LiMg6BiO8,
mp-510338,Cs2LiVS4,
mp-510341,Cs3Ge4Au,
mp-556872,RbCO2,
mp-556878,BiPPbO5,
mp-570844,Ga3Os,
mp-510359,CeSn2Rh,
mp-1099097,SrCeMg14,
mp-570848,HgCN2,
mp-556541,InSb2S4Cl,
mp-1031703,Mg6NiBiO8,
mp-556888,KSbF6,
mp-642831,RbP(HO2)2,
mp-566025,VSnPO5,
mp-4984,SiB2Mo5,271.0099208
mp-571169,InBi2Se4Br,
mp-565979,MnBiAsO5,
mp-556576,ZnS,
mp-565994,WO3,193.2804239
mp-510471,GdCuS2,
mp-571212,Yb5Ag3,
mp-510493,Ce5Ge3,
mp-570931,SrLi3MnN3,
mp-510522,Zr5Sn3,
mp-510503,Nd5Sn3,
mp-1033387,HfMg6CrO8,
mp-1094520,Mg3Sb,
mp-510528,GdCuSe2,
mp-566054,FeN3ClO3,
mp-556296,BaS3,
mp-1031251,KMg6SiO8,
mp-571247,Al3Mo,135.5239291
mp-1031142,LiMg6GaO8,
mp-1031738,HfMg6CoO8,
mp-556660,CO,
mp-560600,CsNiPdF5,
mp-566084,K2LiVO4,
mp-560977,KTiPS5,
mp-571284,Cs2FeNi(CN)6,
mp-571288,KTa(AgSe2)2,
mp-560611,HoCuS2,
mp-560616,KCO2,
mp-510577,LaNiSnH,
mp-510579,PrNiSnH,
mp-510580,NdNiSnH,
mp-18762,Na4CoO3,46.21178323
mp-542975,VBiPbO5,
mp-18773,WO3,59.10610132
mp-1032171,LiMg6CoO8,
mp-1021498,P3Pd,
mp-1021512,LuO3,
mp-1032929,CaMg6FeO8,
mp-1033144,Mg6AlCuO8,
mp-1031408,Mg6TiNbO8,
mp-1031896,HfMg6NiO8,
mp-18873,Rb2NaMnO4,
mp-569187,BH6N,
mp-2786,Ca5Zn3,
mp-1032499,Mg6VFeO8,
mp-18889,VAg3O4,
mp-1032333,RbMg6CoO8,
mp-1033032,Mg6NbAlO8,
mp-1031055,LiMg6WO8,
mp-20428,LiCeGe2,
mp-30070,U3Cu2Sb3,
mp-7181,CsSr2Ta3O10,
mp-18968,Li2FeSiO4,88.21023478
mp-867215,Sc3OsC4,
mp-10503,MgB4Os3,
mp-3440,Li2(LuGe)3,
mp-10487,RbSb,
mp-19007,V2PO5,
mp-3647,LiGaS2,
mp-243,KC,
mp-7022,V5As3,
mp-11115,RbCuPdSe5,
mp-11465,Mg5Hg3,42.99599781
mp-24880,Na2CoGeO4,
mp-11602,KY2CuS4,
mp-11603,KNd2CuS4,
mp-11604,KSm2CuS4,
mp-11606,KHo2CuS4,
mp-19105,Na3MoNO3,
mp-24901,CrPb2O5,
mp-11794,AlAgO2,
mp-556745,TlCO2,
mp-19123,Rb2LiVO4,
mp-24939,NaFeO2,
mp-556754,Ti3O5,
mp-1039249,MgCd3,
mp-1094358,Mg3Ti,
mp-1031540,Mg6AlSiO8,
mp-849543,V4(OF3)3,
mp-1031529,NaMg6AlO8,
mp-626221,V3H5O8,
mp-1031510,NaMg6AlO8,
mp-1039230,Ca3Mg,
mp-1029633,CaSnN2,94.92773155
mp-762870,Li2CrSiO4,
mp-504768,CuN3,
mp-1032928,CaMg6CuO8,
mp-1099088,KMg14Co,
mp-768057,Li2VCrO4,
mp-1031097,RbCeMg6O8,
mp-1031369,LiMg6TiO8,
mp-1031089,RbCeMg6O8,
mp-697084,HPbIO,
mvc-5022,TeWO6,
mp-769814,Li3Mn4CuO8,
mp-1032440,BaMg6FeO8,
mp-1031038,RbLaMg6O8,
mp-1031344,LiMg6TiO8,
mp-1030841,SrMg6SiO8,
mp-1031009,LaHfMg6O8,
mp-1031319,Mg6TiBO8,
mp-1031004,RbLaMg6O8,
mp-1099096,CeMg14Cd,
mp-1032690,Mg6MnCrO8,
mp-1032360,BaMg6CoO8,
mp-1016152,NaMnO2,
mp-1030982,CsLaMg6O8,
mp-1030903,LiMg6SiO8,
mp-1032598,Mg6ZnCuO8,
mp-1003486,CaMnO2,
mp-849335,Ti3N2O3,
mp-768019,LiTi2V3O10,
mp-1033138,HfMg6BO8,
mvc-8223,CaSb2O5,
mp-771099,Li3Mn4SnO8,
mp-1032324,BaMg6CuO8,
mp-767940,Li2VF5,
mp-1030940,KMg6BiO8,
mp-1032309,BaMg6CoO8,
mp-1030929,KMg6BiO8,
mp-1031129,LiMg6CO8,
mp-768002,LiTi2Mn3O10,
mp-1029536,MgZrN2,149.363186
mp-696744,PH2NO4,
mp-1016120,KMnO2,
mvc-15601,CaMnO2,
mp-1030871,CsMg6SiO8,
mp-1032755,YMg6VO8,
mp-1029506,CaSiN2,112.8469988
mp-767981,NiOF2,
mp-774113,LiVSiO5,
mp-1030846,BaMg6SiO8,
mp-757119,LiCu2F5,
mp-1030830,BaMg6SiO8,
mp-771401,Li3Mn4VO8,
mp-1016108,TiZnN2,154.4250021
mp-697025,HI,
mp-1020057,LiLaO2,
mp-18695,Fe15Co,184.1510591
mp-22762,CoN3,
mp-1030814,HfMg6SiO8,
mp-1032272,Mg6CoNiO8,
mp-1032152,BaMg6FeO8,
mp-696588,PH3,
mp-696512,NaH4IO2,
mp-1032215,Mg6FeBiO8,
mp-757094,La2HfO5,
mp-1029469,ZnSnN2,132.9797094
mp-1006226,ZnBi,38.39409752
mp-1006058,UCd2O5,
mp-771084,Te(WO4)3,
mp-1094603,LiMg3,
mp-1033637,RbMg6WO8,
mp-1030808,NaMg6SiO8,
mp-1031943,YHfMg6O8,
mp-1033359,Mg6NbBiO8,
mp-1033608,RbMg6BiO8,
mp-1031834,SrCaMg6O8,
mp-1031859,BaMg6NiO8,
mp-1031550,Mg6SnCO8,
mp-12459,Ag3PS4,
mp-556767,ClF3,
mp-24974,NaFeO2,
mp-863842,Ba2ScFeAsO3,
mp-19175,MnSe2O5,
mp-763976,V4O7F5,
mp-19219,Li3VO4,62.97155504
mp-510584,MoO3,31.01106706
mp-19243,VSb2O5,
mp-1030989,LiLaMg6O8,
mp-19255,TiFe2O5,
mp-25071,MoPb2O5,
mp-7806,Cr3P,
mp-1033173,Mg6BSbO8,
mp-510623,Fe3C,223.2378699
mp-1099085,CaCeMg14,
mp-14636,Rb2NbAgS4,
mp-1032451,NaMg6MnO8,
mp-566459,VBiPbO5,
mp-510666,VBiPbO5,
mp-15227,NdPd3S4,
mp-19351,MnSi2O5,
mp-25182,Pb2WO5,
mp-1030934,LiCeMg6O8,
mp-2296,Ni3P,
mp-25487,LiCoPO4F,
mp-19369,Ti2CrO5,
mp-25501,LiCrPO4F,
mp-25515,LiFePO4F,
mp-1099094,NaMg14B,
mp-771440,Li3TiMn4O8,
mp-25552,LiMnPO4F,
mp-25555,CsMnP3HO10,
mp-1031792,Mg6NiSnO8,
mp-19422,Na3VS3O,
mp-19054,BaMnCO3F2,
mp-1755,ZnAu3,124.6227722
mp-17728,Ta3Ge,
mp-17760,ErGe2Pt,
mp-19447,Cs2NaVO4,
mp-18606,ErGe2Ir,
mp-1030883,Mg6CrSiO8,
mp-18667,TbGe2Ir,
mp-25619,LiVPO4F,
mp-542168,Cs2CoSiO4,
mp-1032131,Mg6CdFeO8,
mp-25652,LiPWO4F,
mp-7945,V3S,
mp-1099101,KMg14Si,
mp-1033208,Mg6CdCO8,
mp-561122,Gd2SnS5,
mp-777000,Li3V4CrO8,
mp-1033178,Mg6BiCO8,
mp-1033435,SrMg6CrO8,
mp-571306,Ca2Zn2CuP3,
mp-1031659,Mg6TiVO8,
mp-643790,CeNiSnH,
mp-644899,UIr,
mp-765007,VF3,
mp-12023,MnCu2SiS4,
mp-1032264,HfMg6CuO8,
mp-1031861,Mg6TiMnO8,
mp-1031694,SrMg6VO8,
mp-773427,Li4Mn3CuO8,
mp-1032624,Mg6FeCuO8,
mvc-5566,CaNiO2,
mp-1030861,Mg6SiCO8,
mp-31038,CuSe2Cl,8.412043981
mp-1033389,HfMg6NbO8,
mvc-8087,MgTi2O5,
mvc-8117,MgSb2O5,
mvc-8123,Ti2ZnO5,
mvc-8179,MgSn2O5,
mvc-8196,ZnSb2O5,
mvc-8202,CaTi2O5,
mvc-8200,MgBi2O5,
mvc-8219,ZnBi2O5,
mvc-8236,ZnSn2O5,
mvc-8235,CaBi2O5,
mvc-8242,CaSn2O5,122.4645794
mp-1031365,SrMg6TiO8,
mvc-8339,MgCr2O5,
mvc-8344,MgMn2O5,
mvc-8345,MgCo2O5,
mvc-8363,CaV2O5,
mvc-8358,MgMo2O5,
mvc-8378,CaCr2O5,
mvc-8366,ZnMo2O5,
mvc-8374,MgW2O5,
mvc-8379,ZnW2O5,
mvc-8365,MgFe2O5,87.02438166
mvc-8376,CaCo2O5,
mvc-8368,CaMn2O5,
mvc-8367,Mn2ZnO5,
mvc-8400,V2ZnO5,
mvc-8375,ZnFe2O5,
mvc-8377,MgNi2O5,
mvc-8380,ZnCo2O5,
mvc-8396,ZnCr2O5,
mvc-8395,CaFe2O5,
mvc-8422,CaMo2O5,
mvc-8421,CaW2O5,
mvc-8417,CaNi2O5,
mvc-888,CaVO2,
mp-1094412,MgTi,
mp-1032694,Mg6MnBO8,
mvc-959,CaCrO2,
mp-773335,Li4Mn3FeO8,
mp-1031191,LiMg6WO8,
mvc-16317,Ba2Ca2Cu3HgO8,
mvc-16417,CaCuO2,
mvc-4864,ZnCoO2,
mp-1030869,Mg6SiBO8,
mp-1032435,SrMg6FeO8,
mvc-2348,ZnCuO2,
mvc-239,CaSnO2,
mvc-2446,MgSnO2,
mvc-2430,ZnSnO2,
mvc-2354,MgTiO2,
mvc-2438,MgCuO2,
mvc-240,ZnSnO2,
mvc-2426,TiZnO2,
mp-1032982,CaMg6SiO8,
mvc-2447,CaSnO2,
mvc-2646,MgNiO2,
mvc-2614,MgMnO2,
mvc-2612,MnZnO2,
mvc-2857,CaWO2,
mvc-2838,MgVO2,
mvc-2863,MgCoO2,
mvc-2903,MgFeO2,
mvc-2921,ZnFeO2,
mvc-2945,CaCrO2,
mvc-2940,CaCoO2,
mvc-2919,VZnO2,
mvc-2922,CaMnO2,
mvc-2936,CaNiO2,
mvc-2941,CaFeO2,
mvc-287,MgCuO2,
mvc-3049,CaTiPO5,
mp-1032338,Mg6CuCO8,
mvc-4429,CaBi2O5,
mvc-3211,Sr2FeCuSO3,
mvc-3157,TiZnSiO5,
mvc-3213,Sr2CrCuSO3,
mvc-3128,TiZnPO5,
mvc-3248,MgCrSiO5,
mvc-3257,MgFePO5,
mvc-3264,MgMnSiO5,
mvc-3237,ZnCrSiO5,
mvc-3232,ZnSiNiO5,
mvc-3281,MgVPO5,
mp-1003854,KMnO2,
mvc-3306,VZnPO5,
mvc-3236,MgCoSiO5,
mvc-3301,MgMnPO5,
mvc-3315,MgCrSF5,
mvc-3277,ZnFePO5,
mvc-3255,MgFeSiO5,
mvc-3267,VZnSiO5,
mvc-3319,ZnCrSF5,
mvc-3340,VZnSF5,
mvc-3227,ZnCoPO5,
mvc-3231,ZnCoSiO5,
mvc-3243,MgCoPO5,
mvc-3291,MgNiPO5,
mvc-3283,MgSiNiO5,
mvc-4934,ZnNiO2,
mvc-4962,ZnSnO2,
mvc-3341,MgVSF5,
mvc-446,CaCuO2,
mvc-5808,CrIrO6,
mvc-4667,CaTiO2,
mp-1030873,RbMg6SiO8,
mvc-579,MgWO2,
mvc-580,ZnFeO2,
mvc-5828,MoIrO6,
mp-1031034,LiMg6CrO8,
mp-1031242,KMg6SiO8,
mvc-1093,CaWO2,
mvc-1136,CaCoO2,
mvc-11394,MgCr2O5,
mp-1032654,Mg6VZnO8,
mvc-1200,CaMnO2,
mvc-12575,ZnCrO2,
mvc-1260,CaFeO2,
mvc-12201,TiZnO2,
mvc-12706,Sr2MnCuSO3,
mvc-1291,ZnWO2,
mvc-130,ZnCuO2,
mvc-12716,ZnCr2S5,
mvc-133,MgSnO2,
mvc-14036,Sr2CoCuSO3,
mvc-13663,TiZnO2,
mvc-15435,ZnCr2O5,
mp-10533,YCuS2,
mp-1031824,Mg6MnNiO8,
mp-1030819,NaMg6CrO8,
mvc-14037,ZnFeSiO5,
mp-1032873,Mg6MnCuO8,
mp-1033280,HfMg6CO8,
mp-608072,SrIn,
mp-643743,CuHClO,
mvc-9864,ZnCo2O5,
mp-1032147,Mg6FeCO8,
mp-1032962,CaMg6SiO8,
mp-1032018,Mg6NbCoO8,
mp-7822,Sc5Si3,89.09772476
mp-1031198,NaMg6TiO8,
mp-623066,GaPt3,
mp-862762,Pr3Co,
mp-864645,YbSiPt2,129
mp-864637,NdAl,
mp-764015,Li4Ti3VO8,
mp-864793,NdAgAs2,
mp-1033139,Mg6AlCuO8,
mp-865658,LiPrGe2,
mp-865778,Lu5Rh3,
mp-1032986,Mg6AlBO8,
mp-867175,SmAgAs2,
mp-1099080,Mg14FeCo,
mp-568753,TcBr3,
mp-1032803,Mg6MnZnO8,
mp-1031884,Mg6TiNiO8,
mp-20437,Sr2SmCu3(PbO4)2,
mp-1031808,Mg6SiNiO8,
mp-766736,LiNi7O7F,
mp-1023593,Mg15Sn,
mp-1023568,CsMg15,
mp-1029878,SrMnN2,92.26191696
mp-1023517,RbMg15,
mp-1031308,KMg6BO8,
mp-1030755,NaMg6BO8,
mp-1033571,CsMg6CO8,
mp-1023515,Mg15B,
mp-1023511,SrMg15,
mp-1033568,CsMg6SbO8,
mp-1033567,RbMg6SbO8,
mp-1023510,YMg15,
mp-1032150,Mg6CuNiO8,
mp-1029838,SrCrN2,92.24994452
mp-1023509,Mg15Si,
mp-1023508,CaMg15,
mp-1029779,ZnGeN2,149
mp-765244,LiV2O2F3,
mp-1033561,RbMg6SbO8,
mp-1023507,Mg15Mn,
mp-1023506,Mg15Al,
mp-1023503,Mg15Ga,
mp-540915,Eu3BrO4,
mp-1031159,NaLaMg6O8,
mp-1032565,Mg6ZnBiO8,
mp-1032040,BaMg6ZnO8,
mp-1033542,BaSrMg6O8,
mp-1023502,Mg15Nb,
mp-1033527,BaSrMg6O8,
mp-1032037,BaMg6ZnO8,
mp-1033526,CsMg6BO8,
mp-1023499,NaMg15,
mp-763427,V4O7F5,
mp-1023498,KMg15,
mp-1023497,Mg15C,
mp-1033518,CsMg6SbO8,
mp-1033513,RbMg6BiO8,
mp-1023496,Mg15Mo,
mp-1033512,CsMg6BiO8,
mp-769797,Li3Fe4CoO8,
mp-1033497,CsMg6BiO8,
mp-1023495,Mg15Bi,
mp-1023493,LiMg15,
mp-1033482,SrMg6BiO8,
mp-1023492,Mg15W,
mp-1023490,Mg15Cr,
mp-1001011,TaO3,187.8441006
mp-1016119,NaMnO2,
mp-1033461,BaMg6CrO8,
mp-1023489,Mg15Cd,
mp-1032792,YMg6MnO8,
mp-7762,CdGe2O5,
mp-765937,Li4CrCo3O8,
mp-690667,Ag7NO8,
mp-2301,NiP3,114.656009
mp-16116,RbSm2CuSe4,
mp-16118,RbDy2CuSe4,
mp-571135,La3BCCl3,
mp-10045,Ba5As3,
mp-10047,Ca5As3,
mp-16179,SrCu2GeSe4,
mp-11582,LiGaSe2,34.79822494
mp-11595,Yb5Ge3,
mp-11605,KTb2CuS4,
mp-10091,KV(CuSe2)2,
mp-16223,TlTe,
mp-16230,Tb5Sb3,
mp-1357,P3Rh,150.8848451
mp-10114,ScB4Ir3,
mp-10126,V5SiB2,
mp-1032448,SrMg6MnO8,
mp-13686,Nb5Si3,194.4303021
mp-13725,Li3PO4,70.24959742
mp-11738,Na3PS3O,27.13827247
mp-10203,Ta5Si3,
mp-11790,LaCuSe2,56.74083053
mp-11792,PrCuSe2,
mp-11791,CeCuSe2,
mp-11793,SmCuSe2,
mp-13853,P3Ir,170.4020687
mp-10251,LiDyO2,
mp-13861,HfB4Ir3,
mp-11854,Er5Ge3,
mp-10288,LaCuTeS,
mp-13917,LiCaGe2,
mp-16445,CsSm2CuSe4,
mp-11908,Lu5Si3,
mp-11923,Rb2TaCuS4,
mp-10347,CsCa2Ta3O10,
mp-1031396,Mg6TiNbO8,
mp-11924,Rb2TaCuSe4,
mp-11925,RbTa(CuSe2)2,
mp-13982,CdCu2GeS4,66.55126945
mp-16507,LuAl,
mp-2044,Zr5Al3,
mp-16523,Al3Pd5,155.6165602
mp-2538,Y5Si3,
mp-1032468,RbMg6MnO8,
mp-12024,RbVSe2,
mp-10419,Na4ReN3,
mp-1031931,YMg6BO8,
mp-14083,K2FeNi(CN)6,
mp-1409,TiNi3,192.4838743
mp-16559,KHo2CuSe4,
mp-16560,KEr2CuSe4,
mp-10495,NdCuS2,
mp-10500,Ho5Ni2Sb,
mp-10509,BaGaBO3F2,
mp-10504,ScB4Os3,
mp-10510,BaAlBO3F2,
mp-1031818,Mg6MnNiO8,
mp-12170,La2SnS5,
mp-16687,Ti5Sb2Rh,
mp-16684,PrCuS2,
mp-1428,Ni5Ge3,
mp-12181,BaSnS2,
mp-756645,Li5Ti3O8,
mp-1033459,Mg6NbCO8,
mp-10543,K3SbO4,
mp-16721,TmAl,
mp-16724,Zr5Al3,
mp-10555,Ba2LiReN4,
mp-10556,Sr2LiReN4,
mp-14322,Ba3Tm4O9,
mp-14323,Ba3Ho4O9,
mp-1033291,Mg6BCO8,
mp-14363,Rb2LiAsO4,
mp-12322,RbGd2CuS4,
mp-10620,LiPrO2,
mp-2058,Ni3B,224.7016121
mp-10621,RbSbS2,
mp-1099263,CsMg6BO8,
mp-12364,BaCu2SnSe4,
mp-206,Tb5Si3,
mp-1239,Sb3Ir,98.71806007
mp-14476,LiRhO2,120
mp-1094141,LiNiO2,
mp-12457,LuCuS2,
mp-1032301,NaMg6CoO8,
mp-772267,Li2AlFeO4,
mp-12467,Ca5Sb3,36.48261664
mp-1460,RbGa7,
mp-2585,Sr5Sb3,
mp-14623,K5CuAs2,
mp-14624,K5P2Au,
mp-1884,Ca5Ge3,
mp-14634,K2VAgSe4,
mp-14635,Rb2VAgSe4,
mp-14637,Cs2NbAgSe4,
mp-1464,Nd5Ge3,
mp-2591,Ti3O,
mp-1465,Nd5Ge3,
mp-14659,KAsSe2,
mp-1031076,LiMg6BiO8,
mp-261,Ba3Al5,
mp-2610,Tb5Ge3,
mp-10802,RbAs,
mp-10804,NaYPO4F,
mp-10821,RbC,
mp-10834,RbNd2CuS4,
mp-10835,RbSm2CuS4,
mp-12633,Mn5B2P,
mp-12645,LiHoO2,
mp-2626,Zr3Rh5,
mp-2361,Hf5Al3,110.9768678
mp-14824,Sr2HoCu3(PbO4)2,
mp-14825,Sr2ErCu3(PbO4)2,
mp-14853,Ba3Er4O9,
mp-12700,NbPt3,250
mp-2632,TlF3,
mp-10961,La5Si3,
mp-10963,Ag2SnHgSe4,
mp-2649,Zr5Sb3,104.6172543
mp-10970,LiErO2,
mp-1501,Al3Pt5,198.8241694
mp-1031524,LiMg6AlO8,
mp-625404,AlHO2,
mp-12807,KAlO2,
mp-2081,TlTe,
mp-12843,YCuS2,
mp-771644,Li3Cu5O8,
mp-15147,K2VCuS4,
mp-15144,ZnAg2GeO4,
mp-15214,K2NbAgS4,
mp-1003856,MgMnO2,
mp-15216,K2TaAgS4,
mp-11114,KCuPdSe5,
mp-2681,Ho5Sb3,
mp-15217,Rb2TaAgS4,
mp-15218,Cs2TaAgS4,
mp-15219,Rb2VCuS4,
mp-15220,K2VCuSe4,
mp-15221,Rb2NbCuS4,
mp-15222,Rb2NbCuSe4,
mp-15223,Cs2NbCuSe4,
mp-11151,NaPrTe2,
mp-12955,HoAgSe2,
mp-12960,Er5Sb3,
mp-12984,TbCuSe2,
mp-1031458,HfMg6VO8,
mp-11225,TbAl,
mp-13020,Ti5CuSb2,
mp-1536,KSb,
mp-1726,KO3,
mp-13052,Sr5Si3,
mp-2236,UIr,
mp-1944,CoP3,148.9031926
mp-1032987,Mg6AlBO8,
mp-10935,NaErPO4F,
mp-2395,Sb3Rh,88.91388608
mp-3803,Ta4AlC3,237.4725444
mp-13139,SrLiGe2,
mp-13140,BaLiGe2,
mp-11338,Sc3Si3Ni2,
mp-15553,KGd2CuS4,
mp-11347,TbF3,
mp-1317,CoSb3,82.93445433
mp-15573,Tl3AsO4,
mp-11368,Er5Ga3,
mp-174,Tl5Te3,
mp-2402,NaSi,
mp-1321,CdSb,38.99693659
mp-15617,Cr5B3,291.0453904
mp-15619,GaAs,55.86368464
mp-15621,AlSb,48.89332544
mp-13236,Ho5Si3,
mp-11437,Er3Rh,
mp-2408,Ga3Pd5,
mp-11453,HfPd3,178.5166744
mp-15698,Sr5As3,
mp-1147,Ti3O5,171.3654384
mp-15733,CaTaAlO5,
mp-2416,YF3,
mp-15751,Ba3Y4O9,
mp-2118,RhN3,
mp-15846,Lu5SbPd2,
mp-15964,Hf3Sb,114.0366712
mp-15998,RbV(CuS2)2,
mp-1989,Ta5Si3,214.7113732
mp-1992,Pu5Ru3,
mp-1793,Zr3Te,105.6811849
mp-201,Yb5Sb3,
mp-1796,Tl5Te3,
mp-2015,Nd3Ge5,
mp-1806,RbO3,
mp-2836,Dy5Si3,
mp-2848,Pu5Ir3,
mp-773461,Li4MgCo3O8,
mp-19026,Na4FeO3,
mp-4198,Ag3PO4,75.40702719
mp-1032845,NaYMg6O8,
mp-29431,LiDy2Br5,
mp-20916,V5Ge3,
mp-19111,NaV2O5,
mp-20925,Co3C,
mp-1031806,SrMg6NiO8,
mp-27988,IF7,
mp-1033030,YMg6FeO8,
mp-3315,CaPd3O4,165.7989956
mp-28007,BaHgS2,
mp-28015,H2O2,
mp-20961,EuPd3S4,
mp-28024,YSiPd2,126.3283217
mp-28027,AsF3,
mp-28029,TcP3,
mp-20988,Cs2LiCr(CN)6,
mvc-13684,CaV2O5,
mp-4308,PrAgAs2,
mp-20948,NbNiP2,
mp-21012,Si3Rh5,198.7230829
mp-28068,LiDy2Cl5,
mp-21013,Cs2LiFe(CN)6,
mp-22690,TbCdF6,
mp-433,DyAl,
mp-28080,K2SnTe5,
mp-22709,TaNiB2,
mp-21037,U2FeS5,
mp-22720,RbSr2Nb3O10,
mp-28096,SCl,
mp-24565,BaHClO,
mp-30823,Pu5Os3,
mp-29558,Bi3ClO4,
mp-29559,La3Si3Cl2,
mp-4534,NaCO2,
mp-4386,Cu2SO5,
mp-29567,CuSe2Br,
mp-1031988,Mg6CoCO8,
mp-28136,Hg2IO,
mp-29590,Sn2OF5,
mp-28144,SiBi2O5,
mp-29591,Sb3ClO4,
mp-1039180,MgAl3,
mp-21104,Hf5Sn3,113.461897
mp-30674,Ti5Ga3,
mp-28074,RbPaF6,
mp-770620,Li4VNi3O8,
mp-4468,CuSbS2,
mp-30842,ZrPd3,168.7553999
mp-449,Fe5Si3,185.1821897
mp-22772,Sr2Nb5O9,
mp-22776,K2FeCo(CN)6,
mp-28177,NaSbCl6,
mp-780303,Li4Fe3SbO8,
mp-29620,Sr5Bi3,
mp-452,CoAs3,116.619264
mp-16842,Nb5Ge3,
mp-29621,Ba5Bi3,22.87961347
mp-1033319,Mg6BWO8,
mp-4549,SrSiN2,95.82558775
mp-28208,ZrFeCl6,
mp-21163,SiPt3,198
mp-30851,Ti3Pt5,201.513885
mp-21165,PdSe,
mp-1039409,CaMg3,
mp-28220,HfFeCl6,
mp-28232,MgTi2O5,161.7460085
mp-29652,TaSe3,19
mp-28230,TlSbS2,12.82582954
mp-19727,PbCN2,
mp-1099262,CsMg6CrO8,
mp-29672,AgC4N3,
mp-28253,LiBiO2,
mp-22869,ClO3,
mp-22872,SbCl3,1.708261257
mp-28261,Na4SnO3,
mp-16965,LaTm(Ge2Ir)2,
mp-22876,CsI3,5.156028761
mp-24977,TiFe2O5,
mp-28268,PtI3,
mp-1739,Hf5Ge3,
mp-4649,PdSe2O5,
mp-1031226,RbMg6TiO8,
mp-17190,Sc5Ge3,
mp-3338,NaGaO2,
mp-22908,BiCl3,4.218622417
mp-30873,Th5Sn3,
mp-28308,Ta2NiS5,
mp-19796,Ba2Nb5O9,
mp-1031502,Mg6TiSnO8,
mp-19800,Fe11Si5,
mp-3352,ErSiPd2,
mp-17045,Hf3Rh5,194.0009942
mp-21259,Na2FeCu(CN)6,
mp-22959,AgClO2,
mp-30879,Tb5Tl3,
mp-28329,TlI3,
mp-19810,TaNiTe2,
mp-1031567,Mg6AlSiO8,
mp-30884,YZn3,71.41209966
mp-4755,Sc3Fe2Si3,
mp-22982,CuBiS2,
mp-28347,K3Al2As3,
mp-29741,Tl2(CdSb)3,
mp-771730,Li4MgNi3O8,
mp-30908,Ag3PSe4,
mp-1032277,SrMg6CuO8,
mp-17112,K3Ge4Au,
mp-17124,Pr5Ge3,
mp-30923,Ga5Rh3,
mp-3380,LaRhC2,
mp-30930,AlI3,0.745587469
mp-23043,RbPb2Br5,
mp-21332,LiGdO2,
mp-19879,PPd3,
mp-4841,LaCuS2,
mp-29779,Lu3Ni2Ge3,
mp-28400,P3Ru,
mp-19884,Mn3P,
mp-28406,SCl2O,
mp-29788,KTb3F12,
mp-1033242,Mg6GaBO8,
mp-625420,AlHO2,
mp-2979,ZnGeN2,163.1090227
mp-1031405,Mg6TiCdO8,
mp-28420,SrH4O3,
mp-30953,GaBr3,1.690511259
mp-30954,GaI3,0.869113716
mp-19908,EuF3,85.7714691
mp-23079,SiCl2O,
mp-1032698,Mg6MnBO8,
mp-1032050,Mg6NbZnO8,
mp-1031514,LiMg6AlO8,
mp-23098,ReNClF5,
mp-30971,CuTe2Cl,
mp-30974,CsWCl6,
mp-4930,TiAl2O5,183.3671884
mp-17230,Nb5GaSn2,
mp-30980,NaYO2,
mp-1032166,Mg6CoSiO8,
mp-23140,AgHgSI,
mvc-5304,ZnMo2O5,
mp-1099230,Mg6CrCO8,
mp-850122,FeS,
mp-1033371,Mg6NbCrO8,
mp-1094257,YSn3,
mp-24945,LaFeAsO,
mp-13285,NaPd3O4,
mp-1038832,Mg3Cd,
mp-1032949,CaMg6CoO8,
mp-1016154,MgMnO2,
mp-1004037,CaMnO2,
mp-561706,Na2CoGeO4,
mp-1032044,Mg6ZnSnO8,
mp-1032756,YMg6ZnO8,
mp-13675,CdPd3O4,
mp-1094328,MgTi3,
mp-1094067,ScF3,
mp-1094105,Na4ZnSe3,
mp-1031243,KMg6GaO8,
mp-1094132,Lu5Ga3,
mp-25606,LiNiO2,
mp-1032922,CaMg6CuO8,
mp-1094270,Sr3Mg,
mp-1094283,ZrSn,
mp-1030828,Mg6SiBO8,
mp-1031788,HfMg6NiO8,
mp-1094542,ZrSn,
mp-3802,Ta4AlC3,
mp-1031971,Mg6CdCoO8,
mp-1094597,ZrSn,
mp-1033130,Mg6AlZnO8,
mp-1099227,CsMg6CO8,
mp-1032822,Mg6MnZnO8,
mp-769902,Li4Cr3NiO8,
mp-17910,Nb5Ge3,
mp-12454,ErCuS2,
mp-1033462,SrMg6CdO8,
mp-1030664,NaMg6BiO8,
mp-1033623,RbMg6WO8,
mp-1019550,BeGeN2,191.0972989
mp-1032234,Mg6FeBiO8,
mp-1030853,RbMg6SiO8,
mp-1030892,Mg6SiBiO8,
mp-1030926,Mg6SiBiO8,
mp-1030951,KMg6SbO8,
mp-1030963,KMg6SbO8,
mp-1032347,BaMg6CuO8,
mp-1030985,LaMg6BO8,
mp-1030988,LaHfMg6O8,
mp-1030999,NaCeMg6O8,
mp-1031011,NaCeMg6O8,
mp-1032452,RbMg6FeO8,
mp-1031096,CeMg6BO8,
mp-1031104,CeMg6BO8,
mp-1032501,RbMg6MnO8,
mp-1031108,NaLaMg6O8,
mp-1032529,Mg6ZnBiO8,
mp-1031136,CeHfMg6O8,
mp-1031276,KMg6WO8,
mp-1031345,Mg6TiBiO8,
mp-1031351,Mg6TiBiO8,
mp-1032779,Mg6MnBiO8,
mp-1031388,HfMg6SnO8,
mp-1032809,Mg6MnBiO8,
mp-1032834,KYMg6O8,
mp-1032858,YMg6SiO8,
mp-1032860,KYMg6O8,
mp-1031470,Mg6VBiO8,
mp-1031483,Mg6VBiO8,
mp-1031488,Mg6NbSnO8,
mp-1032906,YMg6SiO8,
mp-1032918,CaYMg6O8,
mp-1031523,Mg6CdSnO8,
mp-1031535,BaMg6SnO8,
mp-1032931,HfMg6AlO8,
mp-1032956,CaMg6SnO8,
mp-1031564,Mg6CdSnO8,
mp-1032994,CaMg6SnO8,
mp-1033019,Mg6AlBiO8,
mp-1031681,Mg6NiBiO8,
mp-1033073,Mg6AlBiO8,
mp-1033269,HfMg6CdO8,
mp-1031886,SrCaMg6O8,
mp-1031915,YMg6CdO8,
mp-1033361,Mg6CrBiO8,
mp-1033367,SrHfMg6O8,
mp-1033378,Mg6CrBiO8,
mp-1033422,BaMg6CO8,
mp-1033432,BaMg6CO8,
mp-1033438,SrHfMg6O8,
mp-1033445,SrMg6CdO8,
mp-3707,CaGe2O5,
mp-569238,Cs3LiI4,
mp-555044,DyCuS2,
mvc-3247,MnZnPO5,
mvc-3251,ZnCrPO5,
mp-758229,TiCu3O4,
mp-1096767,Fe11MoC4,
mp-1096946,Cs2VHO4,
mp-1096952,Eu2SnSe5,
mp-1096864,C3N,
mp-1032331,Mg6CrCuO8,
mp-894498,LiCoO2,
mp-764216,LiV3(OF2)4,
mp-4992,ScCrC2,209.4091672
mp-19305,CaV2O5,
mp-665231,MoBr3,
mp-1097885,LiCoO2,
mp-1098186,Mg14BiC,
mp-561627,Na4CoO3,
mp-1098078,CeMg14B,
mp-626314,MnHO2,
mp-1111,Mn5Si3,148.0744847
mp-505312,Sr2FeCuSO3,
mp-1032908,CaYMg6O8,
mvc-15155,VZnO2,
mp-23702,LiH2N,25.02617225
mp-1099099,Mg14FeC,
mp-556388,Cs2CoSiO4,
mp-621395,Li2MnF5,
mp-766721,Li7NiOF7,
mp-505244,FeCuSe2,27.74346703
mp-19003,MgV2O5,100.5096835
mp-3345,Cu3AsS4,72.98846961
mvc-14542,ZnFeO2,
mp-690491,LiMnO2,
mp-566778,NaFeO2,
mp-20847,Ti5Sn3,106.7000564
mp-1371,Sn3Pd,64.13788938
mvc-3728,MgMnO2,
mp-1032129,Mg6CdFeO8,
mp-974682,RbGaH2,
mp-1033923,Mg6AlNiO8,
mp-1028217,Mg14AlSi,
mp-28118,AlSbI6,
mp-565515,Fe2PO5,
mp-763970,V4O7F5,
mp-764215,LiCoOF,
mp-3103,Nb4AlC3,215.5892489
mvc-3099,MgTiPO5,
mp-2321,Tb3Ge5,
mp-504676,AlTl2F5,
mp-773753,V2(OF)3,
mp-31367,LiClO2,
mp-1032102,Mg6CuSiO8,
mvc-2699,ZnCrO2,
mvc-2609,MgCrO2,
mvc-1259,CaNiO2,
mp-778616,VO2F,
mp-638051,LuNiGe2,
mp-765767,VOF2,
mp-1099321,CsMg14Si,
mp-1099090,BaMg14Fe,
mp-1099095,LiCeMg14,
mp-778714,V4O5F7,
mvc-3091,MgTiSiO5,
mp-1031027,LiMg6CrO8,
mp-1033247,Mg6BWO8,
mp-1033116,Mg6AlVO8,
mp-764736,V4O5F7,
mp-27662,CsI2Br,
mp-853265,V4O5F7,
mp-1033006,CaMg6NiO8,
mp-1032960,CaMg6TiO8,
mp-1032580,Mg6FeCoO8,
mp-1033028,SrMg6AlO8,
mvc-2884,ZnWO2,
mp-643727,HPbBrO,
mp-644,K5Te3,
mvc-5086,ZnNi2O5,
mp-764058,V4O7F5,
mp-22171,Cu3SbS4,
mp-778416,Na3FeO4,
mvc-13795,CaCoO2,
mvc-12967,ZnNi2S5,
mp-1033703,LiYMg6O8,
mp-15965,Hf5Si3,141.4174708
mp-769928,Li4NbV3O8,
mp-655461,SrIn,
mp-861547,Li4MnCo3O8,
mvc-16558,CaMo2O5,
mp-763629,Li2FeSiO4,
mp-769806,Li3Co4SnO8,
mp-23534,KSn2I5,
mp-31232,In2PO5,
mp-3427,LiAlO2,93.42796313
mp-677510,LiMgSO4F,
mp-8704,K3SbSe4,
mvc-3230,MnZnSiO5,
mvc-5889,IrWO6,
mp-619064,PrMnGeO5,
mp-567996,Nb5Si3,190.8461285
mp-765540,Li2VF5,
mp-20819,ErGePd2,
mp-510752,CuO,
mp-13916,LiCaSi2,49
mp-570175,Ce5Si3,
mp-504104,LiNiPO4F,
mp-568671,V5Si3,193.7592803
mp-542484,Sr5Cd3,
mp-570816,Ho5Ga3,
mp-570696,Pr5Sn3,
mp-33320,CaUS2,
mp-510521,Y5Ga3,
mp-25405,LiCuPO4F,
mp-570074,Sc3IrC4,190.0692721
mp-25420,LiTiPO4F,
mp-23264,TiI3,4.131581387
mp-32881,Si3O,
mp-568115,Zr5Si3,
mp-570469,Pr5Tl3,
mp-19888,YbCuS2,
mvc-12665,ZnFeO2,
mp-11456,HfPt3,232.9231405
mp-510209,Sc5Pb3,
mp-617291,Mn5Ge3,
mp-20154,CaTbF6,
mp-20270,UWC2,
mp-574430,BaUI6,
mp-567735,Nd5Si3,
mp-1080205,KMnO2,
mp-31486,K2SnBi,
mvc-12579,VZnO2,
mp-571370,Fe2NiP,
mp-567871,Nb5Si3,185.3604402
mp-510494,La5Sn3,
mp-567318,TlSbSe2,
mp-569867,SrP3,
mp-31172,Ca5Ag3,29.74065076
mp-570880,RuCl3,
mp-20474,MnCu2GeS4,70
mp-39027,Y2U3O11,
mvc-4973,CaMo2O5,
mp-7506,Cr5Si3,223.7513564
mp-561988,Cs2LiVS4,
mp-867681,Li5Si2BiO8,
mp-555153,Pb2SO5,
mp-1288,AgO,
mp-756684,Sr2Li2Nb3O10,
mp-9406,Li2La2Ti3O10,
mp-9619,Th(FeP3)4,
mp-672322,Eu3(B3Rh4)2,
mp-764961,Li6Co(SiO4)2,
mp-764954,LiV(TeO4)3,
mp-771611,Li5V4O8,
mp-758389,LiNb(TeO4)3,
mp-776708,LiV4O5F7,
mp-754176,Ce3Th3O11,
mp-767656,Nb4VO12,
mp-756573,Cu(TeO3)4,
mp-673255,Cu9Se8,
mp-780832,Li2Co4O3F8,
mp-780815,Li2Fe4O3F8,
mp-771685,V4SnO12,
mp-705604,BaLaFe2Cu2O11,
mp-6144,Na2La2Ti3O10,
mp-6119,Na2Nd2Ti3O10,
mp-642477,U4Ga12Fe,
mp-642304,Ba(Ge3Pt)4,
mp-762700,Li2Ti2Fe3O10,
mp-640956,Eu(Sb3Os)4,
mp-9976,Ba(Sb3Ru)4,
mp-642811,KCu2H2(SeO5)2,
mp-6000,La2Ti3(AgO5)2,
mvc-12044,Ca3Mn2(GaO5)2,
mp-772059,Li5Mn4O8,
mp-3824,Ta9(NiS3)2,
mp-762387,Li2(NiO2)5,
mp-762287,Li2V5O10,
mp-676324,Li11TiP5,
mp-771470,Ni(TeO3)4,
mp-675818,Li11TiAs5,
mp-764339,LiNbTe2WO12,
mp-764347,Na2(NiO2)5,
mp-752906,Ba4Pb3O10,
mp-690515,K2CoH2(SeO5)2,
mp-770991,Fe(SbO3)4,
mp-767445,LiVFeP2(HO5)2,
mp-637600,Gd6CoBr10,
mp-770857,V(SbO3)4,
mp-743557,V2Bi4O11,
mp-770746,LiNbTe2WO12,
mp-767187,Mn5OF11,
mp-767182,Mn5OF11,
mp-765000,Li5MnCr3O8,
mp-763961,Li5TiV3O8,
mp-761153,U6O11,
mp-763917,Cr4CuO12,
mp-774910,LiSb(TeO4)3,
mp-763904,Li3MnVP2(O4F)2,
mp-760440,Sr2U4O11,
mp-766999,LiMnVP2(HO5)2,
mp-763787,Fe8O9,
mp-766992,Li3VCrP2(O4F)2,
mp-766904,MnV4O12,
mp-763695,Li2Mn5O10,
mp-763671,Li2Ti2V3O10,
mp-722860,Na2MgH4(SO4)2,
mp-722515,NaCu2H2(SeO5)2,
mp-759207,LiSb(TeO4)3,
mp-676893,Ca4ThF12,
mp-651268,Fe2Cu6SnS8,
mp-764160,Li5VCr3O8,
mp-764149,Li5V2Cr2O8,
mp-766113,LiV(TeO4)3,
mp-643047,Ba3(H6Ir)2,
mp-975665,Nd(Ge3Pt)4,
mp-676430,Ag9(SI)4,
mp-643263,Na3VH6O7,
mp-676050,H8(NO2)3,
mp-773338,Mn(SbO3)4,
mp-761151,Zr6O11,
mp-763916,Li5Cr3FeO8,
mp-760491,Ce4Y2O11,
mp-773760,Fe5(OF2)4,
mp-766905,Li2V4O3F8,
mp-504442,U4Re7Si6,
mp-20135,Na2Ca2Ta3O10,
mp-17578,Yb4Ge6Ir7,
mp-31213,Sr4Ti3O10,
mp-20241,Mg4P6Rh7,
mp-20246,Mn4Ge6Ir7,
mp-30187,Ga2Te4O11,
mp-28862,Y6RuI10,
mp-28863,Y6OsI10,
mp-28864,Y6IrI10,
mp-505031,Cs4Cu3F10,
mp-23763,SnH8(NCl3)2,
mp-505078,BaNb7O9,
mp-27386,TlHg5Cl11,
mp-30300,Cs3As5O9,
mp-20471,U4Si6Tc7,
mp-505165,Sr4V3O10,
mp-28962,Ti4Bi2O11,
mp-22062,Yb4As6Rh7,
mp-3569,Nd(Sb3Os)4,
mp-17977,Fe12As5,
mp-27513,Sc7Cl10,
mp-27533,P2Pd15,
mp-24113,SnH8(NF3)2,
mp-2790,Ni12P5,
mp-27589,Cu5(PO5)2,
mp-24227,H8Pt(NCl3)2,
mp-36641,Cd(Ga3Te5)2,
mp-22326,Mg4As6Rh7,
mp-20763,Na2Gd2Ti3O10,
mp-22470,La(FeAs3)4,
mp-20855,Eu(Sb3Ru)4,
mp-20856,Eu(FeP3)4,151.1507178
mp-39536,CaC2S2(OF)6,
mp-40886,ZnC2S2(OF)6,
mp-571384,KMnAg3(CN)6,
mp-561724,Cs4Cu3F10,
mp-542606,Pu,
mp-569257,Ca3(B3Rh4)2,
mp-777580,V5O12,
mp-762900,Fe5(OF2)4,
mp-756519,Li(ReO3)4,
mp-763248,V4FeO12,
mp-762871,Fe2CuAs2(HO5)2,
mp-849694,Li5(FeO2)4,
mp-615821,Ta9(FeS3)2,
mp-850105,K6Cr2O9,
mp-762811,Li2Ti2Mn3O10,
mp-641621,U4Ga12Co,
mp-641564,U4Ga12Pd,
mp-762803,MnV4O12,
mp-758101,Li4Cu3F10,
mp-865466,TiH8(NF3)2,
mp-675831,Bi2Pb3F12,
mp-756168,Li2Nb4O11,
mp-632724,ReH8(NCl3)2,
mp-756152,Sm4U2O11,
mp-630372,Tb4Ga6FeGe6,
mp-849944,LiV4OF11,
mp-849732,LiSb(TeO4)3,
mp-675179,Ba3Bi2F12,
mp-757953,ThNb4O12,
mp-776915,V5O12,
mp-771189,Ba4Ti3O10,
mp-762529,Li2(FeO2)5,
mp-761825,LiSb(TeO4)3,
mp-777196,LiV4OF11,
mp-707135,Al2Si4O11,
mp-777081,LiV4O5F7,
mp-777077,LiV4OF11,
mp-762679,V(TeO3)4,
mp-557028,Sr2LaTa3O11,
mp-567861,KNiAu3(CN)6,
mp-567929,Al13Os4,147.3281216
mp-568053,Tb4Ga12Pt,
mp-559479,Co3C2(SeO5)2,
mp-569590,Yb4Sb6Rh7,
mp-557322,Bi4Te2Br2O9,
mp-31803,Fe4As2O11,
mp-569759,Zn5(BRh2)4,
mp-568628,CsHg5Cl11,
mp-580062,Bi8Te9,
mp-767930,Li2Nb2Fe3O10,
mp-559773,Na4Sr(SiO3)3,
mp-568771,Sr3(B3Rh4)2,
mp-562230,Rb3(Cu4S3)2,
mp-582295,La(FeP3)4,
mp-570070,Yb4Ge6Rh7,
mp-568906,KCoAu3(CN)6,
mp-616220,Rb3(Cu4Se3)2,
mp-771866,LiV(TeO4)3,
mp-643397,H8Pd(NCl3)2,
mp-753842,YZr5O11,
mp-644028,Fe2CuAs2(HO5)2,
mp-696590,TiH8(NF3)2,
mp-696275,SnH8(NCl3)2,
mp-646007,Cs2Tb6Te7N2,
mp-765311,LiVCrP2(HO5)2,
mp-774371,Li4Mn3F10,
mp-628279,Cs6Si2NiO8,
mp-558988,Ni(NF7)2,
mp-558992,In7GeIrO8,
mp-568978,RbCdAg3(CN)6,
mp-555641,Nb2Te4Cl10O,
mp-555656,CuC2S2(OF)6,
mp-569082,Sm(Sb3Os)4,
mp-560129,Na3La2(BO3)3,
mp-555863,P4PtF12,
mp-541504,U4Tc7Ge6,
mp-541558,Sc4Ge6Rh7,
mp-505680,Lu4Ge6Ru7,
mp-505683,U4As6Ru7,
mp-560333,Ta2Te4Br10O,
mp-505791,ReH8(Br3N)2,
mp-570965,Pr6CoBr10,
mp-560515,K4Ru2Cl10O,
mp-570902,Pr6RuBr10,
mp-571209,Y3(B3Os4)2,
mp-570928,U4Ga12Rh,
mp-510548,Y4Ga12Pt,
mp-1021505,Ce(P3Os)4,
mp-1021506,La(P3Os)4,
mp-1021508,Ce(As3Ru)4,
mp-1021509,Ce(FeAs3)4,
mp-30073,La(FeSb3)4,87.68435148
mp-774289,V5O12,
mp-754519,LiNb(TeO4)3,
mp-768001,Li6Fe(SiO4)2,
mp-849223,LiNb(TeO4)3,
mp-743794,Fe3H4(OF4)2,
mp-762894,Li7Cr2O8,
mp-13464,Ca(FeSb3)4,
mp-1004528,CsB3PbF12,
mp-863872,Cu3Mo2(HO5)2,
mp-562307,Na2Ca2Ta3O10,
mp-560675,K6Cu(SiO4)2,
mp-1513,Co9S8,
mp-15727,La(P3Ru)4,
mp-561017,Cs8Tl8O,
mp-18135,Zr4Co7Ge6,
mp-18222,Lu4Ge6Rh7,
mp-5376,Y4Ga12Pd,
mp-566242,K4W2Cl10O,
mp-571331,Tb4Ga12Pd,
mp-6548,K2La2Ti3O10,
mvc-2682,Ba2Tl2Sb3O10,
mvc-2820,Ba2Tl2Bi3O10,
mvc-2939,Ba2Ti3Tl2O10,
mvc-2923,Ba2Tl2Sn3O10,
mvc-3030,Ba2Tl2Co3O10,
mvc-3069,Ba2Tl2Cr3O10,
mvc-3126,Ba2Tl2Mo3O10,
mvc-3071,Ba2Tl2Fe3O10,
mvc-3144,Ba2Tl2W3O10,
mvc-3143,Ba2Tl2Ni3O10,
mp-35718,Ta4SnO12,
mp-16180,Na6S2O9,
mp-10069,Ce(P3Ru)4,167.0687571
mp-16272,Ce(FeP3)4,160.9265561
mp-16317,Si5Pt12,
mp-16431,Nd(FeP3)4,
mp-16430,Pr(FeP3)4,
mp-16544,Mg4As6Ir7,
mp-14883,Ba4Zr3S10,
mp-14996,Na2Eu2Ti3O10,
mp-15026,Nd(FeSb3)4,
mp-15155,Na2Sm2Ti3O10,
mp-12956,Yb(FeP3)4,150.3937057
mp-13245,Tb(P3Ru)4,
mp-15868,Co4SnSb12,
mp-15902,Li2Ca2Ta3O10,
mp-19196,La4Co3O10,
mp-4251,Pr(Sb3Os)4,
mp-19298,La4Ni3O10,
mp-21041,Tb(FeP3)4,
mp-19402,V4Ag2O11,
mp-21053,U(FeP3)4,
mp-22745,Co9Se8,
mp-21084,In6Ga2PtO8,
mp-22775,Sr(Sb3Ru)4,
mp-4647,K3(Cu4Se3)2,
mp-25033,Sr4Mn3(ClO4)2,
mp-4676,La3(B3Ru4)2,
mp-19844,Na(FeSb3)4,
mp-17174,K3(Cu4S3)2,
mp-776647,LiV4O5F7,
mp-776893,LiV4O5F7,
mp-849984,LiV4O5F7,
mp-558197,La4Co3O10,
mp-677323,Li11TiSb5,
mp-769943,LiSbTe2WO12,
mp-782711,LiV4O5F7,
mp-782707,LiV4O5F7,
mp-770705,LiVTe2WO12,
mp-765991,Li2Mn4O3F8,
mp-765616,LiVTe(WO6)2,
mp-655613,Cs2Tb6Te7N2,
mp-570400,Ba7Al10,
mvc-3169,Ba2Mn3Tl2O10,
mp-557320,K4Re2Cl10O,
mp-31322,La6OsI10,
mp-32679,Nb10C7,227.1973312
mp-4341,Pr(P3Ru)4,
mp-1100341,Ca4Sn3S10,
mp-782691,LiFe5(OF2)4,
mp-782690,Mn6O11F,
mp-764898,V3O5F,
mp-764777,CoOF,
mp-675028,K(OsO3)2,
mp-764666,Mn3(O2F)2,
mp-9563,Li2Sb,31.91506562
mp-9552,LaCo5P3,
mp-9459,Y4C5,100.8120067
mp-9435,La3ZrSb5,
mp-8382,CePO4,
mp-9405,K3SeO4F,
mp-672676,U(WC)4,
mp-8515,BaSm2PdO5,
mp-8514,BaNd2PdO5,
mp-780093,Fe3(O2F)2,
mp-983061,Sr(AsO3)2,
mp-691164,Li3Mn2O4,
mp-8203,Zr(PS3)2,
mp-8202,CsRb2PdF5,
mp-8201,Rb3PdF5,
mp-8133,LaPO4,
mp-779235,Li2MnSiO5,
mp-9333,La3TiSb5,
mp-774203,Cr2WO6,
mp-6704,BaNd2CuO5,
mp-669713,Gd2Ni7,
mp-9202,Cs2ZrCu3F12,
mp-768033,LiNiPHO5,
mp-9172,Li4TiO4,79.76133739
mp-690,P4S5,
mp-8959,CsK2PdF5,
mp-686040,MgU2O6,
mp-780856,Co6O7F5,
mp-8809,BaLa2PtO5,
mp-780823,Mn3(O2F)2,
mp-780822,Fe6OF11,
mp-780819,Li4V3FeO10,
mp-780817,FeOF,
mp-684744,Fe2N,
mp-979932,Sr3SiO5,
mp-675545,TaHg2F6,
mp-651723,C5N4,
mvc-12903,Pr(CoO3)2,
mp-763417,Co3OF5,
mp-9245,LiGaPdF6,
mp-6509,Sr3GaO4F,
mp-780745,Co3OF5,
mp-675489,Ba3(Ge2C)2,
mp-7129,Rb2Ti(CuS2)2,
mvc-12082,Pr(FeO3)2,
mp-9055,LiAlPdF6,
mp-782718,Mn6O5F7,
mvc-11947,CaV2O6,
mp-7322,CsU2O6,
mp-782716,Mn6O11F,
mp-767692,Li2VF6,
mp-1094418,YMg2,
mp-675391,Tl2Fe3Se4,
mp-782704,Ni3OF5,
mp-764919,Co3(O2F)2,
mp-782700,TiMnV4O12,
mp-764910,Ni3OF5,
mp-782694,Mn3(OF2)2,
mp-6468,BaNd2ZnO5,
mvc-10916,CaFeWO6,
mp-28212,Nb4O5,
mp-767669,Li3Mn3(FeO5)2,
mp-780560,Mn3O5F,
mp-30907,Dy3Co11B4,
mp-780550,Fe3O5F,
mp-9785,BaHo2PdO5,
mp-780547,Fe3O5F,
mp-782686,Mn6O11F,
mp-6793,BaLa2ZnO5,
mp-782701,Co3(O2F)2,
mp-764900,VOF,
mp-643005,Cs3H5Pt,
mp-782679,V3(O2F)2,
mp-642737,Cu2H3ClO3,
mp-641069,Pr5NiPb3,
mp-771464,MnCo5O12,
mp-640444,Tb5NiPb3,
mp-640391,Tm5NiPb3,
mp-782663,Co3OF5,
mvc-5990,Ca2YMoO5,
mp-997511,Co3(OF2)2,
mp-764877,Co3(O2F)2,
mp-767649,Li2VF6,
mp-9952,Hf5ZnSb3,
mp-764832,Fe2O3F,
mp-6770,BaLa2MnS5,
mp-764811,Co6O7F5,
mp-863031,KNaGdTaO5,
mvc-5257,Ca2AlWO5,
mvc-5240,Ca2YCuO5,
mvc-5183,Ca2AlNiO5,
mvc-5182,Ca2AlCrO5,
mvc-5178,Ca2YTiO5,
mp-770760,Li2TiVO5,
mvc-5168,Ca2AlFeO5,
mvc-5154,Ca2AlAgO5,
mp-977347,Hf5Al3N,
mvc-5113,Ca2AlVO5,
mp-754665,Pb(BrO3)2,
mp-754521,Sr(IO3)2,
mp-674503,Hg2SbF6,
mp-31755,Ta2FeO6,
mvc-4889,Ca2AlCuO5,
mvc-4838,Ca2TiAlO5,
mp-696931,TlCuHSeO5,
mp-14970,BaLaCuBO5,
mp-767213,LiVPHO5,
mp-767127,Li2VCrP2(HO5)2,
mp-767007,Li2VCrP2(HO5)2,
mp-1099951,Sm2Cr2O5,
mp-849652,Li3Ti2Cu3O10,
mp-778027,Co3OF5,
mp-675310,Na3(VSe2)5,
mp-849445,Li2MnVP2(HO5)2,
mp-778394,Li2MnF6,
mp-978569,Sm(BRh)4,
mp-777512,Mn3(O2F)2,
mp-765883,LiCrPHO5,
mp-850083,Fe4S5,
mp-761037,Hg(ClO3)2,
mp-7062,Mg3Al9FeSi5,
mp-755185,LiSbPHO5,
mp-853162,MnV4NiO12,
mp-674831,Cu2S,
mp-776794,Na4MnO4,
mp-6943,Ca4GdB3O10,
mp-754667,BaSr2I6,
mvc-4007,Zn2Mo2O5,
mvc-4000,Zn2Fe2O5,
mvc-3999,Ca2Mo2O5,
mp-9843,Sr3(AlP2)2,
mp-8230,Zn(PO3)2,
mvc-3993,Ca2W2O5,
mvc-3992,Ca2Ni2O5,
mvc-3991,Zn2Ni2O5,
mvc-3990,Zn2W2O5,
mvc-3989,Mg2Mo2O5,
mp-9760,BaTb2PdO5,
mvc-3988,Ca2Fe2O5,96.48273064
mp-10350,BaNdCuBO5,
mvc-3986,Zn2Cr2O5,
mvc-3985,Ca2V2O5,
mvc-3983,V2Zn2O5,
mvc-3982,Ca2Cr2O5,
mp-14168,K2GeF6,23.11099124
mp-753716,BaCa2I6,
mvc-3981,Mn2Zn2O5,
mvc-3978,Ca2Co2O5,110.2534413
mp-753460,BaCa2I6,
mp-9759,BaPr2PdO5,
mp-9757,BaSm2PtO5,
mp-8648,TiFeSi,183.3123278
mp-6858,RbCS(OF)3,
mvc-3952,Mg2Ni2O5,
mvc-3951,Mg2Fe2O5,
mp-764455,Co6OF11,
mp-753351,Ba2CaI6,
mvc-3950,Mg2V2O5,
mp-9278,U2Si4W3,
mp-966740,Cs5Tl11Cd2,
mvc-3949,Mg2Co2O5,
mvc-3948,Mg2Cr2O5,
mvc-3947,Mg2Mn2O5,
mp-9236,U2Si4Mo3,
mp-9655,Na4SnO4,
mp-567748,Zr2Al3C4,
mp-647818,CsNi2F6,
mvc-3842,Zn2Ag2O5,
mp-7499,Tl2Sn2S5,
mvc-3827,Zn2Sn2O5,
mvc-3812,Zn2Cu2O5,
mp-7494,K2Ag4S3,
mvc-3809,Ca2Ag2O5,
mvc-3807,Ca2Bi2O5,
mvc-3803,Ca2Sn2O5,
mvc-3800,Mg2Sn2O5,
mvc-3799,Ca2Sb2O5,
mvc-3793,Ca2Ti2O5,
mvc-3791,Ti2Zn2O5,
mvc-3786,Ca2Cu2O5,
mp-685608,K2UF6,
mp-764235,Li3Co2Cu3O10,
mp-1094657,Mg5Ga,
mp-7305,SmZrF7,
mvc-3766,Mg2Ag2O5,
mvc-3762,Mg2Ti2O5,
mvc-3761,Mg2Cu2O5,
mvc-3752,Mg2Bi2O5,
mp-8945,YSnF7,
mp-6632,Ca5B3O9F,
mp-662714,GdAs2Pd3,
mp-568964,La3MgBi5,
mp-780865,Co3OF5,
mp-8479,Tl4SiS4,
mp-980202,TmGePd,
mp-8450,Rb2Li2GeO4,
mp-8837,Ba3Er2Cu2PtO10,
mp-8449,Rb2Li2SiO4,
mp-771864,LiFePHO5,
mp-771721,V4FeNiO12,
mp-780831,Mn6O7F5,
mp-780828,V3(O2F)2,
mp-8313,Cs2Li2GeO4,
mp-8294,Cs2Li2TiO4,
mvc-3381,Re2O7,
mp-779354,Fe6OF11,
mp-771677,MnV4CrO12,
mvc-13161,Cr(SiO3)2,
mvc-13146,HoV2O6,
mvc-13125,Si2NiO6,
mvc-13123,CaFeReO6,
mp-771668,TiV4FeO12,
mp-771662,Co5BiO12,
mvc-12869,Ti(SiO3)2,
mp-780782,Fe3(OF2)2,
mp-691074,SrPrGaCuO5,
mvc-12760,CaNiWO6,
mp-9322,Rb2Sn2Se5,
mp-780770,Co3O5F,
mp-8408,Er(BRh)4,
mvc-15954,Re2O7,
mp-780746,Mn6O7F5,
mp-780744,Fe3O5F,
mp-8966,K2Sn2Se5,
mp-8965,K2Sn2S5,
mp-7260,P4S5,
mp-7258,K4SnO4,
mp-6228,Na2TiGeO5,
mp-780687,Co3(OF2)2,
mp-780685,Fe3O5F,
mvc-12012,Co(SiO3)2,
mvc-11988,Fe(SiO3)2,
mvc-11981,V(SiO3)2,
mvc-11948,LaTiCrO6,
mvc-11931,MgBiAsO6,
mp-619802,LiNbWO6,
mvc-11925,MgBiPO6,
mp-9753,Na2NbF6,
mvc-11848,CaBiAsO6,
mp-780647,V3O5F,
mp-780645,Fe3O5F,
mp-780838,Mn3OF5,
mp-780640,Fe3O5F,
mvc-11572,Mn(SiO3)2,
mp-780636,Mn3O5F,
mp-780633,Ni3OF5,
mvc-11373,CaMnWO6,
mp-976955,Li2RuF6,
mvc-11366,Co(SiO3)2,
mp-780829,Mn3OF5,
mp-780592,Fe3O5F,
mvc-14986,CaNiWO6,
mvc-11007,CaFeMoO6,
mp-6829,Ba3Y2Cu2PtO10,
mp-780589,Fe3O5F,
mvc-13364,CaCr2O6,
mvc-10912,CaMnIrO6,
mp-861957,KNaSmTaO5,
mp-861944,KNaPrTaO5,
mp-861868,KNaLaTaO5,
mp-861607,KNaNdTaO5,
mp-762634,K2LiMn2O4,
mp-780559,Fe3O5F,
mp-771535,TiV4CoO12,
mp-780555,Fe3O5F,
mp-780551,Fe3O5F,
mp-8590,K2HfF6,
mvc-14396,PrMn2O6,
mp-1094421,Mg2Zn,
mp-1096935,CrN2,
mp-675640,Hg2AsF6,
mp-771474,V4FeCoO12,
mp-771461,MnV4CuO12,
mp-771460,TiCo5O12,
mp-780210,Li3Mn2Fe(BO3)3,
mp-677308,NaPr2Cl6,
mp-637736,ZrGeRu,
mp-762427,Li3(FeO2)5,
mvc-6159,Ca2YSbO5,
mp-763042,Mn6O5F7,
mp-638374,BaNdFe2O5,
mvc-5817,Ca2YWO5,
mp-1075937,Rb2W2O5,
mp-9740,BaDy2PdO5,
mp-5189,AlAsO4,
mp-5696,La2Cu2O5,
mp-997504,Cu3OF5,
mp-5568,Nd3Co11B4,
mp-3879,Ba2CuF6,
mp-608230,SrLiNiF6,
mp-780001,Co6O5F7,
mp-3071,Nd3Ni13B2,
mvc-5445,Ca2YBiO5,
mvc-5327,Ca2YAgO5,
mp-767317,Li4Mn(OF)2,
mp-2960,HfSnRh,
mvc-5272,Ca2AlSbO5,
mp-6388,Ca4SmB3O10,
mvc-5179,Ca2AlCoO5,
mvc-5145,Si2WO6,
mp-20578,Eu(BIr)4,
mvc-5126,Si2MoO6,
mp-9910,K2Pd3S4,
mp-3082,CaSO4,
mp-5063,YAl3Ni2,113.0116069
mp-558738,BaPr2CoS5,
mvc-4955,Si2SnO6,
mvc-4930,Si2BiO6,
mvc-4921,Si2SbO6,
mp-770053,LiCoPHO5,
mvc-4003,Mg2W2O5,
mvc-3997,Zn2Co2O5,
mp-676341,Na2UF6,
mvc-3865,Mg2Sb2O5,
mp-762282,Li3Cr5O10,
mp-643066,ZnH2SO5,
mp-676303,NaU2Cl6,
mp-762265,Li3V5O10,
mp-762249,V(CO3)2,
mvc-6291,Ca2YSnO5,
mp-762239,Mn(CO3)2,
mvc-5788,Ca2AlBiO5,
mvc-5761,Ca2AlSnO5,
mp-618,Pd7Se2,
mp-778750,V6O7F5,
mp-675964,Li5GeAs3,
mp-558244,As(IF3)2,
mp-705454,NaCo2H3(SO5)2,
mp-6076,Ca4LaB3O10,
mvc-14524,PrCr2O6,
mp-675723,NbHg2F6,
mp-780011,Mn6O7F5,
mp-849981,Co3(OF2)2,
mvc-14237,CaCoWO6,
mvc-14113,MgVBiO6,
mvc-14106,CaVBiO6,
mp-853252,Co6OF11,
mp-675621,Li5SnP3,
mp-675618,Sr2RuO6,
mp-5927,Cs2Mn3Te4,
mp-3816,Er6Ni2Sn,
mp-2932,Y2Si4Mo3,156.1026943
mp-2884,Cs2Mn3S4,23.91473664
mp-699398,CsMnMo(OF)3,
mp-619793,LiFe2F6,
mp-769793,Rb4FeO4,
mp-7791,Li2GeF6,
mp-6126,LiCdBO3,
mp-975605,Pr6IrCl11,
mp-780806,FeOF,
mvc-14527,Pr(NiO3)2,
mp-675742,PNO,
mp-675593,K3(VS2)5,
mp-974790,Rb5Tl11Cd2,
mp-626155,H4N2O3,
mp-608100,S,
mp-616541,Ru(CO)4,
mp-780540,Fe6O11F,
mp-762165,Li3(NiO2)5,
mp-780538,V6O11F,
mp-976868,NiH2SeO5,
mp-607953,FeSeBr7,
mp-755349,Cu3OF5,
mp-778928,Fe6O7F5,
mp-561895,Co(SbO3)2,
mp-780489,Fe6O7F5,
mp-780486,Mn6O5F7,
mp-764821,V6O11F,
mp-755255,Cu3OF5,
mp-775536,LiV4CuO12,
mp-779229,Fe6O7F5,
mp-780519,Fe3(OF2)2,
mp-1099683,Na2Cr2O5,
mp-974451,K2Al2O3F2,
mp-997571,H6CIN,
mp-753623,Li2Cu4S3,
mp-8045,V5P3N,210.2057325
mp-8081,Na2SnF6,
mp-765413,Li2AgF6,
mp-7998,Li2Ge2O5,
mp-675526,FeCoAs,
mp-782717,Ta2CrNO5,
mp-782699,Co6OF11,
mp-675122,Na2UI6,
mp-569048,MgBIr,
mp-984107,K3IO5,
mp-9668,Ba3TiS5,
mp-9656,BaY2PdO5,
mp-655353,Ru(CO)4,
mp-780211,Fe6O11F,
mp-780213,Ni3OF5,
mp-9596,La(BIr)4,
mp-973966,LiIn(IO3)4,29.06112719
mp-976190,K3TlAu5,
mp-753493,CeU5O12,
mp-1094796,Mg5Cd,
mp-753413,Ba2B2O5,
mp-753388,Li2Cu2F5,
mp-780146,Fe3(OF2)2,
mp-772385,LiCo8O9,
mp-759169,Li2CuF6,
mp-753239,LiSnPHO5,
mp-780117,Li4CoO3F,
mp-780116,Mn6O5F7,
mp-995230,Cs2Si(HO2)2,
mp-780097,Fe3(OF2)2,
mp-764350,Li3MnF5,
mp-971844,Tm6GaCo2,
mp-778927,Fe6O7F5,
mp-694996,RbNiW(OF)3,
mp-752933,Cu6OF11,
mp-705413,CsTaCo(OF2)2,
mp-566194,LiCaCoF6,
mp-705540,NaMn2Mo2H3O10,
mp-753048,TiSnO4,
mp-690725,TlCuHSO5,
mp-780048,Ni3OF5,
mp-690093,Ca2Fe2O5,92.23579912
mp-780047,Li4FeO3F,
mp-780045,Fe3(O2F)2,
mp-690004,LiCo(PO3)4,
mp-689967,LiMn(PO3)4,
mp-780041,Fe3(O2F)2,
mp-780034,Fe3(O2F)2,
mp-771432,V4CrCoO12,
mp-780031,Fe3(O2F)2,
mp-780030,Fe3(O2F)2,
mp-764186,Mn6O5F7,
mp-780023,Fe3(O2F)2,
mp-764247,Na3(NiO2)5,
mp-651217,As(IF3)2,
mp-764166,Mn6O5F7,
mp-752827,Ba2In2O5,
mp-779946,Fe3OF5,
mp-780007,Fe3(O2F)2,
mp-778640,Fe6O7F5,
mp-779997,LiFe2OF5,
mp-779934,Fe3(OF2)2,
mp-779930,Fe3(OF2)2,
mp-777078,Li2VF6,
mp-779917,Fe3OF5,
mp-861691,FeOF,
mp-779914,Fe3OF5,
mp-779987,Fe3OF5,
mp-779981,Mn3(O2F)2,
mp-764202,Li2VOF5,
mp-779962,V6O7F5,
mp-779961,Co6O5F7,
mp-779958,MnOF,
mp-764179,Li3VO3F2,
mp-981396,Y(BIr)4,
mp-779955,Li3MnFe2(BO3)3,
mp-9650,MgTa2O6,
mp-764168,Co6O5F7,
mp-779950,Mn3(O2F)2,
mp-764161,Mn3OF5,
mp-764041,Na4NiO4,
mp-764156,Mn3(O2F)2,
mp-779894,Fe6O7F5,
mp-764151,Co3(OF2)2,
mp-764148,V3O5F,
mp-779933,Fe3(OF2)2,
mp-764146,Co3(OF2)2,
mp-31626,Ta2CrO6,
mp-650513,Ca3(InAs2)2,
mp-764136,Mn3(OF2)2,
mp-779913,Fe3OF5,
mp-763999,Mn6O5F7,
mp-779897,Fe6O7F5,
mp-763996,Mn3(OF2)2,
mp-1019729,Eu3AlO5,
mp-861555,Na3(CoO2)5,
mp-764090,Mn3(O2F)2,
mp-685991,Li5SiP3,35.32574727
mp-752397,Ba2SrI6,
mp-764046,V3(O2F)2,
mp-764044,Mn3OF5,
mp-764042,Co3(OF2)2,
mp-767304,LiMn2F6,
mp-764029,Co6O5F7,
mp-643026,SrH4(ClO)2,
mp-764026,MnOF,
mp-764024,Co6O5F7,
mp-764023,Co6O5F7,
mp-764018,Co6O5F7,
mp-760939,Cu6OF11,
mp-764001,Co6O7F5,
mp-761323,Co6O5F7,
mp-763990,V3O5F,
mp-684745,CsTiNb(O2F)2,
mp-763989,Mn3(OF2)2,
mp-565468,LiCaCrF6,
mp-764984,FeOF,
mp-775789,Li2VF6,
mp-763986,V3O5F,
mp-779245,Mn3(OF2)2,
mp-684589,Bi4O5,
mp-763967,Co3(O2F)2,
mp-763963,Co3(O2F)2,
mp-763957,V3(O2F)2,
mp-775042,V4CoNiO12,
mp-763952,Co3OF5,
mp-763950,V3O5F,
mp-763949,Co6O7F5,
mp-767184,Ca5Mn4O9,
mp-763816,Fe3(OF2)2,
mp-763939,VOF,
mp-763938,CoOF,
mp-763934,Mn3OF5,
mp-763931,CoOF,
mp-763929,Ni3OF5,
mp-605854,Gd3Co11B4,
mp-779348,Ta2CrNO5,
mp-763923,Co3(OF2)2,
mp-763921,Co6O7F5,
mp-779095,Mn3OF5,
mp-763912,V3O5F,
mp-763908,V3O5F,
mp-763902,Mn3OF5,
mp-767122,Mn5SbO12,
mp-1099822,Rb2Mo2O5,
mp-779255,V3O5F,
mp-779246,Fe3(OF2)2,
mp-779243,Fe3(OF2)2,
mp-779237,Mn3O5F,
mp-755374,Sm2TeO6,
mp-780496,Fe3OF5,
mp-760510,Sr2Bi2O5,
mp-760506,PNO,
mp-764830,VOF,
mp-760490,Mg7Cu2O9,
mp-770613,Tb2WO6,
mp-850148,Mn3(OF2)2,
mp-639463,SiO2,
mp-774097,Ni3OF5,
mp-764786,Li4Mn(OF)2,
mp-764779,Ni6OF11,
mp-774068,Mn3(O2F)2,
mp-773900,BaCa2I6,
mp-779089,CoOF,
mp-7661,Li2RhF6,
mp-763749,Li3V2Fe3O10,
mp-773754,Fe6O5F7,
mp-753629,Zr2O,153.371
mp-28070,Rb2TeI6,
mp-773740,Fe6O5F7,
mp-778923,Fe6O7F5,
mp-1094242,Mg2Sn,
mp-763546,Mn(SbO3)2,
mp-760017,Li2TiO3,
mp-773731,Co3OF5,
mp-766910,Li2VF6,
mp-864638,Ba2InBiS5,
mp-778908,Ni3OF5,
mp-780209,Fe6O11F,
mp-780205,Fe6O11F,
mp-766903,Li2MnF6,
mp-763693,Li3Mn5O10,
mp-772434,Li4CrO4,
mp-853250,Na4MnO4,
mp-769721,LiMnBO3,
mp-972176,Zr5Al3C,
mp-778828,Mn3O5F,
mp-773759,Co3(OF2)2,
mp-773758,Mn3(OF2)2,
mp-780154,Li4FeO3F,
mp-773751,Fe3(OF2)2,
mp-773750,V3(O2F)2,
mp-773749,Co3OF5,
mp-753353,Sr4LiCu(CO5)2,
mp-778784,Fe6O7F5,
mp-778782,Fe6O7F5,
mp-763639,Li3Ti2V3O10,
mp-780119,V6O11F,
mp-753279,LiAg5F12,
mp-975958,KNaMo(OF2)2,
mp-853261,Ni3OF5,
mp-853260,V3O5F,
mp-778706,Fe6O5F7,
mp-759433,Li3CuF5,
mp-780091,Fe3(O2F)2,
mp-778696,Fe6O5F7,
mp-778719,Mn3OF5,
mp-778713,Na2Ni2O5,
mp-773617,Fe6O5F7,
mp-753089,LiCu2F6,
mp-778688,Fe6O5F7,
mp-853168,V3(O2F)2,
mp-853164,Li3VO3F2,
mp-773565,Li4FeO3F,
mp-853160,Mn3(OF2)2,
mp-1099927,Eu2Ag2O5,
mp-853157,Ni6OF11,
mp-853155,V3(O2F)2,
mp-677378,TiNbTl(O2F)2,
mp-753031,LiCu5F12,
mp-778624,Fe6O5F7,
mp-771458,Mn5CoO12,
mp-853132,Co5SnO12,
mp-690560,TiTlWO5F,
mp-778617,Ni3OF5,
mp-778582,Fe6O5F7,
mp-851260,Fe3O5F,
mp-17488,Tl2Fe3S4,
mp-976447,NaCrH8(NF3)2,
mp-771411,Sr3GeO5,
mp-763508,V(CO3)2,
mp-780013,Fe3(O2F)2,
mp-677039,Li5TiAs3,
mp-758848,Ti5NbO12,
mp-851045,Fe3O5F,
mp-851037,Mn6O5F7,
mp-851042,FeOF,
mp-778567,Mn6OF11,
mp-778563,Mn3(OF2)2,
mp-778562,Fe6O5F7,
mp-777912,Fe6O5F7,
mp-777911,Fe6O5F7,
mp-851032,VOF,
mp-851028,Mn3OF5,
mp-686764,Ca5FePb3,
mp-779963,V6O7F5,
mp-777914,FeOF,
mp-850997,Fe3O5F,
mp-777869,Fe6O5F7,
mp-763436,FeOF,
mp-850988,Co3(OF2)2,
mp-764103,Mn6O7F5,
mp-764101,Ni6OF11,
mp-850979,V3(O2F)2,
mp-764064,Mn3(OF2)2,
mp-676515,YZr5O12,
mp-850973,V3O5F,
mp-859782,Co2SbO6,
mp-764056,Na3(NiO2)2,
mp-643270,K3ZnH5,
mp-973480,Nd(BRh)4,
mp-643253,Ba2H6Pt,
mp-643245,K3MnH5,
mp-777712,Mn3O5F,
mp-767921,Nb2NiO6,
mp-764035,Ni3OF5,
mp-766111,Mn6O5F7,
mp-542729,Dy3Ni13B2,
mp-643022,Rb3H5Pd,
mp-777703,MnOF,
mp-777699,V3O5F,
mp-850936,Ni6OF11,
mp-643006,Cs3H5Pd,
mp-850934,Fe6O11F,
mp-764016,Na2Fe2O5,
mp-642845,Rb3H5Pt,
mp-777692,V6O7F5,
mp-775122,LiLaNb4O12,
mp-775117,Cr(CoO3)2,
mp-642821,K3H5Pt,
mp-763365,Mn3O5F,
mp-777724,Mn6O5F7,
mp-676240,Ti2CdO6,
mp-773310,V2CoO6,
mp-773303,Mn5NiO12,
mp-642736,K3H5Pd,
mp-850901,Fe3(O2F)2,
mp-763350,V3O5F,
mp-642706,H4S(NO)2,
mp-763992,V6O11F,
mp-779662,Zr5Sn3O,
mp-763983,V2O3F,
mp-1094040,Zn2In2O5,
mp-676074,Na2ThF6,
mp-763342,FeOF,
mp-777654,Mn3O5F,
mp-763338,V3O5F,
mp-779391,V3(O2F)2,
mp-849435,Mn3(O2F)2,
mp-777634,Co3OF5,
mp-767190,VOF,
mp-1099750,Eu2V2O5,
mp-763941,Mn6OF11,
mp-767173,Li4MnO3F,
mp-767158,Mn2CrO6,
mp-763915,Co3OF5,
mp-763909,V6O11F,
mp-763905,Co6O5F7,
mp-1099625,Sm2Ni2O5,
mp-7603,Li2TiF6,49.28247666
mp-640899,Ce2Zn2Cu5,
mp-767120,Mn2FeO6,
mp-557403,LiFe2F6,72.09017691
mp-779244,Mn6OF11,
mp-640553,BaNb2O6,
mp-640447,Ce5NiPb3,
mp-640372,Dy5NiPb3,
mp-680842,Ca5MnPb3,
mp-680754,Ca5CuPb3,
mp-773280,TiMn5O12,
mp-1099747,Eu2Mn2O5,
mp-866830,Ca3SnS5,
mp-639263,Ce3MnBi5,
mp-5496,Al5C3N,
mp-763728,Li3Mn2P2O8F3,
mp-778833,CoOF,
mp-634429,H4N2O3,
mp-778729,Mn3(OF2)2,
mp-631961,La5In3Br,
mp-774004,Li4V2SiGeO10,
mp-773621,Ni6OF11,
mp-778707,Co2OF3,
mp-853150,Mn3(OF2)2,
mp-778642,Fe6O7F5,
mp-778638,Fe3(OF2)2,
mp-778637,Fe6O5F7,
mp-773511,Co5NiO12,
mp-1099837,K2V2O5,
mp-778587,Mn3O5F,
mp-776514,Li2FeF6,
mp-28477,Sr(ClO3)2,
mp-30991,Ba(IO3)2,
mp-28486,Cs2Ni3S4,
mp-763925,Mn6O7F5,
mp-28495,ZrBr2,
mp-29861,K2Mn3S4,
mp-31013,U(BO3)2,
mp-28513,Pb(ClO3)2,
mp-502,As4S5,
mp-28514,Ba(BrO3)2,
mp-29898,Tl2Au4S3,18.02457076
mp-31050,Cl2O7,
mp-2995,La2Fe2S5,
mp-17396,SrNi5As3,
mp-765399,Li2VCoO5,
mp-34284,NaNdF4,
mp-20088,Na4PbO4,
mp-31076,Tl2TeBr6,
mp-31077,Tl2TeI6,
mp-28512,Ba(ClO3)2,
mp-29992,AsPbF7,
mp-559701,LiV2F6,
mp-23376,GaSeBr7,
mp-28661,Ba2Cu3P4,
mp-28670,Ba2Bi2O5,
mp-23407,Hg(IO3)2,
mp-23411,K2TeBr6,
mp-30047,Sn2Mo,
mp-17587,Ce2Zn2Ni5,
mp-23474,AgBi3S5,
mp-32308,Ta2NiO6,
mp-27211,KSb4F13,
mp-1099761,Sr2Cu2O5,
mp-20212,BaPr2CuO5,
mp-3010,Rb2TbF6,
mp-30100,Li2B2Se5,
mp-17625,Na2Cu4S3,
mp-31237,CuAsF7,
mp-28744,Y4OsBr4,
mp-27234,Cu(IO3)2,
mp-31243,BaAs2,
mp-504752,Fe3BO5,
mp-27251,Bi2TeO6,
mp-28768,Na4SnSe4,
mp-27254,Ba(TeO3)2,
mp-31253,Ga2Ir,
mp-23571,KBa4Bi3O,
mp-30146,CaSn2F6,
mp-27265,AuClO,
mp-28792,P4N3Cl11,
mp-504849,Cs2Li2SiO4,
mp-649950,RuC3Br2O3,
mp-23657,Na6S2ClO8F,
mp-34806,NaYF4,
mp-20326,U(PS3)2,
mp-28832,Mn5As4,
mp-504910,Sr(BrO3)2,
mp-27332,Cs3MnBr5,
mp-27333,Tl3CoCl5,
mp-30210,La5Sn3Cl,
mp-27334,Tl3FeCl5,
mp-30211,La5Sn3I,
mp-30212,La5Bi3Br,
mp-30216,K2ReI6,
mp-5050,Rb(OsO3)2,
mp-31288,La5Pb3I,
mp-30237,Ba(CO)4,
mp-30243,Mg3(HO2)2,
mp-23790,H4N2O3,
mp-27370,P10Au7I,
mp-31293,Eu2Sn5Au2,
mp-30275,BaP8,
mp-28930,KC8,
mp-28931,Ga2TeO6,
mp-978921,Tb(BIr)4,
mp-30292,Nd4Se3N2,
mp-31303,Pr4Se3N2,
mp-505155,UCr5P3,
mp-27404,As3(HO2)5,
mp-23875,CuH4(ClO)2,
mp-3955,AlPO4,29
mp-20546,Ba2In2O5,
mp-30334,Th2Al7,
mp-28982,Pd(PbCl3)2,
mp-28983,Pd(PbBr3)2,
mp-23945,KLi2(HO)3,
mp-29012,Tl2AgI3,
mp-23955,CuH2SeO5,
mp-30557,YGa2Co3,
mp-23966,MgH2SeO5,
mp-505267,Np2Si4Tc3,
mp-23969,ZnH2SeO5,
mp-35822,Li4SiO4,
mp-29033,P3BrCl14,
mp-505302,U5Ge4,
mp-22165,Ce(CoB)4,
mp-22170,Li4PbO4,
mp-505343,U(CoB)4,
mp-18006,Rb2Cu2SnS4,
mp-22186,In6Ge2PtO9,
mp-24090,BaH4(IO)2,
mp-614223,K2MnF6,
mp-505397,K2PuCl6,
mp-27566,K3(PtO2)2,
mp-29111,Al2Fe3Si4,172.3826825
mp-505438,BaGd2PdO5,
mp-22288,BaCe2CoS5,
mp-29156,NaTa3N5,
mp-20737,KNaEuNbO5,
mp-22315,HfCoSn,139.8342051
mp-505551,InPH2O5,
mp-29184,Cr2P,
mp-18198,ScSnPt,119
mp-22328,K4PbO4,
mp-27688,K2TeI6,
mp-773736,Co3OF5,
mp-29199,BaCuN,
mp-3704,Cs2Mn3Se4,
mp-18232,Ce2Al3Ge4,
mp-18240,Tl2Cu2SnS4,
mp-37267,NaYF4,
mp-31419,LaSb5O12,
mp-1094273,Mg5Ti,
mp-22423,BaLa2CoS5,
mp-27782,XeIF7,
mp-29260,Ti(SeO3)2,
mp-29274,P2PdO6,
mp-38070,Rb(TeO3)2,
mp-29287,Cs3CoBr5,
mp-38407,Li5SiAs3,
mp-22499,EuSnF7,
mp-22512,Sr2In2O5,
mp-29336,Rb2PuCl6,
mp-31469,Hf5CuSn3,118.214625
mp-31471,K3PbAu5,
mp-29407,AlTeI7,
mp-29410,Li2B2S5,
mp-29408,AlSeBr7,
mp-18632,SrNi5P3,
mp-18649,MnGeRh,
mp-31485,Ga5Pd13,
mp-18686,ZrCr5P3,
mp-18691,Rb2Ni3Se4,
mp-18706,Y5(FeTe)2,
mp-18798,Sr2Mn2O5,
mp-3996,GaAsO4,
mp-18850,BaYMn2O5,
mp-4052,Rb2Mn3Se4,
mp-4078,La2SO6,
mp-30650,Mg2Ga,
mp-4117,Li2Si2O5,78.80539404
mp-41191,Na3Ti2P2O10F,
mp-4122,GaPO4,
mp-619808,Ta2CoO6,
mp-41473,CsTiNiOF5,
mp-41837,RbTiZnOF5,
mp-31593,Na4CoO4,
mp-30705,Ti4Ga3Ni2,
mp-567019,ZnTeMoO6,
mp-559094,Cu2H3ClO3,
mp-559106,KLi3PbO4,
mp-569207,K2OsNCl5,
mp-559144,GePb3O5,
mp-559270,RbBa4Sb3O,
mp-561243,Sr2CuClO2,
mp-571428,MgNi3B2,191.7234998
mp-569280,Y4Si5Rh9,
mp-542804,La5NiPb3,
mp-542816,Zr5SiSb3,
mp-567326,Bi2MoO6,
mp-556958,La4S3N2,
mp-571453,K2SnCl6,
mp-567386,Cs2Cd3Te4,
mp-567402,CdI2,
mp-542953,CaZn3Ni2,
mp-542992,DyGa3Ni2,
mp-543001,Zr5Sn4,103.5596607
mp-561288,K3LiIrO4,
mp-569331,Li(Sn3Pd)2,61.7912403
mp-30767,Li7Sn2,27.62309891
mp-30769,Li13Sn5,29.6287689
mp-567442,CdI2,
mp-850932,Mn3(OF2)2,
mp-778569,Mn3OF5,
mp-773465,Li4TiV3O10,
mp-8894,U2Al3C4,
mp-777625,TiV4CuO12,
mp-850984,MnOF,
mp-773300,Mn5FeO12,
mp-763319,V3O5F,
mp-763316,Mn3O5F,
mp-763303,Mn3O5F,
mp-763299,Ni3OF5,
mp-763293,Co3O5F,
mp-763291,V3O5F,
mp-763290,V3(O2F)2,
mp-763287,Co3OF5,
mp-769703,LiCrBO3,
mp-675800,Li5TiP3,
mp-777504,Co6OF11,
mp-765923,Mn2F7,
mp-763274,Mn3(O2F)2,
mp-765885,Mn(CoO3)2,
mp-763268,MnOF,
mp-763252,LiSbWO6,
mp-777555,MnV2O6,48.58628773
mp-773237,Mn5CuO12,
mp-763243,Co3(OF2)2,
mp-769993,LiMnPHO5,
mp-850460,V4CuNiO12,
mp-765838,Fe(CoO3)2,
mp-777506,V3(O2F)2,
mp-773218,V2FeO6,
mp-777505,Mn3(O2F)2,
mp-675562,K2ThF6,
mp-643570,NiH2SO5,
mp-850422,Fe3(O2F)2,
mp-756628,Li4NbO4,
mp-765868,TiWO4,
mp-20381,HfGaPd,
mp-763249,Co3OF5,
mp-762863,Fe3OF5,
mp-756811,Li4TiS4,
mp-756344,Li4ZrO4,
mp-850399,LiVPHO5,
mp-756339,Tm2TeO6,
mp-763236,Co6O5F7,
mp-756299,Li4HfO4,
mp-777454,V5FeO12,
mp-850393,Fe3(O2F)2,
mp-756294,Li2Ti2O5,
mp-769817,LiVBO3,
mp-765731,Mn3OF5,
mp-756389,Lu2TeO6,
mp-777433,V6O7F5,
mp-763216,Mn3(O2F)2,
mp-763215,Ni3OF5,
mp-850361,Fe3(OF2)2,
mp-756689,La2SbO6,
mp-763211,V3O5F,
mp-765707,Mn6O11F,
mp-622268,Ba2ZnAg2(SeO)2,
mp-763207,FeOF,
mp-763206,Co3OF5,
mp-769773,Li3CrClO4,
mp-707190,K2SnBr6,
mp-765698,Mn6O11F,
mp-769764,MnPO4,
mp-765691,Mn6O5F7,
mp-763201,V6O7F5,
mp-618324,ZrCo3B2,
mp-765690,Ni3OF5,
mp-777325,V3(O2F)2,
mp-756074,Bi2PO6,
mp-777324,Li4FeO3F,
mp-850010,Li4CoO3F,
mp-675073,Na4PtO4,
mp-8315,LiSmAlF6,
mp-761330,Rb(WO3)2,
mp-755950,Ba2Sc2O5,
mp-616672,Ga2Fe2S5,
mp-850223,Fe3OF5,
mp-616564,RbPbIO6,
mp-616521,AgC2N3,
mp-765780,LiV2OF5,
mp-674531,Li5GeP3,
mp-755831,BrClO,
mp-762873,Fe3OF5,
mp-762872,Li3Ti2Mn3O10,
mp-765774,Ni3OF5,
mp-777020,LiFeF4,
mp-849681,Ta2CrNO5,
mp-756432,Li2Ti(TeO4)3,
mp-769843,Li4FeO4,
mp-777239,Mn3(O2F)2,
mp-850150,Li3V3Cr2O10,
mp-556065,Li2MoF6,
mp-756406,Li2Zr2O5,
mp-777235,V5CuO12,
mp-756394,Li2V2S5,
mp-849653,Na3(CoO2)2,
mp-756392,LiCuSi2O5,
mp-755613,LiTiO4F3,
mp-765749,Ni3OF5,
mp-756350,TiNbO4,
mp-755591,Dy2TeO6,
mp-755588,Ho2TeO6,
mp-5984,Y(BRh)4,
mp-755549,Y2TeO6,
mp-762831,Li3Ti2Co3O10,
mp-765742,Na3V5O10,
mp-850118,Cr(PO3)2,
mp-610738,Zr(InBr3)2,
mp-755001,Er2TeO6,
mp-770737,Ga2WO6,
mp-648988,NaLiCO3,
mp-765941,Mn2F7,
mp-762801,Li2MnPO5,
mp-760509,LiCuCO3,
mp-769786,Li4CrO4,
mp-754798,Bi2SeO6,
mp-675881,RbBiF4,
mp-607409,Hf5CuPb3,
mp-764689,VOF,
mp-850088,Co6O7F5,
mp-850084,Co3OF5,
mp-607139,ZrSnIr,
mp-865095,NaGaH8(NF3)2,
mp-850757,Fe3OF5,
mp-850078,Co6O7F5,
mp-756163,Li2Cu4S3,
mp-632684,NaPH3NO3,
mp-765702,Mn6O7F5,
mp-761683,Na4TiO4,
mp-762777,Li3Fe2Ni3O10,
mp-756131,Sr2CaI6,
mp-758997,LiCuCO3,
mp-675779,Li2Mo3S4,
mp-850739,Fe3OF5,
mp-850065,Mn3O5F,
mp-771994,FeCo5O12,
mp-646750,Y5CuPb3,
mp-777552,Fe6O5F7,
mp-754370,Ba3GeO5,
mp-777102,Mn3O5F,
mp-765888,Fe2CoO6,
mp-849985,Co3(OF2)2,
mp-777088,LiV2OF5,
mp-754173,Sm2Cu2O5,
mp-645317,Li4CO4,
mp-849978,Mn6O7F5,
mp-762709,LiTiFe2O5,
mp-765668,V2O3F,
mp-675539,Na7Cu3O8,
mp-756867,LiCuBO3,
mp-755933,Li2Fe3S4,
mp-764564,Li2Fe2OF4,
mp-849938,Ta2CrNO5,
mp-762694,Li3Ti2Fe3O10,
mp-849934,MnOF,
mp-762685,Li3V3(FeO5)2,
mp-780926,Li2VPO5,
mp-765618,Mn6O7F5,
mp-755840,Nb2SbO6,
mp-755835,LiBiB2O5,
mp-616507,Cs2Na2IrO4,
mp-756725,Ba2CaI6,
mp-849703,Co6O5F7,
mp-849699,V3O5F,
mp-777255,LiFeBO3,
mp-769853,Cr(SbO3)2,
mp-753881,LiAg2F6,
mp-643912,Ca5Ge3H,
mp-769825,LiFeBO3,
mp-769824,LiCoBO3,
mp-762649,Na3LiMn5O9,
mp-849684,MnOF,
mp-669456,La2Al3Ge4,
mp-776038,LiFeF4,
mp-753813,Ca(ClO3)2,
mp-643895,Cs3MgH5,
mp-643712,Rb3MgH5,
mp-769656,Ba2Ce2O5,
mp-643706,Cs3MnH5,
mp-643702,Cs3ZnH5,
mp-643697,Rb3MnH5,
mp-643651,Rb3ZnH5,
mp-777007,Ni(IO3)2,
mp-849668,V3(O2F)2,
mp-755684,SrCa2I6,
mp-755667,Ba4Bi3O11,
mp-849666,Ta2CrNO5,
mp-778516,Fe3O5F,
mp-1099786,Ca2Co2O5,
mp-601253,ZrGaPt,
mp-756510,K4TiO4,
mp-768291,Hg(SbO3)2,
mp-849504,Ta2CrNO5,
mp-756500,Sr2CaI6,
mp-9584,Nd(BIr)4,
mp-768203,BeH2,
mp-849465,Mn6OF11,
mp-1099757,Sm2Ti2O5,
mp-763090,Co2O3F,
mp-765229,V2F7,
mp-761554,Co2NiO6,
mp-626113,H4N2O3,
mp-755481,Ca(ClO3)2,
mp-776875,Ta2CrNO5,
mp-774242,LiTaWO6,
mp-763008,Mn2O3F,
mp-849357,Co6OF11,
mp-763007,Mn2OF3,
mp-763001,Fe2O3F,
mp-755403,Ba2Sc2O5,
mp-778024,Fe6O11F,
mp-608071,NO2,
mp-776690,Mn3(O2F)2,
mp-774172,Mn3OF5,
mp-776682,Mn6O5F7,
mp-849235,Fe6OF11,
mp-782638,Fe3(O2F)2,
mp-774144,Li(WO3)2,
mp-696132,Zr5ZnPb3,
mp-849219,V3(O2F)2,
mp-765719,Mn6OF11,
mp-781967,Co3(OF2)2,
mp-756202,Ba2SrI6,
mp-781966,Co6O5F7,
mp-774111,Mn3OF5,
mp-772248,LiV4CuO12,
mp-15323,Nd(BOs)4,
mp-776653,Ni6OF11,
mp-672966,LiCu(PO3)4,
mp-765693,Mn6O5F7,
mp-781783,Fe6OF11,
mp-754878,Cu3OF5,
mp-754869,Sr(IO3)2,
mp-617543,Th(InBr3)2,
mp-772127,V2CrO6,
mp-849982,Ta2CrNO5,
mp-781693,Mn6O11F,
mp-764684,Mn3OF5,
mp-849950,Mn3(OF2)2,
mp-781688,Fe3O5F,
mp-849942,Na4VO4,
mp-781686,Co3(OF2)2,
mp-781680,Fe3O5F,
mp-781677,Mn3(O2F)2,
mp-764669,Li4V3CoO10,
mp-764667,Co3(OF2)2,
mp-769674,Sr2Li2NiO4,
mp-849696,Mn6O5F7,
mp-30771,Lu6Ni2Sn,
mp-567483,CdI2,
mp-5450,K2ZrF6,
mp-558236,BaNd2CoS5,
mp-567517,Er5(CoTe)2,
mp-569350,La5Sn3Br,
mp-559355,Hg3AsS4Cl,
mp-643547,CoH2SO5,
mp-31629,Ta2CrO6,
mp-555074,Hg3AsS4Br,
mp-571537,ZrCl2,
mp-557035,K3SO4F,
mp-569410,PCl5,
mp-569411,La3ScBi5,
mp-559389,SiO2,
mp-567863,Y3Ni13B2,
mp-567926,B4Rh5,
mp-567927,ZrAlPt,
mp-567932,LaMg4Cu,
mp-567949,Hg3AsSe4Br,
mp-559432,CF2,
mp-555119,SrTaF7,
mp-567994,Er5(NiTe)2,
mp-569486,Yb2Ag7,
mp-571609,HfGaPt,
mp-557121,K2Sn(AuS2)2,
mp-569509,Er2Co7,
mp-571619,HfAlPt,163.3456751
mp-764130,V6O7F5,
mp-23764,Mg3Si2H4O9,
mp-557163,TaPbF7,
mp-777332,Li2MnF6,
mp-568340,Ho5NiPb3,
mp-572537,K4CO4,
mp-557194,SiO2,
mp-572551,Cs2U(Br2O)2,
mp-572596,TlIn3S5,
mp-568405,K2NbCl6,
mp-559550,SiO2,
mp-554025,SNF,
mp-568469,Ca4TiN4,89.53779273
mp-773913,Ba3CrO5,
mp-554116,BaPb2BrF5,
mp-557410,NdTe2BrO5,
mp-1097046,La2Sc2O5,
mp-554142,Ge(TeO3)2,
mp-557441,KAu(IO3)4,
mp-573390,Np2Si4Mo3,
mp-554199,RbSnIO6,
mp-573568,K2TcI6,
mp-569678,Rh4Pb5,
mp-554243,SiO2,
mp-554245,BaPb2IF5,
mp-555256,Li4CO4,
mp-559605,SiO2,
mp-557531,Pb2S(O2F)2,
mp-573743,Ce3CI5,
mp-557552,Sr2CuF6,
mp-573891,K2Ag4Se3,
mp-574040,K2SnBr6,
mp-574085,Dy5Sn13,
mp-557624,CePO4,
mp-574159,CeAs2Pd3,
mp-554370,TiSCl6O,
mp-555284,Ba2NdAlO5,
mp-574339,Y2Ni7,
mp-554461,K(OsO3)2,
mp-561641,Cs2Sn(AuS2)2,
mp-554592,CsCS(OF)3,
mp-568591,La3CI5,
mp-555320,Li4CO4,
mp-676448,CsTiZnOF5,
mp-554626,Ba(BrO3)2,
mp-557862,BaAg2(HgO2)2,46.33910468
mp-557865,NO2,
mp-561786,Cs(TeO3)2,
mp-5547,Mg2B2O5,
mp-569824,Te2WCl6,
mp-758265,LiCu2F6,
mp-568643,RbC8,
mp-1094425,Mg5Zn,
mp-778615,V6O7F5,
mp-559663,SrLiNiF6,
mp-558102,KLiSi2O5,
mp-559734,UOF4,
mp-558133,Rb2MnF6,
mp-1099875,Na2Mo2O5,
mp-558163,Pb(SeO3)2,
mp-23290,PtCl2,
mp-558178,KCBr(NO2)2,
mp-558212,KNaNdNbO5,
mp-570267,Tl3FeCl5,
mp-558231,Ba3Ho2Cu2PtO10,
mp-554848,Cs2VF6,
mp-568724,YbGePd,
mp-779926,Fe3(OF2)2,
mp-6591,SrLiAlF6,
mp-558317,KNaPrNbO5,
mp-568744,Ba2Cd3Bi4,
mp-558340,Nd5As2ClO10,
mp-31983,Mn(SeO3)2,
mp-581831,Gd5CuBi3,
mp-558500,K2Ag2GeS4,
mp-568792,Si5Rh4,180.9155858
mp-554899,CsAlF4,
mp-559584,LiCaNiF6,
mp-558610,Sc(ReO3)2,
mp-555513,CS2NF5,
mp-638731,LaCO3F,
mp-558733,SiO2,264.8171521
mp-562607,AlPO4,
mp-582367,EuNi5P3,
mp-1099626,La2Fe2O5,
mp-558826,KHoBeF6,
mp-582619,CdI2,
mp-540997,FeTeCl7,
mp-540998,FeTeBr7,
mp-570084,Hg3AsSe4I,
mp-559928,SiO2,
mp-558911,Cs2Co3S4,
mp-755776,Rb4SiO4,
mp-1005753,Sm2AlGe6,
mp-616196,OsC3I2O3,
mp-754572,BaCa2I6,
mp-24041,MgH2SO5,
mp-646586,Sm6InCo2,
mp-768570,Sr2CaI6,
mp-771938,Mn5SnO12,
mp-699370,Nb2CoO6,
mp-771931,V4CrCuO12,
mp-754377,K4TiO4,
mp-755511,Y2Hg2O5,
mp-795582,Nb4ReO4,
mp-571265,Rb2UBr6,
mp-754224,BaSr2I6,
mp-781058,Fe3OF5,
mp-561310,NaLiCO3,
mp-755020,SrCa2I6,
mp-761587,V5CoO12,
mp-776198,V5CrO12,
mp-771872,V2NiO6,
mp-776190,MnV5O12,
mp-764569,Mn3(O2F)2,
mp-761557,Co5SbO12,
mp-764549,V3(O2F)2,
mp-643394,NaInH8(NF3)2,
mp-761711,Li4V3SiO10,
mp-778543,LiNiBO3,
mp-644409,LiAlPHO5,
mp-780906,Co3(O2F)2,
mp-753863,Li2Ti2S5,
mp-753818,Li3(FeS2)2,
mp-753776,Li4SbS4,
mp-764509,Mn3O5F,
mp-776004,Li4CoO4,
mp-754462,SbTe2F6,
mp-1076323,Rb2Nb2O5,
mp-753731,Ba2CaI6,
mp-780883,Mn3(OF2)2,
mp-643564,FeH2SO5,
mp-771975,Na2TbO3,
mp-754408,Ba2SrI6,
mp-643427,MnH2SO5,
mp-643412,MnH2SeO5,
mp-753676,Ta2TiO6,
mp-780874,KLi2Mn2O4,
mp-771726,MnV4CoO12,
mp-849601,Mn3(O2F)2,
mp-778538,Mn6O5F7,
mp-763176,Mn3(O2F)2,
mp-849538,Mn6O7F5,
mp-773306,CrCo5O12,
mp-849530,Li2MnVP2(HO5)2,
mp-714972,V8O,
mp-778417,Fe6O5F7,
mp-1006322,Ce(FeB)4,
mp-849526,V6O11F,
mp-756746,Rb4PbO4,
mp-763144,Mn6OF11,
mp-763137,VOF,
mp-849510,Mn6O7F5,
mp-1094564,Mg5Sb,
mp-780917,Mn6O5F7,
mp-753954,CdCuH8(ClO)4,
mp-778348,Ta2CrNO5,
mp-603567,ZnCoPHO5,
mp-697878,KCo2H3(SeO5)2,
mp-763106,Mn3O5F,
mp-774326,Ni3OF5,
mp-849466,Mn3O5F,
mp-1029718,CsC2N3,
mp-762819,Li3Fe3(SnO5)2,
mp-763083,Li2MnF6,
mp-643365,KH3C2O3,
mp-755954,BaSr2I6,
mp-763082,Mn3O5F,
mp-849439,Mn3O5F,
mp-767954,Li2FeSiO5,
mp-763067,FeOF,
mp-558943,LiUAsO6,
mp-568942,Lu5NiPb3,
mp-570150,CaAlSi,56.14412279
mp-763948,Co3(OF2)2,
mp-1094405,YMg5,
mp-559998,Cs(OsO3)2,133
mp-570173,K2SnCl6,
mp-597,TiNi,151.4514259
mp-6080,BaNd2CoS5,
mp-18032,Nb5Ga4,
mp-569019,Gd3Ti2MnSi3,
mp-6332,Li2TiSiO5,
mp-626800,ReH3O5,
mp-1094377,Mg2Ti,
mp-570196,Zr5Sb4,106.3217379
mp-555682,Sn(SeO3)2,
mp-1072,Nb5Ga13,
mp-560043,KSb4F13,
mp-32340,K3(NiO2)2,
mp-570238,P10Au7I,
mp-570258,Ca3(AlN2)2,
mp-569118,Cs3MnI5,
mp-560125,HgCS(OF)3,
mp-560127,K2MnF6,
mp-570319,YCo3H2,
mp-555790,Tl2C3O4,
mp-555792,Na(OsO3)2,
mp-560151,AlPO4,
mp-555805,AlSCl7,
mp-6855,K2NaAg3(CN)6,
mp-764054,Mn3O5F,
mp-570262,Cs3ZnCl5,
mp-555852,Rb2Ag2GeS4,
mp-7210,Cd2B2O5,
mp-7500,Na4SiO4,
mp-1099765,Eu2Cu2O5,
mp-541883,Tb3Ni13B2,
mp-565616,La2CrO6,
mp-541435,Sb2WO6,
mp-541849,Al3(BRu2)2,
mp-541491,U2Ge4Mo3,
mp-505633,Cs2Zn3S4,
mp-557375,NaLiCO3,
mp-975663,Pr(CoB)4,
mp-505692,Np5Ge4,
mp-9436,La3HfSb5,
mp-560340,La2Pd2O5,129.6542551
mp-541856,U3TiGe5,
mp-570613,CdI2,
mp-1099764,K2Ta2O5,
mp-556027,SiO2,
mp-570653,LaFe5H12,
mp-542205,BaYFe2O5,
mp-570671,CdI2,
mp-542297,Eu2SO6,
mp-570690,SiC,213.3872782
mp-565827,LiMoIO6,
mp-570692,In5B4Ir9,
mp-570695,CdI2,
mp-542443,TlCr3S5,
mp-570706,CsTiCu3Se4,
mp-556066,Sr2LiSiO4F,
mp-556076,Sr2Co2O5,88.27881727
mp-510055,Co2B2O5,
mp-5457,Pr3Co11B4,
mp-556438,KNaSmNbO5,
mp-566892,KMoPClO5,
mp-560750,CoTeMoO6,
mp-566425,Cu3NiH6(ClO3)2,
mp-565503,Ni2Ag3O4,
mp-633543,Li2CrPO4F,
mp-768764,Li2BiBO5,
mp-632734,H4N2O3,
mp-556489,Ta2SnO6,
mp-510240,Rb2Ag4S3,
mp-556497,RbNi2F6,
mp-571054,Cu2Mo3Se4,
mp-570781,CdI2,
mp-560806,Zn2In2S5,
mp-566713,ScCr2Ag(H2O5)2,
mp-556164,Si(AgO)4,
mp-510293,Pb3SeO5,
mp-570823,Ba(BSe3)2,
mp-510321,Zr5AlSn3,
mp-565893,Bi2WO6,
mp-510322,UCo5,
mp-556525,BaNd2PtO5,
mp-556527,Rb4CO4,
mp-556176,Li2ZrF6,
mp-570831,U3NbSb5,
mp-565932,CdTeMoO6,
mp-560490,La2C2N4O,
mp-556202,Cu(CO)4,
mp-570864,Er5NiPb3,
mp-571162,Ca3(GaN2)2,
mp-570879,CaCuSn,
mp-570882,CdI2,
mp-570887,K2Ag2SnSe4,
mp-556582,Cu(IO3)2,
mp-571189,NaHf2CuSe5,
mp-561858,Cs2Li2SiO4,
mp-558057,LiCdCoF6,
mp-571215,Ca2Sb4Pd3,
mp-571217,La3SiPd5,
mp-705451,CsTiMnOF5,
mp-570939,CdI2,
mp-560563,K3(PdO2)2,
mp-560161,ZnCu3H6(ClO3)2,
mp-570947,YbSnAu,
mp-556645,RbNbAsClO5,
mp-571264,Ca5Au4,42
mp-556663,CsCrF4,
mp-31517,Ta2CoO6,
mp-10103,LiYbAlF6,
mp-18772,Na4Mo(NO)2,
mp-549498,Sr2Co2O5,
mp-6134,LiCaAlF6,
mp-5831,Cu(SbO3)2,
mp-555112,Li2CrF6,
mp-18865,K3(FeO2)2,
mp-1022726,Ba2CuH6,35.32117307
mp-18884,Na4CrO4,
mp-18907,Ca2MnAlO5,
mp-1094560,Mg2Sb,
mp-29980,Nb4B3C2,
mp-556372,CaSO4,
mp-1024050,Na2Zn3Se4,
mp-7118,Rb4SnO4,
mp-30155,Ce3SiPd5,
mp-1024069,Na2Zn3S4,
mp-10489,Cs2Ti(CuSe2)2,
mp-19073,La2Ni2O5,
mp-865922,FeH4Br3N,
mp-19090,MnTeMoO6,
mp-24898,Cr2WO6,
mp-19109,FePO4,
mp-556741,KNaThF6,
mp-24917,Cr2TeO6,
mp-19125,Na4W(NO)2,
mp-19131,LiMnBO3,
mp-867331,K3InAu5,
mp-763065,FeOF,
mp-763039,Fe2OF3,
mp-626083,Si2H2O5,
mp-27230,As2SO6,
mp-697181,CsLi2(HO)3,
mp-763029,FeOF,
mp-626037,Si2H2O5,
mp-697120,BH3NF4,
mp-763138,Co3OF5,
mp-763026,V3(O2F)2,
mp-626829,ReH3O5,
mp-849377,Ni6OF11,
mp-626819,ReH3O5,
mp-626799,ReH3O5,
mp-626788,ReH3O5,
mp-655141,S,
mp-649130,AlSeCl7,
mp-849686,V3(O2F)2,
mp-763016,FeOF,
mp-849368,V3(O2F)2,
mp-763009,FeOF,
mp-1099904,Ba2Mn2O5,
mp-752422,IClO,
mp-696946,BaSn2(HO2)2,
mp-696949,Li3TeHO4,
mp-764009,Mn6O7F5,
mp-762997,FeOF,
mp-696806,BaH4(BrO)2,
mp-778392,Li2MnF6,
mp-778013,Mn3O5F,
mp-995201,Ti5Si3C,
mp-762953,LiFe2OF5,
mp-696379,BH3OF4,
mp-763094,Mn3OF5,
mp-762930,Li3(NiO2)5,
mp-777947,Ni3OF5,
mp-849234,Mn3OF5,
mp-557761,KBa4Sb3O,
mp-849231,Fe6OF11,
mp-762919,Mn3(OF2)2,
mp-13002,K2SiF6,
mp-566148,LiCdCoF6,
mp-762910,Co6OF11,
mp-762909,Co(CO3)2,
mp-777926,Mn6O7F5,
mp-656850,Ti2O7,
mp-626085,Si2H2O5,
mp-778644,Fe6O7F5,
mp-778632,Fe6O7F5,
mp-849370,Fe6OF11,
mp-778033,Mn6O5F7,
mp-768026,LiVWO6,
mp-1005689,Sm6GaCo2,
mp-777948,Mn6O5F7,
mp-761481,Li2FePO5,
mp-24967,Fe2TeO6,
mp-24973,FePO4,
mp-19197,Ba3CrO5,
mp-25018,Ca2MnGaO5,
mp-505271,Ni(SbO3)2,
mp-25070,Mo(RhO3)2,
mp-1099905,La2Ti2O5,
mp-18860,Li2VSiO5,
mp-763481,Nb2CoO6,
mp-25148,V2WO6,
mp-25175,Cs(WO3)2,
mp-25177,Bi2WO6,
mp-510691,Hf5Sn4,111.7007848
mvc-9319,Pr(BiO3)2,
mp-25484,CoH2SeO5,
mp-25488,Li2CoPO4F,
mp-16451,BaPr2CoS5,
mp-25533,VFeH2O5,
mp-25557,MnAsH2O5,
mp-561033,CsCu5S3,45.63900831
mp-25562,Li2MnPO4F,
mp-25569,Mn2NiO6,
mp-25581,La2MoO6,
mp-25582,MgMoH2O5,
mp-25600,NiH2SeO5,
mp-868118,BaTbMn2O5,
mp-25630,Li2VPO4F,
mp-25688,Li2FePO4F,
mp-5331,AlPO4,
mp-566124,CrAg3ClO4,
mp-566165,RbMoPClO5,
mp-542432,Sr2MnGaO5,
mp-571315,Mg3Al8FeSi6,
mp-571324,CNCl,
mp-6841,Ba4NaCu(CO5)2,
mvc-10003,Ho(SbO3)2,
mvc-10015,LaCrAgO6,
mvc-10018,LaCrCoO6,
mvc-10023,Ho(BiO3)2,
mvc-10030,LaCrBiO6,
mvc-7040,Re2O7,
mvc-8064,Ti(GeO3)2,
mvc-8086,Sn(GeO3)2,
mvc-8096,Ge2BiO6,
mvc-8098,Ge2SbO6,
mvc-8350,V(GeO3)2,
mvc-8370,Ge2MoO6,
mvc-8371,Co(GeO3)2,
mvc-8381,Ge2WO6,
mvc-8391,Ni(GeO3)2,
mvc-8473,Mn(GeO3)2,
mvc-8638,Fe(GeO3)2,
mvc-8907,LaFeTeO6,
mvc-8985,LaFeWO6,
mvc-8986,LaFeMoO6,
mvc-9006,LaCrFeO6,
mvc-8989,LaVFeO6,
mvc-8995,LaFeReO6,
mvc-9014,LaFeSbO6,
mvc-9027,LaFeBiO6,
mvc-9007,LaTaFeO6,
mp-763202,Li4CoO4,
mvc-9265,Pr(SbO3)2,
mvc-9263,PrTi2O6,
mvc-9328,Pr(SnO3)2,
mp-13765,Ce3Co11B4,
mvc-9634,PrV2O6,
mvc-9652,Pr(MoO3)2,
mvc-9655,Pr(WO3)2,
mvc-1657,Ca(SbO3)2,
mvc-1659,Zn(SbO3)2,
mvc-1661,Zn(BiO3)2,
mvc-1660,Ca(BiO3)2,
mvc-1666,Ta2ZnO6,
mvc-2085,V2ZnO6,
mvc-2103,Mg(MoO3)2,
mvc-2142,Zn(WO3)2,
mvc-2157,MgV2O6,
mvc-2171,Mg(WO3)2,
mvc-2162,Zn(MoO3)2,
mvc-2131,Ca(WO3)2,
mvc-2104,ZnCr2O6,
mvc-2129,MgCr2O6,
mp-7347,La(BRu)4,
mvc-3875,Zn2Sb2O5,
mvc-3853,Zn2Bi2O5,
mvc-5371,Ca2AlMoO5,
mvc-6127,Ca2YVO5,
mvc-6196,Ca2YCoO5,
mvc-6211,Ca2YCrO5,
mvc-6185,Ca2YMnO5,
mvc-6221,Ca2YFeO5,
mp-615064,Li2MoF6,
mvc-6231,Ca2YNiO5,
mvc-10309,Ho(MoO3)2,
mvc-10329,HoCr2O6,
mvc-10393,Ho(WO3)2,
mp-1099805,Mg2Mn2O5,
mvc-13363,Ca(MoO3)2,
mvc-1621,Mg(SbO3)2,
mvc-1620,Mg(BiO3)2,
mvc-1623,MgTa2O6,
mp-780015,Fe3(O2F)2,
mp-10870,Zr5ZnSb3,
mp-642804,KCu2P2H3(O4F)2,
mp-643934,CuH2(CO2)2,
mp-644529,TbGa2Co3,
mp-865970,Yb3Ni13B2,
mp-865205,Dy2Ni7,
mp-866509,Ca3SnS5,
mp-774977,Cr2TeO6,
mp-616055,Li2CrF6,
mp-28317,NaCu5S3,
mp-767031,Ta2MnO6,
mp-1075952,Na2Ta2O5,
mp-1075956,K2Mo2O5,
mp-1076014,Ca2Mn2O5,
mp-1076048,Na2V2O5,
mp-1076063,Sm2Co2O5,
mp-1076055,Sm2V2O5,
mp-1076053,La2Cu2O5,
mp-1076037,Eu2Ti2O5,
mp-1076088,Mg2Co2O5,
mp-1076121,La2Ni2O5,
mp-1076119,La2Ag2O5,
mp-1076123,Eu2Co2O5,
mp-1076151,Ca2Ti2O5,
mp-1076157,Mg2Fe2O5,
mp-1076215,K2Nb2O5,
mp-1076223,Eu2Ni2O5,
mp-1076319,Ca2Fe2O5,
mp-1076286,Eu2Cr2O5,
mp-1076289,Sm2Mn2O5,
mp-1076261,Na2W2O5,
mp-1076391,K2W2O5,
mp-1076393,Sm2Cu2O5,
mp-1076438,La2Co2O5,
mp-1076439,Ba2Co2O5,
mp-1076463,Sm2Fe2O5,
mp-1076454,Sr2Ti2O5,
mp-1076521,Ba2Ti2O5,
mp-1076508,La2Cr2O5,
mp-1076527,Mg2Cu2O5,
mp-1076548,Ca2Cu2O5,
mp-755853,Hg(BiO3)2,
mp-570079,Al5C3N,
mp-570784,Hf2Al3C4,197
mp-763935,V6O7F5,
mp-1029799,Sr4TiN4,73.01435996
mp-1006118,P2S7,
mp-1029737,Ca4VN4,87.26247548
mp-1029730,Ca4HfN4,88.39563996
mp-1029510,Sr3(BN2)2,
mp-1029681,Ca4SnN4,
mp-1029660,Ca4ZrN4,
mp-1029580,Sr4ZrN4,70.52682501
mp-690561,Mn(SbO3)2,
mp-690566,NaCo2H3(SeO5)2,
mp-7765,Ba3SiO5,
mp-690575,Nb2NiO6,
mp-11560,TiSiRu,202.2488015
mp-16124,BaPr2MnS5,
mp-13490,ErAl3Ni2,
mp-10089,Ba5Sb4,
mp-11653,BPO4,
mp-11654,BAsO4,
mp-13595,Rb2UF6,
mp-13596,K2ZrF6,
mp-11677,Sr3(SiAs2)2,
mp-13634,Cs2LiAl3F12,
mp-13666,Ti(PS3)2,
mp-11692,Ba3(SiAs2)2,
mp-13703,Al4CO4,
mp-11737,Li4SiO4,80
mp-11749,Tm5(SiSb)2,
mp-13820,Cd3SiO5,
mp-13836,U(RhO3)2,
mp-2789,NO2,
mp-11844,Ho6GaCo2,
mp-16452,BaLa2ZnS5,
mp-16433,Ca2Ga2O5,
mp-16454,BaPr2ZnS5,
mp-16453,BaCe2ZnS5,
mp-16455,BaNd2ZnS5,
mp-16456,BaNd2MnS5,
mp-13954,Rb2GeF6,
mp-769963,Li2VFeO5,
mp-16531,BaLa2FeS5,
mp-16532,BaCe2FeS5,
mp-16533,BaNd2FeS5,
mp-16534,BaSm2FeS5,
mp-10444,Ca2Al2O5,
mp-14128,K2HfF6,
mp-14190,NdPO4,
mp-10488,Cs2Ti(AgS2)2,
mp-10502,BaCe2MnS5,
mp-14249,Th(PS3)2,
mp-24845,Co(SbO3)2,
mp-14334,K2RbPdF5,
mp-14339,K2Pd3Se4,
mp-14340,Rb2Pd3Se4,
mp-12309,Cs2NaAl3F12,
mp-12403,LiBF4,10.82763034
mp-14411,K4GeO4,
mp-14444,Hf(PS3)2,
mp-2196,BaSb2,
mp-14581,CsCu2F6,
mp-14589,Hf2Si4Ni3,
mp-541194,Fe(SbO3)2,
mp-14726,Na4TiO4,
mp-2631,Ba4Al5,
mp-10912,BaPr2FeS5,
mp-10942,KNaLaNbO5,
mp-10990,Al4CN3O,
mp-12787,SiO2,
mp-12829,LiCaGaF6,
mp-12889,ZrU3Sb5,
mp-12890,HfU3Sb5,
mp-15238,Ho4C5,
mp-15237,Tb4C5,
mp-2716,TiNi,151.6389887
mp-15472,Ba4LiCu(CO5)2,
mp-2717,Zr2Ni7,
mp-1133,V5S4,
mp-13170,KNaGdNbO5,
mp-616640,Sr2Fe2O5,
mp-13234,Lu5Si3B,
mp-13235,Ho5Si3B,
mp-13237,Dy5Si3B,
mp-13243,ScU3Sb5,
mp-15736,Sr3AlO4F,
mp-30659,YGa2Ni3,
mp-15910,Re2SbO6,
mp-2137,Mg2Ni,65.42809187
mp-42020,BaYMnCoO5,
mp-27952,SNCl,
mp-29427,Ta(TeBr3)2,
mp-29428,Ta(TeCl3)2,
mp-24338,Sr5As3H,
mp-20934,Pu2Si4Tc3,
mp-29487,PdCl2,
mp-19193,CaFe3O5,
mp-29469,Pd(Se3Cl)2,
mp-3324,Nb2SnO6,
mp-4264,K2S2O5,19.34482227
mp-28072,La2Be2O5,
mp-21025,Nd2Cu2O5,
mp-29541,GaTeI7,
mp-19333,Fe2B2O5,
mp-24522,CuH2SO5,
mp-13986,Li2PtF6,
mp-4377,K2TbF6,
mp-29564,Ba2Mg3Si4,
mp-16770,Ca2Ag7,
mp-6138,Na2TiSiO5,
mp-28150,BaNb2O6,87.78279528
mp-29606,Rb2Zn3O4,
mp-21129,Sr2Cu2O5,
mp-25046,MnPH2O5,
mp-28175,Pd(SeCl3)2,
mp-16838,EuNi5As3,
mp-28189,FeSeCl7,
mp-16857,LaMn3Ni2,
mp-29628,Na4SnS4,
mp-16886,CdAu,92
mp-24839,BaYCo2O5,
mp-22814,U2Ti3Si4,
mp-4558,Li4GeO4,
mp-33314,Li3Mn2O4,
mp-28241,ZrI2,
mp-4603,Nd3Co13B2,
mp-16958,LaNi5P3,
mp-19750,BaGd2PtO5,
mp-24971,BaDyFe2O5,
mp-29684,La5Sb3Br,
mp-29685,RbAg5Se3,
mvc-11568,Ca2Mn2O5,
mp-1038785,MgCd2,
mp-21227,U3TiSb5,
mp-29696,K4Sb2O3,
mp-17525,Nb5Pt3O,
mp-4667,ZrSnRh,
mp-2970,Na4GeO4,
mp-28304,Ca3(AlAs2)2,
mp-30874,Th5Sn4,
mp-32404,Ta2VO6,
mp-28324,Sr3(InP2)2,
mp-25146,V2PbO6,
mp-4733,ThTi2O6,
mp-777500,V3(O2F)2,
mp-22963,K2TeBr6,
mp-28330,TeAuCl7,
mp-28340,CaAsPt,
mp-30898,Ce2B2Ir5,
mp-30903,Ba3CrS5,
mp-17092,ScSnPd,
mp-4788,K(OsO3)2,
mp-28371,K2Zn3O4,
mp-30914,UAl4Co,
mp-25508,Li2CrPO4F,
mp-30927,CsAs4F13,
mp-29767,Pt5Se4,
mp-3188,Zn(SbO3)2,
mp-13182,Li2TiGeO5,
mp-25605,Li2NiPO4F,
mp-29794,Ba2PdF6,
mp-17207,Tl4GeS4,
mp-19913,Ba3(InP2)2,
mp-28431,Sb(IF3)2,
mp-25728,Li2PWO4F,
mp-28447,Mg(BiO3)2,
mp-29819,Ba2Si3Ni,
mp-23110,NaHg2IO2,
mp-29828,K2Cu2Te5,
mp-30984,S(IO3)2,
mp-1076652,Mg2Ti2O5,
mp-1076696,K2Cr2O5,
mp-1076737,Rb2Ta2O5,
mp-1076718,Sr2Mn2O5,
mp-561589,Sr2Fe2O5,114.683002
mp-1076848,Sm2Ag2O5,
mp-1076863,Ba2Fe2O5,
mp-647833,RbNi2F6,
mp-1077617,Eu2Fe2O5,
mp-555529,LiCaCoF6,
mp-638035,SiO2,
mp-644514,MnO2,
mp-608204,LiCaNiF6,
mp-1080277,CeSe2,
mp-1080304,CeSe2,
mp-1080314,CeSe2,
mp-1080316,CeSe2,
mp-1080320,CeSe2,
mp-1080323,CeSe2,
mp-1080349,CeSe2,
mp-1080353,CeSe2,
mp-1093998,Zn2Ga2S5,
mp-1094004,Zn2Ga2S5,
mp-1094028,TiSiAg2O5,
mp-1094037,Ti3(HO2)2,
mp-1094091,Sm2Sc2O5,
mp-1094194,MgZn5,
mp-1099627,La2Mn2O5,
mp-1094218,La5Mg,
mp-1094295,SrMg5,
mp-1094310,SrMg2,
mp-1094329,MgTi2,
mp-1094333,Sr2Mg,
mp-1094360,Sr5Mg,
mp-1094378,Y2Mg,
mp-1094625,Mg2Ga,
mp-1094638,MgGa5,
mp-1094644,MgGa2,
mp-561729,BaGd2PdO5,
mp-570810,TiNi,
mp-25008,Ca2Mn2O5,107.3200783
mp-743869,VH2SeO5,
mp-616544,RbCr3S5,
mp-851039,FeOF,
mp-778590,Co3OF5,
mp-779976,Fe3(OF2)2,
mp-17228,K2Ni3S4,
mp-1094229,MgSn5,
mp-1096842,Ba3SnS5,
mp-1097002,Hf(TeSe3)2,
mp-1096793,Al2Zn2S5,
mp-1096847,BaCu2(AgO2)2,
mp-1096887,Ca2Fe2O5,
mp-18021,Ge3Mo5C,
mp-1096978,Eu2Sc2O5,
mp-1096907,CrN2,
mp-1096794,Al2Zn2S5,
mp-1096873,Ca2Mn2O5,
mp-1097715,La2Cr2O5,
mp-1097787,Ca2Co2O5,
mp-774047,Ta2CrO6,
mp-3653,Mg(SbO3)2,
mp-569986,La5Sn3I,
mp-1097890,Eu2Ni2O5,
mp-1097712,Na2W2O5,
mp-698708,CsTiCoOF5,
mp-1097718,Na2Mo2O5,
mp-1097763,La2Ti2O5,
mp-1097724,Na2W2O5,
mp-562422,EuSnF7,
mp-1097805,K2W2O5,
mp-25976,Cu(PO3)2,
mp-1097775,Ba2Cu2O5,
mp-566004,La2Ni2O5,
mp-1097834,K2W2O5,
mp-743580,CsTiNiOF5,
mp-1097778,Sr2Ti2O5,
mp-25502,Cr(SiO3)2,
mp-573508,Cs3MnCl5,
mp-559651,CuH4(ClO)2,
mp-562231,Ta2CoO6,
mp-25523,Fe(SiO3)2,
mvc-15037,Si2NiO6,
mp-705450,BaYMnCoO5,
mp-36235,Na(ScI3)2,
mp-1098704,CeSe2,
mp-604866,Cs2VF6,
mp-687206,Rb2MnF6,
mp-25633,V(SiO3)2,
mp-37657,Ca3SiO5,95.42980309
mp-780018,Fe3(O2F)2,
mp-672348,KAu(CN)2,
mp-760891,Cu3OF5,
mp-677489,CsTiCuOF5,
mp-777327,V6O7F5,
mp-778910,Fe6O7F5,
mp-782706,V6O7F5,
mp-760679,Cu3OF5,
mp-1076401,Rb2Cr2O5,
mp-779984,Co3OF5,
mp-778641,Fe6O7F5,
mp-767933,Li3Nb2Fe3O10,
mp-782677,V6O7F5,
mp-1076354,Rb2V2O5,
mp-779949,Mn6O7F5,
mp-764495,Li2CrPO4F,
mp-767932,Li2VF6,
mp-778592,Mn6O7F5,
mp-764335,V6O7F5,
mp-643387,AlH2PbO2F3,
mp-752835,Li2Cu2F5,
mp-504451,Cs3MnCl5,
mp-754948,Cu6OF11,
mp-781055,Fe3OF5,
mp-779909,V6O7F5,
mp-30675,Ti5Ga4,
mp-753557,Li2CuSbO5,
mp-781614,V6O7F5,
mp-18809,Li2VGeO5,
mp-780830,Mn6O7F5,
mp-28247,K2PtI6,
mp-778646,Fe6O7F5,
mp-849387,Cu6OF11,
mp-763927,V6O7F5,
mp-763943,V6O7F5,
mp-769756,Co(BiO3)2,
mp-779105,Cu6OF11,
mp-755878,Cu6OF11,
mp-764699,V6O7F5,
mp-765729,Co2O3F,
mp-850249,Fe4S5,
mp-859136,Li2VF6,
mp-644893,Sr2Co2O5,
mp-849602,Mn6O7F5,
mp-13985,Li2PdF6,
mp-782635,Fe3(O2F)2,
mp-569913,Ce3SiPt5,
mp-554658,Cu(SbO3)2,
mp-1039048,Mg2Bi,
mp-569791,Pr3MnBi5,
mp-570774,Zr5Al4,
mp-31207,Zr5GaSn3,
mp-22724,CeZrF7,
mp-558572,Na2UF6,
mp-20513,U3MnSb5,
mp-38212,Ta2TlO6,
mp-24339,Sm5Sb3H,
mp-1039529,CaMg2,
mp-581471,Nd(CoB)4,
mp-570813,Li2UI6,
mp-17746,HfGePd,
mp-19022,Na4FeO4,
mp-567770,Zr2Al3C4,
mp-40502,CsTiCoOF5,
mvc-8359,Cr(GeO3)2,
mp-569606,Nd3MnBi5,
mp-1038921,Mg5Bi,
mp-22010,Ta2CuO6,
mp-510369,Ce5Pb3O,
mp-25401,Li2TiPO4F,
mp-567915,La3MnBi5,
mp-31625,Cr2ReO6,203
mp-1039631,Ce2Mg,
mp-780021,Mn6O7F5,
mp-781904,Cu6OF11,
mp-561887,Na4CoO4,
mp-722516,Zn2PHO5,
mp-555229,H5CNO2,14.95438018
mp-632990,Li2PWO4F,
mp-29630,Li7Ge2,
mp-629499,Na4FeO4,
mp-868608,FeOF,
mp-782692,Mn7O12,
mp-9521,Th7Te12,
mp-880,Pr2Fe17,
mp-654,Ce2Fe17,
mp-684675,V12P7,
mp-758174,Y6O5F8,
mp-767670,Li4Mn3(FeO5)2,
mvc-10931,Ca3Fe2(WO6)2,
mp-645286,Gd(Co2B)6,
mp-757215,Gd5(AsO6)2,
mp-677061,Cs3MoC6(SN2)3,
mvc-13015,Cu3(SnO3)4,
mp-767626,Li3VCrP2(HO5)2,
mp-764964,LiCr2(CO3)4,
mp-767113,Li4Mn5O9F,
mp-782712,Li3V4(OF3)3,
mvc-12083,Mn4(CuO4)3,
mp-765520,Li4V5O9F,
mvc-11840,V4(CuO4)3,
mp-674456,Zr10HN8,
mp-781676,Li4Mn3Cr2O10,
mp-674312,Eu2Nb4O13,
mp-9495,Yb2Cu(GeO3)4,
mp-685006,Ta10O9,
mp-694884,KFeH5(SO5)2,
mp-705675,Sr3Mn4O12,
mp-763759,Li4V3(FeO5)2,
mp-771678,NaFe2(SiO3)4,
mp-763717,LiV2(CO3)4,
mvc-13128,AlFe3F15,
mvc-13124,Mg3V2(BiO6)2,
mvc-13104,Ca3Fe2(WO6)2,
mvc-12762,CaMn2(SiO3)4,
mvc-12761,CaSi4(NiO6)2,
mvc-12739,CaCu2(GeO3)4,
mp-669578,Rb2Gd4Cu4S9,
mp-771632,Mn5Cr2O12,
mp-771625,Mn2Co5O12,
mvc-11034,Ti4(CuO4)3,
mvc-11952,CaFe2(SiO3)4,
mvc-11924,Mg3Bi2(AsO6)2,
mvc-11923,Mg3Bi2(PO6)2,
mvc-11818,CaCo2(SiO3)4,
mp-762932,Li4(NiO2)5,
mp-762854,Li4Mn2Ni3O10,
mp-781706,LiFe6O7F5,
mp-762764,Li4Fe3(NiO5)2,
mvc-13348,Ca3Co2(WO6)2,
mvc-10909,Ca3Ta2Mn2O12,
mvc-10908,Ca3Mn2(SbO6)2,
mp-684725,KMgH5(SO5)2,
mvc-13117,CaLa2Ti2Cr2O12,
mvc-13034,Ca3Bi2(AsO6)2,
mvc-12889,Ca3Co2(TeO6)2,
mvc-14254,Ca3Fe2(RhO6)2,
mvc-12765,Ca3Fe2(ReO6)2,
mvc-12764,Ca3Fe2(MoO6)2,
mp-977584,Zr2ZnAg2F14,
mp-640862,Sb16Te3,
mp-762455,Li4(FeO2)5,
mp-677244,Tb5(RuO6)2,
mvc-11950,CaNd2Ti2Mn2O12,
mp-528,U2Zn17,
mvc-10933,CaLa2Mn2(FeO6)2,
mvc-10905,Ca3V2(BiO6)2,
mp-762295,K2Mn3V2(HO5)2,
mp-762292,Li4V5O10,
mp-977368,K2Dy4Cu4Se9,
mvc-14249,Ca3Ni2(WO6)2,
mp-675671,Sc(VN)9,
mp-762382,LiV2H4(OF5)2,
mp-676534,Rb8C4O7,
mvc-14970,Ti4(FeO4)3,
mp-675920,Ti6AgS12,
mvc-14984,Ca3Co2(RhO6)2,
mvc-14981,Ca3Fe2(SbO6)2,
mvc-14936,Ca3Ni2(WO6)2,
mvc-14930,Ca3Mn2(IrO6)2,
mvc-14929,CaLa2Ti2Mn2O12,
mvc-14240,Ca3Mn2(WO6)2,
mvc-14096,Cu3(GeO3)4,
mp-562533,Dy2Cu(GeO3)4,
mp-616471,Ba2Eu2Ti2Cu2O11,
mp-764833,Li4V3(OF2)4,
mp-780315,Li4Cr2Fe3O10,
mp-753233,Sb6O5F8,
mp-772304,Li2Ni(PO3)4,
mp-753124,Ba5Bi3O11,
mp-704634,Ba2Nd2Fe4O11,
mp-752918,NaTi6O12,
mp-705541,V10O9,
mp-753021,Sr5Ir3O11,
mp-764208,Li3V4O11F,
mp-775429,Ba4LiBi3O11,
mp-767469,Ni9S10,
mp-775344,Li9(FeO4)2,
mp-861557,Li4Mn3OF11,
mp-861565,Mn7(OF3)3,
mp-779900,Li4Co2Ni3O10,
mp-779899,Fe6O7F6,
mp-743613,KMnH5(SO5)2,
mp-775089,Li9(CoO4)2,70.7014272
mp-863763,K2Y4Cu4Se9,
mp-767112,Li4Mn3OF11,
mp-680679,K2Ho4Cu4S9,
mp-680676,K2Dy4Cu4S9,
mp-574013,Th2Co17,
mp-763769,Li2Fe(PO3)4,
mp-766976,Li4Mn3OF11,
mp-640566,Yb8Si11,
mp-766928,Li4Mn3OF11,
mp-763727,LiMn2(CO3)4,
mp-760421,Zr6BI12,
mp-770474,La4Ti3O12,
mp-763681,LiV2(CO3)4,
mp-863961,SrNi2P2(H2O5)2,
mp-778769,LiV6O7F5,
mp-766866,Li4Mn5O9F,
mp-600480,Y12Ni6Pb,
mp-763593,LiCo2(CO3)4,
mp-763609,Li4Mn5O10,
mp-763560,LiMn2(CO3)4,
mp-763579,Li4Cr5O10,
mp-763578,Li4(NiO2)5,
mp-853141,Li3V4O11F,
mp-763558,LiV2(CO3)4,
mp-705508,Ba3LaZnReWO12,
mp-705477,Ba3LaIn(WO6)2,
mp-763524,LiFe2(CO3)4,
mp-766367,Dy5(ReO6)2,
mp-763441,Fe9O10,
mp-766150,Li4Ti2Mn3O10,
mp-761429,Eu6WO12,
mp-676611,Bi7(S3Cl)3,
mp-766147,Li2V4OF12,
mp-676605,Y6O5F8,
mp-765960,Li3MnVP2(HO5)2,
mp-641957,Nd(Fe2B)6,
mp-770609,Tl6WO12,
mp-19992,La6UO12,
mp-23186,Sc7Cl12,
mp-28550,Hf2Ag3F14,
mp-29937,Ho5(ReO6)2,
mp-23335,Ti3(BiO3)4,
mp-27124,Cu4(BiS2)5,
mp-17639,Y2Zn17,80.72907093
mp-28781,PrZr3F15,
mp-23717,Ca2MgP2(H2O5)2,
mp-20402,Lu6UO12,
mp-20414,U7Te12,
mp-505133,Ta4Co2PdSe12,
mp-35527,Zr7(NO2)4,
mp-356,Nd2Co17,
mp-505223,Ba2Tb2Ti2Cu2O11,
mp-22083,Tb7O12,
mp-22189,In6TeO12,
mp-22196,Dy2Cu(GeO3)4,
mp-30441,Be17Nb2,140
mp-27698,Y6UO12,
mp-37695,Ag7NO11,
mp-37808,Sc(TiN)9,
mp-29315,Sc7(CCl5)2,
mp-3890,Sm2Cr2Fe15,
mp-41236,Ba2La2Zn(WO6)2,
mp-30709,La2Zn17,
mp-30710,Pr2Zn17,
mp-30711,Nd2Zn17,
mp-30712,Sm2Zn17,
mp-30713,Ho2Zn17,
mp-30714,Tm2Zn17,
mp-30715,Lu2Zn17,
mp-542879,Nd12Ni6Sn,
mp-569303,ZnB2(CN)8,
mp-763371,LiFe2(CO3)4,
mp-773285,Lu6WO12,
mp-757045,Ti3Nb(CuO4)3,
mp-770004,Ni5(TeO6)2,
mp-675733,Y5(ReO6)2,
mp-769906,Tm6WO12,
mp-756799,Ti2Nb2(CuO4)3,
mp-769819,La6WO12,
mp-769780,Gd6WO12,
mp-765807,Li4V5O9F,
mp-755804,Lu6TeO12,
mp-706276,Li3Nb4O12,
mp-756286,La3Ce4O12,
mp-777658,Li3V4(OF3)3,
mp-754804,La3Ti4O12,
mp-765696,Na4(NiO2)5,
mp-624253,Nb4Co2PdSe12,
mp-675757,Ba2As6O11,
mp-777527,LiV6O7F5,
mp-754359,Y6TeO12,
mp-675654,Cd2Bi6O11,
mp-777493,Li3Fe4(OF3)3,
mp-756830,MgCu2(SiO3)4,
mp-756793,Li2Nb4ZnO12,
mp-756755,Li3Nb3TeO12,
mp-753766,Ho6ReO12,
mp-849667,Li4Co5O9F,
mp-769844,La3Ti3CrO12,
mp-505626,Cr12P7,
mp-755046,Ce3Y4O12,
mp-850101,LiV6O7F5,
mp-777145,Li3V4(OF3)3,
mp-672959,Li2Cu(PO3)4,
mp-764711,Li2V4O5F8,
mp-849986,LiV6O7F5,
mp-777089,LiV6O7F5,
mp-777083,LiV6O7F5,
mp-777058,LiV6O7F5,
mp-567699,HgB2(CN)8,
mp-557043,Ba2Nd2Ti2Cu2O11,
mp-559415,Na2Cu2Si4O11,
mp-540477,Li2Mn(PO3)4,
mp-568012,Tb2Zn17,
mp-540530,Li2Co(PO3)4,
mp-568437,Yb2Zn17,
mp-557438,Sm2Ti3(BiO6)2,
mp-568532,CuB2(CN)8,
mp-767111,Li4Mn3(OF3)3,
mp-561781,Ba2Nd2Co4O11,
mp-540743,Th2Zn17,
mp-580731,Eu(Ni2B)6,
mp-561974,Zr7(NO2)4,
mp-581734,Gd2Fe17,
mp-558663,Ca2CuTe4(ClO5)2,
mp-582242,La8Ni4Br7,
mp-765601,Li3V4O11F,
mp-776884,LiV6O7F5,
mp-767956,Li4Fe2Ni3O10,
mp-776528,LiV6O7F5,
mp-754751,Li3Nb3TeO12,
mp-780925,Li4V3Cr2O10,
mp-761495,Li2Ni(PO3)4,
mp-697126,Ca4(H4Rh)3,78.43966934
mp-771737,Co7O12,
mp-754249,Li3ZrNb(TeO6)2,
mp-765312,Li3VFeP2(HO5)2,
mp-781010,Fe7(OF3)3,
mp-644594,K2MgMo2(H2O5)2,
mp-644334,K2CoH4(SeO5)2,
mp-644324,K2FeH4(SO5)2,
mp-849495,Li4Mn2Cu3O10,
mp-674324,Sn7(SBr5)2,
mp-643776,Na2ZnH4(SeO5)2,
mp-558974,Pr5(RuO6)2,
mp-558990,K2Sr(PO3)4,
mp-565297,SrFe2(SeO3)4,
mp-32309,Sr4Re2NiO12,
mp-32447,V4As2O13,
mp-565485,Sr6Li2Cr2N8O,
mp-3249,La4Ti3O12,
mp-32533,Na2W4O13,
mp-843,Th2Fe17,
mp-560411,CdSb6(S2I)4,
mp-542178,Nd2Zn15Ge2,
mp-542385,K2MnH4(SeO5)2,
mp-542437,Gd2Zn17,
mp-542458,Ce2Zn17,
mp-566886,Ag6Mo2ClO7F3,
mp-556123,Sr2Sc2B4O11,
mp-510232,Nd12Co6Sn,
mp-561182,Ba4Tl2Cu2HgO10,
mp-776685,Li3Fe4(OF3)3,
mp-571149,Tb2Fe17,
mp-566048,Ba2La2Mn(WO6)2,
mp-18821,Y5(MoO6)2,
mp-19005,Y6WO12,
mp-24928,K2Cr2Cd(H2O5)2,
mp-24955,Sr4Fe4O11,128.1523008
mp-849416,Li4Fe2Cu3O10,
mp-656884,Ni9O10,
mp-690472,Na3(WO3)4,
mp-849531,Li2Fe5O5F7,
mp-765238,Li4V3OF11,
mp-35005,Na3(WO3)4,
mp-768034,V4P2O13,
mvc-12098,V4(CuO4)3,
mp-25178,In6WO12,
mp-25505,K2MgCr2(H2O5)2,
mp-25556,Ca2MnP2(H2O5)2,
mvc-7913,Cu3(SbO3)4,
mvc-8318,Co4(CuO4)3,
mvc-8319,Cu3(WO3)4,
mvc-8330,Cr4(CuO4)3,
mvc-8337,Cu3(MoO3)4,
mvc-8393,Fe4(CuO4)3,
mvc-8411,Cu3(NiO3)4,
mvc-16359,Ba2Ca2Tl2Cu3O10,
mvc-2640,Ba2Ca2Ti3Tl2O10,
mvc-2678,Ba2Mg2Ti3Tl2O10,
mvc-2622,Ba2Mg2Tl2Cu3O10,
mvc-2616,Ba2Tl2Zn2Cu3O10,
mvc-2762,Ba2Tl2Zn2Sn3O10,
mvc-2769,Ba2Mg2Tl2Sn3O10,
mvc-2821,Ba2Ti3Tl2Zn2O10,
mvc-3021,Ba2Ca2Tl2Co3O10,
mvc-3027,Ba2Ca2Tl2Fe3O10,
mvc-3041,Ba2Mg2Tl2Cr3O10,
mvc-3036,Ba2Mg2Tl2Co3O10,
mvc-3046,Ba2Ca2Mn3Tl2O10,
mvc-3053,Ba2Mg2Mn3Tl2O10,
mvc-3064,Ba2Tl2Zn2Fe3O10,
mvc-3066,Ba2Mg2Tl2W3O10,
mvc-3022,Ba2Ca2Tl2Cr3O10,
mvc-3067,Ba2Ca2Tl2Ni3O10,
mvc-3042,Ba2Tl2Zn2Co3O10,
mvc-3048,Ba2Mg2Tl2Ni3O10,
mvc-3060,Ba2Mn3Tl2Zn2O10,
mvc-3068,Ba2Tl2Zn2Ni3O10,
mvc-3096,Ba2Mg2Tl2Fe3O10,
mvc-3104,Ba2Ca2Tl2W3O10,
mvc-3164,Ba2Tl2Zn2Cr3O10,
mp-698263,KYH4C4O9,
mp-1030752,Sr8Co3N8,
mp-10094,Tm5(ReO6)2,
mp-10342,Tm6ReO12,
mp-16484,Ce2Al2Co15,
mp-2544,Zr2Be17,
mp-1426,Sm2Fe17,
mp-14410,Tl6TeO12,
mp-18896,V6O13,
mp-12648,Ti2Be17,127.0790796
mp-2629,Ce7O12,
mp-10966,Tb2Cu(GeO3)4,
mp-1510,Nd2Fe17,
mp-13191,Sc6ReO12,
mp-13192,In6ReO12,
mp-16056,Ho2Cu(GeO3)4,
mp-16057,Er2Cu(GeO3)4,
mp-19065,Ho6WO12,
mp-22671,Pr7O12,
mp-16830,Sr(Ni2B)6,
mp-24879,Ba2Nd2Co4O11,
mp-24883,Ba2Tb2Co4O11,
mp-16932,Th2Co17,
mp-28345,Zr6CI12,
mp-21312,Ca(Ni2B)6,
mp-30963,Er2Zn17,
mp-30964,Dy2Zn17,
mp-17236,Ba(Ni2B)6,
mp-1094080,Si18Sn,
mp-570730,Th2Fe17,
mp-570143,Gd2Zn17,
mp-765544,Li4V3OF11,
mp-765375,Li3V4O7F5,
mp-32854,H11O8,
mp-1097037,K2Ce2Fe4O11,
mp-714962,V10O9,
mp-715560,V6O13,
mp-690473,Na3(WO3)4,
mp-780191,Li4Co3OF11,
mp-674537,Ba2Bi6O11,
mp-32813,Ti9O10,
mp-849532,Li4Co3OF11,
mp-569961,Sr8Mn2FeN8,
mp-766144,Li3V4(OF3)3,
mp-769502,Li4Nb2Fe3O10,
mp-778298,Li3V4O7F5,
mp-780008,Li3Fe4(OF3)3,
mp-573523,Sr8Fe3N8,
mp-765863,LiV6O7F5,
mp-780836,Li4Fe3OF11,
mp-765451,Li3V4O5F7,
mp-1813,Ba2Mg17,
mvc-2768,Ba2Ca2Tl2Sn3O10,
mp-38257,Na3(WO3)4,
mp-34787,Ag7NO11,
mp-653154,Ba2Ca2Tl2Cu3O10,
mp-689957,Li2Mn(PO3)4,
mp-689947,Li2Co(PO3)4,
mp-635347,K2MnH4(SeO5)2,
mp-573241,Cu4(BiS2)5,
mp-984788,Ba4Er(RuO4)3,
mp-775761,AgClO3,31.80412135
mp-542267,CaV4(CuO4)3,
mp-778151,ErLuO3,
mp-971682,Si3N2,140.479326
mp-984350,Dy3Sb4Au3,
mp-982635,Tm3Al2,
mp-8054,NaSc(GeO3)2,
mp-8462,Hf3Al2,115
mp-9475,KNO3,
mp-775918,LaTiNO2,
mp-765433,LiMnF3,
mp-9407,Nb3SnS6,
mp-687057,Sr2CoReO6,
mp-8216,LaBO3,
mp-8130,CaGeO3,
mp-7018,LaGaS2O,
mp-9546,Yb2C3,
mp-9545,Tm2C3,
mp-9544,Er2C3,
mp-6716,Ba4Zr(RuO4)3,
mp-7405,SmAlO3,180.5315899
mp-764998,LiCo(CO3)2,
mp-9228,HgSeO3,
mp-9186,CdSeO3,
mp-775846,Li4Mn(WO4)3,
mp-9132,Ta3SnS6,
mp-672709,Fe(CuS)2,
mp-672708,Fe(CuS)2,
mp-7337,NdAl3(BO3)4,
mp-694932,Na(CoO2)3,
mp-559252,NaIO3,
mp-980938,Tb3Al2,
mp-776814,LiMnF3,
mp-775827,VCrO3,
mp-775961,Li4MnSn(WO6)2,
mp-569281,HoB4,
mp-7238,NdBO3,
mp-768633,Sr2LaCl7,
mp-764978,LiCo(CO3)2,
mp-775805,Zr2N2O,
mp-780839,LiFeF3,
mp-764965,Li3VF6,
mp-775791,Li2TiFe2O5,
mp-6528,Cs2NaAlF6,
mvc-13441,ZnSnO3,
mp-764960,LiCr(CO3)2,
mp-561282,CoTeO3,
mp-11772,Ba3Ti3(BO6)2,
mp-675510,As4Pd5Pb,
mp-775767,AgAsO3,
mp-775763,AlBiO3,
mp-775762,AgPO3,
mp-764944,LiMn(CO3)2,
mp-771612,LiFeO3,
mp-608590,NaNiF3,
mp-11773,Nd3GaO6,
mvc-12005,Fe2O3,
mp-675679,UTa2O7,
mvc-11839,Al(CuSe2)3,
mp-775737,LiNi9O10,
mp-767671,Li3VF6,
mp-979979,Sm3Sb4Au3,
mp-646522,NiBiO3,
mp-767665,Li2Mn3(FeO4)3,
mp-697833,SrLaFeRuO6,
mvc-13211,CaV4(CuO4)3,
mp-641635,CaCO3,
mp-984806,Ba2PrRuO6,
mp-850190,Li4Ti(TeO4)3,
mp-984743,Er2Ge5Rh3,
mp-756821,LiAgF3,
mp-756521,BaNa2O2,
mp-767641,LiV2F7,
mp-764753,Li4VO3F2,
mp-562198,CoSeO3,
mp-756088,SrTaNO2,150
mp-770433,Ag11Hg9,
mp-755893,CaBiO3,
mp-638598,GdFe3(BO3)4,
mp-755870,Na5GdO4,
mp-755605,TbCO3,
mvc-9938,CaHo(SbO3)2,
mp-767631,Li3VF6,
mp-676800,Ti7Ni3N10,
mp-755066,Al2O3,181.8576572
mp-977345,Ho2Co3Si5,
mp-754725,UCd3O6,
mp-977298,LiBeH3,
mp-754361,Hf2N2O,
mp-6745,LiGa(SiO3)2,
mp-8673,Li2SnTeO6,
mvc-5026,MgWO3,
mp-9842,RbSm(CO3)2,
mp-753953,GdAsO3,
mp-767402,LiLaTi2O6,
mp-699173,CsHIF7,
mp-767305,CuNi9O10,
mp-18888,Sr2CdWO6,
mp-898,HoAl3,
mp-767722,VFe(P2O7)2,
mp-764950,Li4CrSb(WO6)2,
mp-762371,NbOF3,
mp-753455,BiOF3,
mp-989647,YReN3,
mp-676599,Cu8NO11,
mp-767706,LiV2F7,
mp-9640,SrCu(SeO3)2,
mp-9639,BaCu(SeO3)2,
mp-7507,Sr3Li2,
mp-673854,NdVSb3,
mp-7475,La2S3,69.16193608
mp-7781,CaZrS3,69.21358881
mp-8496,Sr2SmNbO6,
mp-983234,Sm2Ge5Ir3,
mp-764316,LiNiOF2,
mp-989630,LaWN3,
mp-761759,SbOF3,
mp-6732,La2MgIrO6,
mp-774313,CrBiO3,
mp-782687,Li3Co5OF11,
mp-619,UB4,
mp-9824,Ho2Se3,
mp-982366,Tb2S2O,
mp-9457,Ca3ReO6,
mp-945228,Eu(GaSb)2,
mp-943466,Li2CoPHO5,
mp-782651,Li3MnNb4O12,
mp-744086,SrLaMnRuO6,
mp-672690,U2S3,
mp-697742,MnP2O7,
mp-7623,MgAs4,43.2276282
mp-8324,Dy2S2O,
mp-8323,Dy2S2O,
mp-989607,LaOsN3,
mp-765411,Li3CrSiO5,
mp-755292,Cs2BeO2,
mp-694873,SrLaNiRuO6,
mp-24328,RbHCO2,
mp-8516,CdSO3,
mp-759901,Li3CuF6,
mvc-4013,ZnWO3,
mvc-4008,ZnNiO3,
mp-765387,LiV(CO3)2,
mp-765386,Li5NiO3F,
mvc-4002,ZnMoO3,
mp-754453,LaTiNO2,
mp-674644,Bi2O3,
mp-765385,LiV(CO3)2,
mvc-4001,ZnCrO3,
mp-765384,LiMn2F7,
mvc-3998,CaNiO3,
mvc-3996,CaWO3,
mvc-3995,MnZnO3,
mvc-3994,CaCoO3,
mp-743579,SrCoBiRuO6,
mvc-3987,MgCrO3,
mp-753822,La2Se2O,
mp-7427,Ba(ZnAs)2,51.37173361
mp-9323,Tb2S3,
mp-753319,Li3Nb4SnO12,
mp-637,YB4,
mp-669509,Gd2S3,
mp-9239,NaLaMgTeO6,
mp-669418,Sr2NiN2,
mvc-3850,CaBiO3,
mp-764394,Li3Mn5OF11,
mvc-3844,AlAgO3,
mp-6693,CaZn(SiO3)2,
mvc-3834,CaSbO3,
mvc-3826,AlBiO3,
mvc-3810,AlSbO3,
mp-7368,Dy2Se3,
mp-685613,Ba2PPd2,
mp-9138,RbPO3,
mp-6676,Sr2HoRuO6,
mvc-3788,TiZnO3,
mp-9130,CrSbS3,
mp-685607,CsTaSe3,
mvc-3783,MgTiO3,
mp-764288,Li3MnF6,
mp-764287,VOF3,
mp-6674,LiLa2SbO6,
mp-982980,Na3DyCl6,
mp-7339,BaSiO3,55.7419653
mp-2719,DyB4,
mp-606393,NbBr3O,7.677886778
mp-7290,Er3GaS6,
mp-7289,K2Te3,
mp-8956,Ho2S3,
mp-9807,KDy(CO3)2,
mp-6644,LiLa2RuO6,
mp-980659,Tl3BiCl6,
mp-754584,Na5CuO4,
mp-9806,KGd(CO3)2,
mp-9805,KYb(CO3)2,
mp-9804,KHo(CO3)2,
mp-772021,LiMnO2,
mp-8869,Y2S2O,
mp-765810,Li3Nb4VO12,
mp-18167,Ca3Cd2,28.66667877
mp-8850,Dy2S3,
mp-6604,Na2LiAlF6,
mp-6603,Sr2CeIrO6,
mp-9462,CsTeSe3,
mp-8829,CrGaSe3,
mp-980108,Sm2MgIrO6,
mp-6568,BaCa(CO3)2,
mp-764051,Li5Ti2Mn3O10,
mp-8763,Tm2S2O,
mp-8762,Er2S2O,
mp-672706,Sb2Se3,
mp-6553,LiSc(SiO3)2,
mp-761262,LiCuF3,
mp-8725,HfSnS3,
mp-8709,KIn(GeO3)2,
mp-780826,LiFeF3,
mp-759998,Li4Nb(TeO4)3,
mp-973441,La(ErS2)3,
mp-7208,Yb2Se3,
mvc-13424,MnZn2SbO6,
mvc-13423,Mg2CrSbO6,
mvc-10917,MnP2O7,
mp-979428,YEr4Al15,
mp-764241,VOF3,
mp-8808,Er2Si5Ru3,
mvc-13158,CaVO3,167.1114275
mp-8195,Ba2GeAs2,
mp-8194,Ba2GeP2,
mp-9698,Rb6AlSb3,
mvc-13129,Ca2CoRhO6,
mp-9697,Cs6GaSb3,
mp-771667,LiV2NiO6,
mp-765319,LiMnOF2,
mvc-12804,EuCuO3,
mp-763425,LiMn2F7,
mp-863731,InH4NCl4,
mp-763377,LiFe(CO3)2,
mvc-15909,AlFeO3,
mp-9092,Er2S3,
mp-909,As2Se3,7.60770474
mp-777900,Li3FeF6,
mp-863678,KZn4(SbO4)3,
mvc-15905,AlMoO3,
mvc-15903,AlVO3,
mvc-15901,MnAlO3,
mvc-15898,MgFeO3,
mp-979264,Te6RhCl3,
mp-9047,RbBS3,
mp-771627,Li5Mn3V2O10,
mvc-15891,MgCoO3,
mvc-15888,MgVO3,
mvc-15883,VZnO3,
mvc-15871,AlCoO3,
mp-7293,HgPSe3,
mvc-15868,ZnCoO3,
mvc-15853,MgMnO3,
mp-771619,Li5Cr2Ni3O10,
mvc-15781,AlCuO3,
mp-771618,Li5V3Cr2O10,
mp-683,Pr2C3,
mvc-15745,YBiO3,
mp-30085,ThZr2H7,
mvc-15669,MgBiO3,
mvc-15649,MgSnO3,
mvc-15644,MgMoO3,
mp-8886,Tc2As3,
mp-620924,Cs2NaFeF6,
mp-6500,KRb2ScF6,
mp-780671,SrTaNO2,
mvc-9352,PrZn(SbO3)2,
mvc-11882,Al(CuO2)3,
mp-8794,K4UO5,
mvc-11828,Ca2CuIrO6,
mp-619171,Rb2LiFeF6,
mp-868388,LiCoO2,
mp-680932,OsPbO3,159.7079363
mp-645435,Cu3Sn4PbO12,
mvc-11629,Ca2MnIrO6,
mp-6163,Cs2NaGaF6,
mp-615489,Mn3Nb6O11,
mp-978850,Sm2ReC2,
mp-684944,In2S3,
mp-771716,Li4FeTe(WO6)2,
mp-9870,K3Ta3(BO6)2,
mvc-14985,YNiO3,
mvc-10927,Al2Fe3F15,
mvc-14816,Al(CuS2)3,
mvc-14736,YWO3,
mvc-10906,Ca2MnNiO6,
mvc-14687,YSbO3,
mvc-9278,CaPr(SbO3)2,
mp-641487,EuMn4(CuO4)3,
mp-8616,ScAg(PS3)2,
mp-641065,HoMn4(CuO4)3,
mp-861504,PrBO3,
mp-640853,PrMn4(CuO4)3,
mp-640848,SmMn4(CuO4)3,
mp-6457,La2MgTiO6,
mp-640847,TmMn4(CuO4)3,
mp-640827,YbMn4(CuO4)3,
mp-6062,YAl3(BO3)4,
mvc-14409,AlCrO3,
mp-6049,Ba4Tb(RuO4)3,
mp-771660,MnP2O7,
mp-771522,Li5Fe2Cu3O10,
mp-645158,LaMnO3,
mvc-14277,AlNiO3,
mp-8537,S(OF)2,1.894796949
mp-762508,MgFeO3,
mp-684639,UO3,
mp-639789,Fe2Re3,250.6556683
mp-1632,NdB4,
mvc-14155,ZnFeO3,
mvc-14154,YMoO3,
mp-7198,SrPSe3,
mp-780741,Li4FeSb(TeO6)2,
mp-780737,SrTaNO2,
mvc-13900,YCuO3,120.3434859
mp-641116,GdMn4(CuO4)3,
mvc-13858,YAgO3,
mp-771450,Li5Ni3(SnO5)2,
mp-771433,Li5V2Co3O10,
mp-7123,KSb(PSe3)2,
mp-998746,TlGeBr3,
mp-771224,Li5Ti2Ni3O10,
mp-771234,Li5Mn2Ni3O10,
mp-675585,Ti7Co3N10,
mvc-12010,FeP2O7,
mp-985289,Nb3CrSe6,
mvc-5824,Zn2FeIrO6,
mvc-5822,Ca2IrWO6,
mp-997539,Li(CoO2)3,
mvc-11909,CoP2O7,
mvc-5800,Mg2NiIrO6,
mvc-5792,Zn2CoIrO6,
mvc-5791,Mg2CoIrO6,
mvc-5786,Mg2IrWO6,
mvc-5785,Ca2CrIrO6,
mvc-5782,Mg2MnIrO6,
mvc-5784,Ca2FeIrO6,
mvc-5780,Mg2FeIrO6,
mvc-5781,Zn2IrWO6,
mp-762413,Li3CrSiO5,
mp-9789,CaPS3,
mvc-5777,Mg2CrIrO6,
mvc-5772,Ca2VIrO6,
mvc-5771,Mg2VIrO6,
mp-5692,TbRhO3,185.5050589
mp-5690,GdScO3,161.7003068
mp-5163,LaRhO3,173.2002074
mvc-5715,Mg2CuIrO6,
mvc-5710,Zn2CuIrO6,
mvc-5666,Ca2SnIrO6,
mvc-5647,Mg2SnIrO6,
mvc-5646,TiZn2IrO6,
mp-770779,VCrO3,
mvc-5634,Ca2CuIrO6,
mp-3858,NaTaO3,
mvc-5623,Zn2SnIrO6,
mvc-5618,Ca2TiIrO6,
mvc-5583,Mg2TiIrO6,
mp-762404,LiMn3O6,
mp-9788,SrPS3,
mp-762401,LiCo(CO3)2,
mp-25025,YMnO3,153.9595376
mp-780619,RbTaO3,
mp-3838,Li5ReN4,71.46054683
mp-5673,NiMoP8,
mp-3822,SrCO3,59.76522077
mp-676932,SrLiEuTeO6,
mp-6389,NaLa2RuO6,
mp-3795,NaZnF3,
mp-5837,LaGaO3,
mp-3792,YAlO3,189.7995325
mvc-5140,MgSi2WO6,
mp-676815,OsClF8,
mvc-5138,ZnSi2NiO6,
mvc-5137,ZnCo(SiO3)2,
mvc-10914,CrP2O7,
mvc-5136,ZnCr(SiO3)2,
mvc-5135,ZnFe(SiO3)2,
mvc-5134,MgFe(SiO3)2,
mvc-5130,CaSi2WO6,
mvc-5129,ZnSi2WO6,
mvc-5128,MnZn(SiO3)2,
mp-3119,NdTiO3,
mvc-5127,VZn(SiO3)2,
mvc-5119,MgCr(SiO3)2,
mvc-5118,CaV(SiO3)2,
mvc-5117,CaCr(SiO3)2,
mvc-5116,MgMn(SiO3)2,
mvc-5115,MgV(SiO3)2,
mvc-5112,MgCo(SiO3)2,
mvc-5111,MgSi2NiO6,
mvc-5100,Zn2CrWO6,
mvc-5090,Ca2TiWO6,
mp-5223,GdAlO3,184.6487698
mvc-5076,Ca2FeWO6,
mvc-5066,Mg2NiWO6,
mp-2879,SrSnO3,137.6027066
mvc-5061,Zn2FeWO6,
mvc-5060,Ca2TeWO6,
mvc-5055,Ca2VWO6,
mvc-5054,Ca2CrWO6,
mvc-5052,Zn2MoWO6,
mvc-5051,Mg2FeWO6,
mvc-5049,Mg2VWO6,
mvc-5048,TaZn2WO6,
mvc-5047,Zn2SnWO6,
mvc-5043,Zn2CoWO6,
mvc-5045,VZn2WO6,
mvc-5044,Ca2AgWO6,
mvc-5040,MnZn2WO6,
mvc-5035,Zn2TeWO6,
mvc-5039,Zn2BiWO6,
mvc-5037,Zn2CuWO6,
mvc-5024,Ca2SbWO6,
mvc-5023,Mg2SbWO6,
mvc-14477,YTiO3,
mvc-5021,Zn2NiWO6,
mvc-5019,Mg2CoWO6,
mvc-5018,Ca2TaWO6,
mvc-5017,TiZn2WO6,
mvc-5015,Mg2SnWO6,
mvc-5013,Mg2CuWO6,
mvc-5011,Ca2BiWO6,
mvc-5009,Mg2AgWO6,
mvc-5006,Ca2SnWO6,
mvc-5004,Ca2CuWO6,
mvc-5003,Zn2SbWO6,
mvc-4999,Zn2AgWO6,
mvc-4996,Mg2TiWO6,
mvc-4994,Ca2MoWO6,
mvc-4987,Mg2MnWO6,
mvc-4986,Mg2TeWO6,
mvc-4985,ZnCu(SiO3)2,
mvc-4982,Mg2TaWO6,
mvc-4983,Mg2MoWO6,
mvc-4981,Mg2CrWO6,
mvc-4979,Mg2BiWO6,
mvc-4931,CaSi2SnO6,
mvc-4926,MgCu(SiO3)2,
mvc-4912,TiZn(SiO3)2,
mvc-4910,CaCu(SiO3)2,
mvc-4881,CaTi(SiO3)2,
mvc-4871,MgTi(SiO3)2,
mp-6368,CsSO2F,
mp-989640,YTcN3,
mp-6362,Sr2TbIrO6,
mp-989637,BaReN3,
mp-989634,CaTcN3,
mp-989633,LaWN3,
mp-989632,LaOsN3,
mp-989631,LaMoN3,
mvc-4407,TaZn2WO6,
mvc-4398,Ca2TaWO6,
mvc-4396,TaZn2FeO6,
mp-779593,Na5LaO4,
mp-989628,YReN3,
mvc-4385,TaZn2MoO6,
mvc-4384,Mg2TaWO6,
mvc-4383,TaZn2NiO6,
mvc-4382,Ca2TaCrO6,
mp-989627,SrTcN3,
mvc-4381,TaZn2CrO6,
mvc-4380,Ca2TaNiO6,
mvc-4379,TaMnZn2O6,
mvc-4378,TaVZn2O6,
mvc-4373,Ca2TaMoO6,
mvc-4372,Ca2TaCoO6,
mvc-4371,Ca2TaFeO6,
mvc-4369,Mg2TaMoO6,
mvc-4368,TaZn2CoO6,
mvc-4367,Mg2TaNiO6,
mvc-4366,Mg2TaMnO6,
mvc-4360,Mg2TaVO6,
mvc-4359,Mg2TaFeO6,
mvc-4358,Mg2TaCrO6,
mvc-4357,Ca2TaVO6,
mp-989624,TiPN3,
mp-989623,SrReN3,
mp-989622,BaWN3,
mp-989620,LaTaN3,
mp-989619,LaTcN3,
mvc-4255,TaZn2CuO6,
mp-989615,YWN3,
mp-989614,LaReN3,
mvc-4204,Ca2TaAgO6,
mvc-4195,Mg2TaSnO6,
mvc-4183,TaTiZn2O6,
mvc-4182,TaZn2SnO6,
mvc-4179,TaZn2AgO6,
mvc-4172,TaZn2BiO6,
mvc-4168,Ca2TaSnO6,
mp-643123,K5Ag(NO)2,
mp-989612,LaCrN3,
mvc-4159,Ca2TaBiO6,
mvc-4152,Mg2TaAgO6,
mvc-4147,Mg2TaCuO6,
mvc-4146,Ca2SbMoO6,
mvc-4142,Zn2NiSbO6,
mvc-4141,Mg2TaBiO6,
mvc-4139,Mg2TaTiO6,
mvc-4138,Ca2SbWO6,
mvc-4137,Zn2SbWO6,
mvc-4136,Ca2TaCuO6,
mvc-4133,Ca2CoSbO6,
mvc-4129,Ca2TaTiO6,
mvc-4123,Ca2NiSbO6,
mvc-4111,Ca2VSbO6,
mvc-4105,Ca2CrSbO6,
mvc-4117,Ca2FeSbO6,
mp-633538,B9C,195.3036637
mp-989606,CaReN3,
mp-989604,YMoN3,
mvc-3984,Ca2CuSbO6,
mvc-3975,CaSbO3,
mvc-3976,Ca2AgSbO6,
mvc-3973,Ca2BiSbO6,
mvc-3972,Ca2SnSbO6,
mvc-3970,Ca2TaSbO6,
mvc-3968,TaZn2SbO6,
mvc-3964,Zn2CuSbO6,
mvc-3962,Zn2SnSbO6,
mvc-3961,Ca2TiSbO6,
mvc-3959,Zn2AgSbO6,
mvc-3956,Zn2BiSbO6,
mvc-3953,ZnSbO3,
mp-676370,Yb3Ti3O14,
mvc-3876,AlSnO3,
mvc-3874,ZnBiO3,
mp-705845,BaFeO3,
mp-975634,Pr2Ge5Rh3,
mp-771475,Li4MnNb2WO12,
mp-4346,SrRuO3,
mp-757205,Y2Th5O13,
mp-641,As2S3,
mp-771439,Li5Mn3(SbO5)2,
mp-6294,Sr2ErRuO6,
mp-6273,Ba4Na(SbO4)3,
mp-863878,VF4,
mp-998778,RbSnBr3,
mp-6240,LiIn(SiO3)2,
mp-780143,LiFeOF2,
mvc-15767,YSnO3,
mvc-15620,Zn2CrSbO6,
mvc-15619,Mg2CoSbO6,
mvc-15612,Mg2MnSbO6,
mvc-15602,MgSbO3,
mp-7792,YScS3,
mvc-15497,Mg2SbMoO6,
mvc-15492,Zn2CoSbO6,
mvc-15487,Mg2SbWO6,
mp-625,Mg3Ru2,107.4931805
mvc-15354,Mg2TaSbO6,
mvc-15348,Mg2SnSbO6,
mvc-15346,Mg2TiSbO6,
mvc-15344,Mg2BiSbO6,
mp-556549,Bi2O3,
mp-677041,ZrCuF3,
mp-762218,LiVH2OF5,
mp-6152,La2ZnIrO6,
mp-9882,Y2Si5Rh3,
mvc-5592,P2WO7,
mp-862754,PrBS3,52.9757599
mvc-14832,Ca2CuRhO6,
mp-8620,La2Si5Rh3,
mp-985704,Ce2ReC2,
mvc-14653,Mg2VSbO6,
mvc-14606,Mg2NiSbO6,
mp-676935,Cr10Sb3Te7,
mvc-14571,TiZn2SbO6,
mvc-14565,Mg2AgSbO6,
mvc-5345,BiP2O7,
mp-607467,CaMoO3,
mp-770614,TlCoO3,
mvc-5346,TiP2O7,
mvc-5322,SnP2O7,
mp-6068,Sr2TbRuO6,
mp-14561,Ba(SiIr)2,
mp-975031,RbBeH3,
mp-638685,CsEuBr3,
mp-6019,Sr2YNbO6,
mvc-14247,Ca2FeRhO6,
mp-850956,Li2Mn3Cr3O12,
mp-676780,LiMn9Se10,
mp-5970,Ba(CuS)2,
mvc-13829,Mg2FeSbO6,
mp-5960,Ca3UO6,
mvc-13704,Zn2SbMoO6,
mvc-13703,VZn2SbO6,
mvc-13702,Zn2FeSbO6,
mp-778685,LiFe(SiO3)2,
mvc-13647,Mg2CuSbO6,
mvc-13644,MgSbO3,
mp-565543,NaV(SiO3)2,
mp-866941,CaSnS3,
mp-685069,Sc2Te3,
mp-3033,RbTaO3,68.76026513
mp-2951,CdGeO3,
mp-5279,Ca3TeO6,
mp-636675,Ga2I3,
mp-5193,SrZrS3,69.65157998
mp-2809,Sb2S3,16.31002393
mp-752678,AgAuO3,
mp-705844,Mo5(O4F)3,
mp-762254,Li3V5O12,
mp-9895,Tc2P3,
mp-561796,Ti4Cd(CuO4)3,
mp-861503,Pr3Sb4Au3,
mvc-15029,Y(CuO2)3,
mp-8627,SmBO3,
mp-1073256,Mg2Si3,
mp-651160,Gd3NCl6,
mp-6036,CaCu3(RuO3)4,
mp-630949,NaClO3,
mp-627209,VHO3,
mp-625723,MoH4O5,
mp-5706,SnPSe3,
mp-608146,Gd2S3,
mp-606121,Ce2Bi5Rh3,
mp-603930,MgSiO3,104.3922201
mp-600216,U2Se3,
mp-559591,K2CoO2,
mp-775648,Li2MnV4CuO12,
mp-626542,H3NO,
mp-626543,H3NO,
mp-998609,CsNaF3,
mp-766914,LiV2F7,
mp-619747,Na3GdBr6,
mp-608595,NaBrO3,
mp-974757,KBeH3,
mp-998435,CsScBr3,
mp-605350,RbPbF3,
mp-775618,Li2TiV5O12,
mp-998427,BaZrSe3,
mp-998419,BaHfS3,
mp-755363,Ba3SiO,
mp-18742,Sr2CaWO6,
mp-764834,Na2FeO2,
mp-19100,Sr2CaMoO6,
mp-972600,UCd(PbO3)2,
mp-755240,AsAuO3,
mp-22399,Yb2S2O,
mp-998592,RbCaI3,
mp-998428,CsCaI3,
mp-755217,Cs2BaO2,
mp-755362,Sm2Se2O,
mp-974724,ReClO3,
mp-755205,Zr2N2O,
mp-755184,Sm2Se2O,
mp-764772,LiVO2,
mp-775546,Li4Mn(WO4)3,
mp-972448,SmBS3,
mp-775509,Li4CrTe2WO12,
mp-769347,MgSO3,
mp-775471,Li3V4FeO12,
mp-755104,Ba2YCl7,
mp-780243,Li5Ti2Cu3O10,
mp-753611,PCl3O,
mp-687205,TcPbO3,
mp-765039,LiMn7(O3F)3,
mp-24909,CaCrO3,
mp-765037,LiMnOF2,
mp-7685,BaRhO3,
mp-7024,Tb2C3,
mp-687081,YbCoO3,
mp-7971,Ba4Li(SbO4)3,
mp-775778,LiFeF3,
mp-7538,LaErO3,
mp-753792,Ce5Sm2O13,
mp-7535,Li5AlO4,
mp-753355,Ce5Y2O13,
mp-971830,U3Sb4Rh3,
mp-753088,Ce5Gd2O13,
mp-971694,Ge3N2,99.24964061
mp-753552,Cu4PtO5,
mp-769826,Li5Fe3(SnO5)2,
mp-972228,Zr3As2,125.9355104
mp-972216,Sr2SmSbO6,
mp-972120,Sr(GaAs)2,
mp-972117,SrTeO3,
mp-753405,LiCuF3,
mp-972112,Sr2MgUO6,
mp-764403,LiMn7(OF3)3,
mp-600862,GdFeO3,126.3831614
mp-753363,Li4Sb(TeO4)3,
mp-764399,RbCrH4(C2O5)2,
mp-753285,Mg9CuO10,
mp-767779,VCr(P2O7)2,
mp-772338,Li2ScFe(SiO3)4,
mp-995217,H2C3,
mp-694929,SrLaTa2(NO)3,
mp-694885,CaLaMnNbO6,
mp-39739,CaHoMn2O6,
mp-705452,SrLaTaMnO6,
mp-705412,CaLaMnMoO6,
mp-780032,Li4Co4(OF3)3,
mp-694915,CaLaMnSnO6,
mp-764284,V2OF7,
mp-690727,H2PbO2,
mp-764283,VOF3,
mp-764281,Li5Ti2Co3O10,
mp-771455,Li4Mn3TeO12,
mp-771451,Li5Mn2Cu3O10,
mp-690119,Ti3Fe5O12,
mp-690014,NiP2O7,
mp-764271,Na3Ni2O5,
mp-780044,LiCoOF2,
mp-779994,Li4MnSb(WO6)2,
mp-771442,Li5Fe2Ni3O10,
mp-690552,SrLaMnMoO6,
mp-775430,LiBi3(IO2)2,
mp-771437,Li5Co3(NiO5)2,
mp-771434,Li5Nb2Ni3O10,
mp-752677,Ba2YBr7,
mp-764252,VOF3,
mp-779966,VOF3,
mp-752837,LiAgF3,
mp-779999,Li4V(TeO4)3,
mp-764223,Li4VO4F,
mp-761440,Li4MnV(WO6)2,
mp-767527,Li6Sb3S,
mp-8546,SmB4,
mp-638900,Si3O7,
mp-779968,Li2V4CrCuO12,
mp-686701,Nd3O2F5,
mp-752605,LiAgF3,
mp-862462,Li2MnV4NiO12,
mp-972246,Tb2ReC2,
mp-775176,Li4FeTe2WO12,
mp-761360,MnCd9O10,
mp-775237,Li5Cr2Co3O10,
mp-779906,Ca3WO6,
mp-770961,Li2TiMn2O5,
mp-775229,Li3MnV4O12,
mp-770956,Li2TiMn2O5,
mp-861563,Li3VSiO5,
mp-767360,LiMn(SiO3)2,
mp-763994,Li3Co5OF11,
mp-752433,LiLa3Ti4O12,
mp-767356,LiCo(SiO3)2,
mp-763988,Li4NbTe2WO12,
mp-684723,TiNb2Zn(PbO3)4,
mp-767350,LiVF3,
mp-767348,LiMn5(CuO6)2,
mp-752418,La2Se2O,
mp-779457,Ge2N2O,
mp-5096,CaSiO3,
mp-767199,LiMn3OF5,
mp-775037,Li3V4SnO12,
mp-767196,Li3Mn5OF11,
mp-764040,Li5Co5O9F,
mp-643069,Li2HIO,
mp-761370,Li4MnCr(WO6)2,
mp-761021,Li3Cu(TeO3)4,
mp-779353,Li3Fe5OF11,
mp-770855,VCrO3,
mp-770852,Li2TiNi2O5,
mp-767178,Li6Mn2OF11,
mp-642795,PHSF2,
mp-770850,Li2TiCo2O5,
mp-761329,LiMn(SiO3)2,
mp-770848,Li2TiCo2O5,
mp-684816,K2NaNb(OF2)2,
mp-684801,CaLaMgTaO6,
mp-763995,Li5CoO3F,
mp-774863,LiNi9S10,
mp-770843,VCrO3,
mp-861490,Li5Mn2Co3O10,
mp-775086,Li3SiNiO5,
mp-686908,TmCoO3,
mp-7008,GaAg(PSe3)2,
mp-768016,Zn3Ni7O10,
mp-768013,Li5Fe(Ni2O5)2,
mp-775792,AlVO3,
mp-760773,LiCu2F7,
mp-684721,TiNb2Zn(PbO3)4,
mp-760664,LiCu(PO3)2,
mp-763978,Li5Ti2V3O10,
mp-775069,Li5Cu2Ni3O10,
mp-770778,VCrO3,
mp-763854,Mn3OF6,
mp-19242,YNiO3,
mp-19271,BaCrO3,
mp-761019,Hf2N2O,
mp-866495,CaSnS3,
mp-774043,MnV(P2O7)2,
mp-689498,Ba4PrMn3O12,
mp-774024,MnZn4O5,
mp-20467,PuB4,
mp-763907,Li5Mn3Cr2O10,
mp-770688,Li4CrO5,
mp-760762,NbOF3,
mp-760701,LiNbO3,
mp-767106,Li5Mn5O9F,
mp-640531,Sr2CoTeO6,
mp-760657,Yb(BO2)3,
mp-863748,TbBS3,
mp-760595,CuCO3,
mp-766943,MnCd4O5,
mp-764841,LiVO2F,
mp-640159,V2GaSn2,
mp-763849,Li(FeO2)3,
mp-973850,HoGa3,
mp-755346,Li5BO4,
mp-760468,LiSi2BiO6,
mp-866936,CaSnS3,
mp-866811,CaSnS3,
mp-636978,KCuCl3,
mp-779182,LiMnF3,
mp-6257,CsNb(BO3)2,
mp-755236,HoTiO3,
mp-766902,LiMn2F7,
mp-763818,Li5MnO3F,
mp-755231,LiTeO3,
mp-779169,Li3MnF6,
mp-770584,Sr3WO6,
mp-764783,LiMnF3,
mp-774071,Li2Mn3(CoO4)3,
mp-780387,YbHfO3,
mp-755213,YbCO3,
mp-638650,Pr7FeI12,
mp-763795,Mn3O2F5,
mp-767001,WOF3,
mp-766857,LiMn2F7,
mp-755165,YScO3,
mp-763788,Li5Mn3(FeO5)2,
mp-866097,CuH6BrN2,
mp-755138,NdInO3,
mp-865526,TmSb(PbO3)2,
mp-769364,Dy(BiO2)3,
mp-778824,Li4Cr(WO4)3,
mp-755109,YErO3,
mp-637255,Ti2Sn3,
mp-766798,LiMnOF2,
mp-775467,Li5MnO4,
mp-766927,Li4MnO2F3,
mvc-912,Mo2O3,
mp-769263,TbInO3,
mp-568225,TbB4,
mp-766853,LiMn2F7,
mp-773761,LiCo(SiO3)2,
mp-770413,LaHoO3,
mp-766724,Li3Ni5OF11,
mp-764398,VOF3,
mp-763640,Li2Ti3V3O12,
mp-759680,LiSi2BiO6,
mp-766751,CoBO3,
mp-763608,LiMn7O12,
mp-778733,Mg3WO6,
mp-763588,LiFe(CO3)2,
mp-677430,NaLiLa2Ti4O12,
mp-763580,LiFeO3,
mp-971855,Tm2Co3Si5,
mp-778709,Li2FePHO5,
mp-778653,LiLa3Ti3CrO12,
mp-763567,LiV(CO3)2,
mp-763536,Li4MnSb2WO12,
mp-853166,Na3Mn5O12,
mp-753063,Li3CuF6,
mp-770274,NiP4,
mp-773560,LiMnF3,
mp-694891,KRb2Mo(OF)3,
mp-763549,LiMn(CO3)2,
mp-853151,Li5Mn(Ni2O5)2,
mp-763540,LiNi(CO3)2,
mp-853133,NaLiFe2(SiO3)4,
mp-764274,VOF3,
mp-690653,NaH3CN4O,
mp-19001,SrMnO3,
mp-752891,LiTi3O6,
mp-851083,Li5V3(NiO5)2,
mp-775354,Li5NiO4,
mp-764228,VOF3,
mp-752755,NaSbO3,
mp-752754,Hf2N2O,
mp-773470,Li5Mn2V3O10,
mp-755175,Al2O3,189
mp-778564,LiFe7(OF3)3,
mp-779964,Li5MnO4,
mp-756177,Li4ZrNb(TeO6)2,
mp-752596,YbSmO3,
mp-777889,Li4Fe(TeO4)3,
mp-752569,La3ScO6,
mp-752437,SmInO3,
mp-752435,DyTmO3,
mp-752434,Gd3YO6,
mp-752429,ScTlO3,
mp-773385,Li3FeSiO5,
mp-777779,Li4Mn(TeO4)3,
mp-763434,Li5MnO3F,
mp-773366,P2WO7,
mp-777780,Li3MnF6,
mp-773354,Li5Fe3(NiO5)2,
mp-773349,Li5Mn3(NiO5)2,
mp-850937,VF4,
mp-770870,MnTlO3,
mp-761349,CdCoO3,
mp-770079,Rb5FeO4,
mp-642844,BaH5BrO3,
mp-642834,BaH5ClO3,
mp-773311,Li5Fe3(CuO5)2,
mp-777676,LiVF3,
mp-777675,Li3V5O12,
mp-775093,Li5CoO4,
mp-770830,HoBiO3,
mp-690601,NdTi3Fe(CuO4)3,
mp-779654,Na3Nb6O11,
mp-770050,CdCoO3,
mp-779599,DyTiO3,
mp-770767,SmCuO3,
mp-867739,Nb3GeS6,
mp-767197,VOF3,
mp-767156,LiMnOF2,
mp-770699,KLiMnO2,
mp-760814,LiCuF3,
mp-760502,LiH2ClO,
mp-760489,PH6NO2,
mp-680677,Sn3Ru2,127.0803593
mp-770605,ZrCrO3,
mp-680530,BiPtPb3,
mp-638632,ErCoO3,
mp-637599,Bi2O3,
mp-637263,Zr5AlNi4,
mp-766924,LiMnOF2,
mp-778919,LiFePH2O5,
mp-778918,TmVO3,
mp-770472,HoLuO3,
mp-766847,WOF3,
mp-862670,Sr3Co(CN)3,
mp-861914,Ba3Co(CN)3,
mp-634434,NaHCN2,
mp-29836,Na3HoCl6,
mp-29842,CsReF8,
mp-19965,K4BaU3O12,
mp-23164,Bi2Se3,17.43756966
mp-17272,NbCuO3,
mp-29850,Na3TiCl6,
mp-19984,TbB4,
mp-4995,LiSbO3,
mp-29863,AsCl3O,
mp-19985,TlIn(PSe3)2,
mp-25975,LiCu(PO3)2,
mp-29866,SnCl4,0.731119396
mp-23195,Bi2O3,20.7308846
mp-20009,NaPr2OsO6,
mp-29882,CsPdCl3,
mp-20011,NaSbO3,
mp-3102,TaCuS3,43.29685628
mp-28523,Li2Ta3N5,
mp-28529,KInBr3,
mp-17324,ZrSnS3,
mp-3416,Na3AlF6,51
mp-28532,CrInBr3,
mp-23216,SnBr4,
mp-28538,SiH3I,
mp-34212,SrRuO3,
mp-28542,Na3ErCl6,
mp-17364,Th(PRu)2,
mp-28558,RbGeBr3,
mp-26342,SbP2O7,
mp-31045,KAuI3,
mp-23262,Bi2O3,54.48642574
mp-26630,TiP2O7,
mp-20078,Pb2O3,
mp-20079,CaPbO3,
mp-26658,BiP2O7,
mp-29920,Rb5Au3O2,
mvc-5328,SbP2O7,
mp-28611,ThTa2O7,
mp-23330,NaClO3,24.63289792
mp-3435,Nd3Cu3Sb4,
mp-31096,Li3AlH6,
mp-23339,NaBrO3,27
mp-31112,Tb3GaO6,
mp-20129,BaTbO3,
mp-554649,Na3NiF6,
mp-31113,Dy3GaO6,
mp-31114,Ho3GaO6,
mp-31115,Er3GaO6,
mp-31116,LaScO3,154
mp-31117,NdScO3,
mp-5045,SnGeS3,
mp-31118,SmScO3,161.7709394
mp-31119,TbScO3,164.2161421
mp-31120,DyScO3,164.6081017
mp-31121,HoScO3,
mp-23390,RbCdCl3,
mp-504543,SnPbO3,116.2616429
mp-28667,Ta(NiTe)2,
mp-23396,MoNCl3,
mp-30027,RbCrCl3,
mp-28677,BiS,
mp-504574,Li7IN2,
mp-17534,Ho2Ge5Rh3,
mp-31150,Sr2Bi3,
mp-20163,Th2S3,
mp-31164,Ce7Ru3,
mp-20170,CeCrSe3,
mp-27166,Hf3Ni7,
mp-504598,Rb2PbO2,
mp-3118,Mg3TeO6,
mp-31181,Er3Al2,
mp-20181,Ce2C3,116.400114
mp-23442,KCdCl3,
mp-20186,PrRuO3,
mp-28711,Sb2S2O,12.88281937
mp-20191,Si3Ru2,201.5250518
mp-504640,U3Ni3Sb4,
mp-20199,PPbS3,28.05197583
mp-30086,GeCl4,
mp-27208,RbMgCl3,
mp-30092,TiCl4,
mp-23487,KIO3,21
mp-23503,Na3InCl6,
mp-23498,NbSeBr3,
mp-28741,CuSe3Br,
mp-20217,EuPS3,
mp-20222,Sr2NbInO6,
mp-504741,Hf(FeSi)2,192.7111009
mp-23517,RbPbI3,
mp-23538,KFeCl3,
mp-30133,Ba(CuTe)2,
mp-20244,ZrPbS3,
mp-28765,CBr3F,
mp-31250,BiBO3,
mp-22705,BaPrO3,
mp-504783,Np2S3,
mp-27252,TlCdI3,
mp-504821,TlFeBr3,
mp-23612,K3B6BrO10,
mp-31258,Pr2MoC2,
mp-27277,PCl3O,2.626890316
mp-504862,Ti4Cd(CuO4)3,
mp-23636,Cs3Np(Cl2O)2,
mp-28809,TlBS3,
mp-556653,Cd2BiAsO6,
mp-22634,K4SrU3O12,
mp-20316,PPbSe3,
mp-30189,K5(DyI4)3,
mp-21852,Nb3PbS6,
mp-23680,H(CO)2,
mp-27314,SbClF8,
mp-27317,SbAsF8,
mp-504921,Sc7CBr12,
mp-20339,Ti2InNi2,
mp-23700,RbH2OF,
mp-21871,CeCrS3,
mp-21872,PrLuO3,
mp-23705,Na3AlH6,
mp-28853,LaAuO3,
mp-27336,CsCuBr3,
mp-31276,Cd2PCl2,
mp-31277,Sn4Ir,72.16243472
mp-28859,K2HgS2,
mp-27340,ReCl4,
mp-25051,NdMnO3,
mp-23730,NaMgH3,
mp-20376,Ce(BO2)3,
mp-21898,SrTbO3,
mp-23739,SiH4,
mp-505025,BaPuO3,
mp-35078,BaMnO3,
mp-27355,Pb2OF2,
mp-20391,B2Mo2Ir,
mp-28883,GeP2O7,
mp-23774,K2LiAlH6,
mp-505090,Na(CuO)2,
mp-17833,Ba3GeO,
mp-28912,MnInBr3,
mp-562109,Sr2InSbO6,
mp-27381,CsSnI3,9.742771426
mvc-16575,Mg2VBiO6,
mp-19108,Ca2MnWO6,
mp-22013,LaTiO3,
mp-22014,Sc2SiB2Ir5,
mp-27391,Na5Zr2F13,
mp-22023,Pb3SO6,
mp-27394,CsSnCl3,
mp-23849,Li2H2SO5,
mp-20464,SrPrO3,
mp-17869,NaCuF3,
mp-3547,MgSiO3,
mp-27400,RbCdBr3,
mp-20472,LaRuO3,
mp-22030,EuBO3,
mp-20489,SrPbO3,104.995794
mp-22040,Sn7Ir3,102.3072312
mp-27425,Sr(HO)2,39.55590823
mp-22063,UCrS3,
mp-20507,PbSO3,
mp-23925,TcH4NO4,
mp-505222,CdInBr3,
mp-20524,Sc2VB2Ir5,
mp-15889,Ba2LaIrO6,
mp-22075,In7Pt3,
mp-27445,As(IF2)3,
mp-27450,KCuCl3,
mp-17926,Zr3Ni3Sb4,
mp-557047,Cs2NaCrF6,
mp-22126,U2S3,
mp-29028,B2AsCl2,
mp-22147,HfPbS3,
mp-27499,BaTeS3,
mp-3597,BaRuO3,116.9521709
mp-24034,K3AlH6,
mp-3601,BaUS3,
mp-36053,SiPN3,
mp-18014,Th7Fe3,
mp-505363,P3Pd7,
mp-505365,Mg3Nb6O11,
mp-30432,Ba(RhPb2)3,
mp-24087,H4INO4,
mp-29080,Na3YBr6,
mp-3615,Nd(BO2)3,
mp-27553,Ta2SnO7,
mp-24091,GaH4NF4,
mp-31362,Na3YCl6,
mp-22212,NaSbO3,128.847915
mp-18055,La2Ge5Rh3,
mp-24128,ReH4NO4,
mp-22220,LaLuO3,145.8569919
mp-3626,SrZrO3,
mp-505418,CsDyI3,
mp-777681,Li3VF6,
mp-20672,Hf3P2,
mp-30471,CaCu,
mp-24165,Li2H2SeO5,
mp-22250,Mg2SiB2Ir5,
mp-365,MgB4,159.2201728
mp-20687,Sr2LuRuO6,
mp-505489,Sc7BCl12,
mp-27628,Te3Cl2,
mp-29141,Re3Ge7,
mp-27634,TiBr4,
mp-27649,BaU2O7,
mp-18162,Li(CuO)2,
mp-29164,SrBiO3,
mp-22305,NaCu3(RuO3)4,
mp-29172,SeF4,
mp-20742,EuPSe3,
mp-505554,Sc(FeSi)2,171.6554108
mp-22329,NaNd2OsO6,
mp-27693,Sc(BC)2,190
mp-22344,Sn7Ru3,109.3997271
mp-27697,ThI4,
mp-22592,CaTi4(CuO4)3,203.1671861
mp-22355,Sr2InSbO6,
mp-30528,MnTlCl3,
mp-27714,H3OF,
mp-20775,CeDyS3,
mp-20784,Ta3PbS6,
mp-18257,Fe7C3,242.4065958
mp-22390,SrRuO3,166.4128344
mp-27742,K2CdO2,
mp-600151,KNa2AlH6,
mp-37501,In10Sb9Te,47.09516032
mp-22409,Hf3B2Ir5,
mp-22414,CuSeO3,30.80738383
mp-22416,SmTiO3,
mp-22425,Sc2FeB2Ir5,
mp-27776,Cd2AsCl2,
mp-37873,Li3ErBr6,
mp-22449,InCu(PSe3)2,
mp-27809,Ba(GeP)2,
mp-27810,Ba(GeAs)2,
mp-27815,NbCl3O,
mp-29288,TlGeI3,
mp-18377,ZnS,
mp-22487,EuScO3,
mp-20882,CeBO3,
mp-22506,Cs6InAs3,
mp-27865,KMgCl3,31.25306227
mp-22530,LaYbO3,
mp-22534,SrRuO3,
mp-29345,LiGaI3,
mp-30565,Th7Co3,
mp-18501,Ba(AgTe)2,
mp-22561,Pr2ReC2,
mp-27915,K2BeO2,
mp-22563,Gd(LuS2)3,
mp-29376,Na5InS4,
mp-27926,AsClF8,
mp-22575,Sc3As2,
mp-22577,Pb3SO6,
mp-27931,Rb2SnO2,
mp-22594,Ba2LuIrO6,
mp-22600,Sc3P2,
mp-39144,SrLiPrTeO6,
mp-29405,RbSnI3,
mp-29417,Na3ScBr6,
mp-18656,GdGaO3,
mp-30594,Cu4Pd,145.8790773
mp-18678,Nd2Ge5Rh3,
mp-39483,SrLaTiMnO6,
mp-19115,CaFeO3,
mp-18739,BaYMn2O6,
mp-39712,NaCaTaTiO6,
mvc-11972,CaHoMn2O6,
mp-30612,Er7Rh3,
mp-571402,Zr2Al3C5,
mp-4004,Ag5SbS4,
mp-41963,CaLaMnFeO6,
mp-18862,La2CoIrO6,
mp-18190,CaCu3(SnO3)4,
mp-18885,LaCrS2O,
mvc-11614,CaFe(SiO3)2,
mp-20618,Y2Co3Si5,139.6126529
mp-40186,LiCaPrTeO6,
mp-40286,NaLiLa2Ti4O12,
mp-18942,VP2O7,
mp-19002,TmNiO3,
mp-19012,CaMoO3,
mp-4054,YAl3Ni,92.8612512
mvc-15049,CaPrMn2O6,
mp-1080847,Mg3SbN,
mp-4135,RbPO3,
mp-41742,CaNdTiMnO6,
mp-41829,BaNdNiSbO6,
mp-4185,Na3ScF6,
mp-542512,NaPr2RuO6,
mp-567029,LaMn7O12,
mp-567037,ZrMnTlF7,
mp-556892,InBiO3,
mp-542573,ThB4,
mp-567067,Ba7Al4Ge9,
mp-559143,Pb3SO6,
mp-567125,MnNi(BiO3)2,
mp-567205,Sm2MnNiO6,
mp-542704,CsHCO2,
mp-569261,Pr7CoI12,
mp-569267,Ca2CdSb2,29.78549061
mp-571418,RbYbBr3,
mp-542767,Sr2TmRuO6,
mp-556941,NaFeF3,
mp-540091,NiP2O7,
mp-571433,NaB(CN)4,
mp-569275,Nd2WC2,
mp-542818,BaVS3,
mp-561256,Ba2TiOF6,
mp-561258,ZnS,69.64197299
mp-542856,CeNiSnH2,
mp-569299,Be(BC)2,
mvc-14928,CrP2O7,
mp-30755,La2Sn5Rh3,
mvc-15036,NiP2O7,
mp-542909,Mn,263.8773062
mp-555021,TePbO3,
mp-567419,SrLa6OsI12,
mp-540349,FeP2O7,
mp-569335,Sm2C3,
mp-752692,K2SnO2,
mp-624691,VAgO3,
mp-770174,MnP2O7,
mp-777899,LiFeF3,
mp-777894,LiVF3,
mp-777888,LiFeF3,
mp-675941,Li7IN2,
mp-504617,Ti3Co5B2,
mp-630862,Yb2Pt2Pb,
mp-773272,AlCoO3,
mp-770105,Li5MnO4,
mp-758329,YbCO3,
mp-777702,LiMnF3,
mp-770082,CoPbO3,
mp-625184,Sr(HO)2,
mp-763362,LiMnF3,
mp-752636,LiSbO3,
mp-773298,LuCrO3,
mp-625104,H2CO2,
mp-676210,LiTiCl3,
mp-758096,SbOF3,
mp-765920,Li5FeO3F,
mp-777528,Li3VF6,
mp-715276,Fe2O3,
mp-777503,TmCrO3,
mp-770011,Rb5FeO4,
mp-773247,Li3Fe5O12,
mp-850427,LiMnPH2O5,
mp-756909,TlGaO3,
mp-770005,Li5Cr2Cu3O10,
mp-675758,Sr2LaF7,
mp-773236,Li5Nb2Fe3O10,
mp-773234,Li5Ni3(SbO5)2,
mp-773233,Li5V2Fe3O10,
mp-777459,Li3FeF6,
mp-756762,TbTmO3,
mp-769923,TiCrO3,
mp-756742,Lu3AlO6,
mp-769920,TbCrO3,
mp-777514,Y2O3,
mp-756715,Gd3InO6,
mp-756708,CaPrO3,
mp-756979,Rb3ClO,
mp-765829,HfCoO3,
mp-756686,AlGaO3,
mp-765824,Mn9FeO10,
mp-769968,VGeO3,
mp-769897,InCoO3,
mp-777413,CeScO3,155.0105156
mp-765815,CoSnO3,
mp-756630,DyAlO3,192.5122527
mp-763191,LiMnF3,
mp-1029605,Na2MnN2,47.95266676
mp-777488,Li3FeF6,
mp-769876,TbNiO3,
mp-769958,MnCSO7,
mp-756581,LiNdTi2O6,
mp-769952,VSiO3,
mp-769857,VGaO3,
mp-756469,DyLuO3,
mp-769855,SrCrO3,
mp-756458,ErAlO3,
mp-756452,SmDyO3,
mp-769850,ZrCoO3,
mp-756435,Sr3Nb4O13,
mp-621730,Cs2NaCoF6,
mp-756424,GdLuO3,
mp-756365,CaCeO3,
mp-769818,HoCrO3,
mp-769810,Sr3WO6,
mp-756296,ErTiO3,
mp-756290,TbGaO3,
mp-756281,TmAlO3,
mp-756272,LaDyO3,
mp-756246,NdZrO3,
mp-619753,Cs4CdNi3F12,
mp-777447,LiFe2F7,
mp-756224,TbGdO3,
mp-756205,ScBiO3,
mp-769785,ScVO3,180.7439723
mp-773166,Li5Cu3(NiO5)2,
mp-769783,LuVO3,
mp-619126,Ba2TlCuHgO5,
mp-554858,Cs2NaMnF6,
mp-769901,ZnFeO3,
mp-777146,CdFeO3,
mp-756166,LaHoO3,
mp-756137,Li3Nb6O11,
mp-765818,ZnCoO3,
mp-756118,TbSmO3,
mp-756117,Li2TiTeO6,
mp-756093,Na12NbO7,
mp-769883,MnTlO3,
mp-756048,TbErO3,
mp-756030,GdTmO3,
mp-765797,ZnNi9O10,
mp-617180,Cs2V5O13,
mp-769734,ScFeO3,
mp-777305,LiFeF3,
mp-765794,Li5Mn3(CoO5)2,
mp-755911,Hf2N2O,
mp-669720,Ni3Sn2,
mp-622009,TaNi2TeSe,
mp-756515,Li4Nb(TeO4)3,
mp-669575,Hf2InNi2,
mp-38685,CeSbO3,
mp-769691,ScCoO3,
mp-769682,HfFeO3,
mp-769680,HfCrO3,131.7659936
mp-755798,ZrPbO3,
mp-765770,VOF3,
mp-769675,HfFeO3,
mp-755792,LuGaO3,
mp-755790,HfPbO3,
mp-777024,CeNiO3,
mp-769663,CrInO3,
mp-706531,Ge3Ru2,
mp-773030,ScP2O7,
mp-777248,LiFeF3,
mp-621852,La2Ge5Ru3,
mp-755740,TbHoO3,
mp-755717,SmHoO3,
mp-621659,La2Ge5Ir3,
mp-756427,Li5SbS4,
mp-755685,SmYO3,
mp-776984,HoInO3,
mp-621112,Cs5Nb2S4Cl9,
mp-615459,La2Ni5C3,
mp-765750,Li5Cr2Fe3O10,
mp-706271,K2NaMo(OF)3,
mp-756372,Rb2MgO2,
mp-755612,DyGaO3,
mp-620812,Y2Ge5Ru3,
mp-755576,Zr2N2O,
mp-755574,LuAlO3,
mp-756348,Li2FeS2,
mp-850136,LiFeOF2,
mp-755525,TmTiO3,
mp-776883,AlFeO3,
mp-772488,VBiO3,
mp-755462,PrHfO3,
mp-765457,LiMnF3,
mp-772465,CuNi4O5,
mp-755416,HoGaO3,
mp-611033,SrRuO3,
mp-754989,Er(BiO2)3,
mp-754979,Y3AlO6,
mp-608402,Zr2InPd2,
mp-776641,Na5CoO4,
mp-703673,YbVO3,
mp-754853,CaHfO3,
mp-640859,DyMn4(CuO4)3,
mp-850876,VOF3,
mp-619501,U2Te3,
mp-777622,LiFeF3,
mp-776593,LuScO3,
mp-680690,LaCu3(RuO3)4,
mp-754787,SmTlO3,
mp-765709,Li5Ti2Fe3O10,
mp-777151,LiFe2F7,
mp-776526,Cr2O3,
mp-776515,CeFeO3,142.1988716
mp-675834,La3O2F5,
mp-756173,Li5FeS4,
mp-675846,Ca5ThF14,
mp-636476,SrCu3(RuO3)4,
mp-776496,HfMnO3,
mp-754693,Lu(BiO2)3,
mp-765930,Li4SbTe2WO12,
mp-555140,Cs2Li3GaO4,
mp-776439,SmTmO3,
mp-754597,LuTlO3,
mp-672644,KNO3,
mp-754578,TmGaO3,
mp-754553,Zn3N2,132.0483318
mp-13819,KAgF3,
mp-765915,LiFe(SiO3)2,
mp-850062,LiNiO2,114.3653887
mp-624190,GePbS3,
mp-781505,Ca3WO6,
mp-764632,VOF3,
mp-675756,Ba3P4O13,
mp-756096,Hf2N2O,
mp-768573,Lu3AlO6,
mp-756086,Li5BiS4,
mp-768539,AlTlO3,
mp-672333,PbCSNCl,
mp-765901,Li4V4(OF3)3,
mp-616399,NaFeF3,
mp-617426,InFeBr3,
mp-756063,RbNbO3,64
mp-756054,Zr2N2O,
mp-699136,NaAlH2CO5,
mp-777099,LiMnOF2,
mp-777551,LiVF3,
mp-756050,TaCuO3,
mp-756988,Nb5OF14,
mp-776235,Zr2N2O,
mp-772725,Li4Fe3TeO12,
mp-754239,ScGaO3,
mp-772724,SnBO3,
mp-754231,LuTiO3,
mp-754225,YbTiO3,
mp-765675,Na2Ni3O5,
mp-754208,ErInO3,
mp-756933,TaTlO3,
mp-754203,SmErO3,
mp-776189,LiFeF3,
mp-769729,Li5Fe2Co3O10,
mp-754153,LiH2BrO,
mp-754145,TbLuO3,
mp-776167,CeAlO3,
mp-776166,AgPdO3,
mp-754140,CaSeO3,
mp-762705,Li3FeSiO5,
mp-755928,Cu2O3,
mp-756861,LiLa4Ti3O12,
mp-645159,FeBiO3,162.1674227
mp-754107,Y(BiO2)3,
mp-7483,KHgF3,50.74615979
mp-756837,Ca4Zr3TaO12,
mp-754092,ScTiO3,
mp-776138,LiFeF3,
mp-754011,Li(BiO2)3,
mp-644741,In2O3,
mp-616512,Y3Co2,
mp-753995,YTmO3,
mp-755832,Na5GdO4,
mp-644506,NaAlH2CO5,
mp-780921,CeCrO3,
mp-603912,Nd2MoC2,
mp-765843,Li3Ni5OF11,
mp-755829,BSbO3,
mp-765834,Li6V2OF11,
mp-644285,KAlH2CO5,
mp-675250,KBi2F7,
mp-644129,KNiPH2O5,
mp-616407,N2O3,
mp-769668,Li2TiFe2O5,
mp-643954,KCoPH2O5,
mp-769662,Li2TiFe2O5,
mp-769660,Li2TiFe2O5,
mp-643814,Zn2SiH2O5,
mp-753783,Li5InO4,
mp-753785,NbOF3,
mp-755745,LiBi(BO3)2,
mp-777393,LiFeF3,
mp-765812,TiVO3,
mp-753763,Ce5Dy2O13,
mp-769653,Li2TiFe2O5,
mp-669388,Gd2Se2O,
mp-669381,Pb2OF2,
mp-769648,Li2TiCo2O5,
mp-780882,LiMnPH2O5,
mp-753683,Sn2OF2,
mp-769646,Li2TiCo2O5,
mp-769733,LiMn7O12,
mp-706325,CaDyMnSnO6,
mp-849636,SrTaNO2,
mp-776970,Li5SbS4,
mp-768409,TbTiO3,
mp-672672,NaUO3,
mp-850193,HoBO3,
mp-772571,Li4CrO5,
mp-763101,LiMnF3,
mp-614185,Pb(SN)2,6.766549571
mp-769839,MnP2O7,
mp-626218,SbHO3,
mp-626182,SbHO3,
mp-777225,Li4Fe(WO4)3,132.87972
mp-755488,SrTaNO2,
mp-756376,Li3Nb4ZnO12,
mp-765157,LiVF3,
mp-697146,Zn(HO)2,
mp-697136,Be(HO)2,
mp-765462,LiFe3OF5,
mp-850139,LiCo3OF5,
mp-755453,MnP4,130.1683566
mp-849371,CdSnO3,
mp-755441,SrTaNO2,
mp-765454,TiCr7O12,
mp-755428,Rb3ClO,
mp-765452,LiVOF2,
mp-625837,Be(HO)2,
mp-625830,Zn(HO)2,
mp-625826,Zn(HO)2,
mp-765447,Li5V5O9F,
mp-648519,ThMn4(CuO4)3,
mp-625823,Be(HO)2,
mp-776688,V2O3,
mp-849271,AgIO3,
mp-673705,SnPSe3,
mp-769228,Cs5YO4,
mp-754818,NaTaO3,
mp-762931,Li(FeO2)3,
mp-850102,Li4NbFe(WO6)2,
mp-757242,Li5AuO4,
mp-755040,Cu2O3,
mp-756251,Ba2LaCl7,
mp-769205,Li(NiS)2,
mp-13981,KPO3,
mp-764733,Li5Ni5O9F,
mp-849083,Cr2S3,
mp-608490,NaHgCl3,
mp-777150,VOF3,
mp-30422,Sr7Au3,
mp-777147,Li4CrTe(WO6)2,
mp-764724,Li4VO3F2,
mp-761783,Li5Co2Cu3O10,
mp-647452,CaTi4(CuO4)3,2992
mp-776655,Ti2O3,
mp-776671,Li2TiNi2O5,
mp-754903,Y(BO2)3,
mp-607848,La(In2Ni)3,
mp-776623,LiV2F7,
mp-776622,LiV2F7,
mp-777100,VOF3,
mp-781712,Na2SnO2,
mp-776616,LiV2F7,
mp-769739,Li4NbCr(WO6)2,
mp-756029,Zr2N2O,
mp-754794,La2S2O,
mp-772122,Li3V4CuO12,
mp-754776,Sm2Ge5Ru3,
mp-772701,Li3Fe(SbO3)4,
mp-776512,MgCoO3,
mp-777080,VOF3,
mp-755915,Li4Nb3TeO12,
mp-772067,Li3SiNiO5,
mp-754712,NClO3,
mp-755887,La2S2O,
mp-849772,LiTi3Nb(CuO4)3,
mp-768941,Sr3TeO6,
mp-1006282,Nd7Co3,
mp-776487,Li2V5CuO12,
mp-754661,INO3,
mp-606511,La(GePt)2,
mvc-11953,VP2O7,
mp-567478,MnSbSe2Br,
mp-540378,VP2O7,
mp-561303,NaSb(PS3)2,
mp-567492,Ce2WC2,
mp-567530,KMnCl3,
mp-567540,Ga,
mp-559348,BaZr(BO3)2,
mp-567566,Ho7FeI12,
mp-559352,Ba4Na(BiO4)3,
mp-31622,K2CoO2,
mp-571527,Cs2LiInCl6,
mp-567629,CsPbBr3,17.63926082
mp-567658,Ba2Li3NbN4,
mp-567681,CsPbBr3,12.98772143
mp-559377,IOF3,
mp-567678,Y7FeI12,
mp-571541,Sr8In4Cu3N5,
mp-557049,CdSbS2Cl,
mp-555083,Na3H5(CO2)4,
mp-567741,PC2N3Cl4,
mp-557480,Te2SO7,
mp-567855,RbGeI3,
mp-567905,U3Ni3Sn4,
mp-5506,Ba(AlSi)2,
mp-24950,CaTi4(FeO4)3,
mp-31698,CrP2O7,
mp-31703,CrOF3,21.69047572
mp-561423,ZrTlCdF7,
mp-555150,KTa(BO3)2,
mp-557146,TiAs2O7,
mp-542587,Ge3Pt2,
mp-572291,K3ClO,
mp-568326,Pr2WC2,
mp-568336,Lu2Si5Ir3,
mp-557183,KNaZnO2,
mp-561465,TlSbO3,
mp-572526,SbBr(OF3)2,
mp-553939,CaCO3,71.38316603
mp-569571,Nb3Sb2Te5,
mp-557224,HgSeO3,
mp-561480,NaNiF3,73.77149255
mp-555201,NaCoF3,
mp-18036,Th(NiP)2,
mp-557308,ZnS,
mp-561489,AgTeO3,
mp-554034,KLa2NbO6,
mp-561491,KNaMg2Si4(O5F)2,
mp-554059,Sr2UZnO6,
mp-31760,Sr2TaFeO6,
mp-573045,MoSeCl7O,
mp-31763,Ca2FeReO6,
mp-557376,S,
mp-569613,Ba2P7Cl,
mp-557387,Sr2TmNbO6,
mp-573119,BiRhO3,173.6481679
mp-601825,NdFeO3,
mp-557437,KBi(PS3)2,
mp-561518,Mg2BiAsO6,
mp-557448,Ba2CaUO6,
mp-573358,CsBSe3,
mp-573601,Th7Ru3,
mp-559594,LaGaSe2O,
mp-573677,Ba2Li3TaN4,
mp-557522,PCl2OF,
mp-565805,TbFe3(BO3)4,
mp-573855,La7Ni3,
mp-22428,SrCeO3,
mp-573909,Hg(CN)2,
mp-18655,Ba(SiRh)2,
mp-555272,Na5Zr2F13,
mp-557590,NaNbO2F,
mp-557592,CrAg(PS3)2,
mp-569715,CuBi(PSe3)2,
mp-574060,KB(CN)4,
mp-574086,SiBr4,
mp-557625,Yb3GeO,
mp-763901,NaVO3,
mp-574176,Ba(InAu)2,
mp-557640,Nb3SnS6,
mp-554410,Ba2LaRuO6,
mp-557680,NbAgO3,118.3310439
mp-561616,LuCoO3,
mp-557687,TlHCO2,
mp-574486,Ag2CN2,
mp-554444,MnCo(BiO3)2,
mp-557713,Ba2LaTaO6,121.3241418
mp-540701,V3As2,
mp-557728,KCu4AsS4,
mp-561664,TeF4,11.0059274
mp-568570,CsSnI3,
mp-561681,CsSO3,
mp-557787,TlSbO3,
mp-559653,SrCa(CO3)2,
mp-557794,Yb3SiO,
mp-555313,ScBiO3,
mp-554645,K3Sb2N2O6F7,
mp-554701,SbP(OF3)2,
mp-554722,Y3GaO6,
mp-685012,Cr2Te3,
mp-557954,GaN5O14,
mp-554758,SiP2O7,
mp-540771,BaZrS3,175.7812393
mp-557976,Na(CO)2,
mp-540778,CsVO3,19.36453096
mp-557997,CaSeO3,
mp-28695,KSiH3,
mp-561849,Gd2S2O,
mp-558039,Sr2HoSbO6,
mp-558046,KMnF3,57.55117487
mp-555390,TcO3F,
mp-568655,In7Pd3,
mp-569857,K2P3,16.82393428
mp-568656,SiC,213.2991627
mp-558099,Nb2Tl5S4Br9,
mp-580597,CsCrI3,
mp-562420,Cs3ClO,
mp-580797,Ca(BH)2,
mp-558128,KNd2NbO6,
mp-558130,MnBiS2Cl,
mp-558183,MoS2N2Cl5,
mp-559756,PrScO3,
mp-540832,EuFeO3,156.4935765
mp-558217,CsAg(NO3)2,
mp-569889,CsC3(SeN)3,
mp-559765,KHg2S(ClO)3,
mp-31943,MnP2O7,
mp-559767,LiAsO3,
mp-540839,CsPbI3,10
mp-17535,B3Ru7,
mp-558285,GaBiO3,
mp-569905,NaLa6OsI12,
mp-569911,Cr2B2Ir,
mp-3196,NdGaO3,162.3172656
mp-558332,K5Au(IO)2,
mp-554874,CuGeO3,
mp-558381,PtCI2O,
mp-562182,ZnSiO3,
mp-558412,H2CO2,
mp-31982,MnP2O7,
mp-31984,BaMn3O6,
mp-562263,Cs2PbO2,
mp-569975,Yb3CoSn6,
mp-558514,RbZrCdF7,
mp-569983,Ni2PdSe2,
mp-558528,La2TiZnO6,
mp-568796,RbYbI3,
mp-558536,RbCdAuS2,
mp-568802,KBi(PSe3)2,
mp-540924,NbTeI3,5.889965245
mp-558579,TlHCO2,8.057490986
mp-772005,Li3V4NiO12,
mp-555510,Sr2YbRuO6,
mp-568856,Mn3As2,
mp-755802,K2MgO2,
mp-562466,SrCoO3,
mp-559868,NaLa(CO3)2,
mp-570034,ErB4,
mp-32013,Na5MnO4,
mp-558645,PBr3O,
mp-582142,Ce3Bi4Pd3,
mp-558689,Ba2PrIrO6,
mp-562517,CaMg(SiO3)2,
mp-558696,CuTeO3,
mp-559882,HgCSNCl,
mp-570044,NbI4,
mp-558760,SrZrS3,
mp-18883,YVO3,
mp-568857,RbCuCl3,
mp-558808,LiAl(SiO3)2,
mp-558828,K3Nb3(BO6)2,
mp-773575,LiMnF3,
mp-562726,CsGaS3,
mp-558849,CdBiS2Cl,
mp-563013,Yb3CeS6,
mp-755777,Ce2S2O,
mp-755770,Ba2LaI7,
mp-606382,Cr(OF)2,
mp-754625,SrTaNO2,
mvc-9244,PrMg(BiO3)2,
mp-1014444,Cr3N2,
mp-776387,Ti2N2O,
mp-771995,LiFeO2,
mp-764644,Li5FeO3F,
mp-754531,Al2O3,106.646615
mp-35730,BaUO3,
mp-755698,HfP2O7,
mp-776168,AgRuO3,
mp-1019731,EuAl3(BO3)4,
mp-776165,AgAuO3,125.8796386
mp-677611,TlAgAs2PbS5,
mp-776914,Li4NbFe(TeO6)2,
mp-768572,YAl3O6,50.58706422
mp-776322,Li2V5CoO12,
mp-776323,Li2V5NiO12,
mp-605340,LaFeO3,
mp-755495,Li5Cu3(TeO5)2,
mp-699248,Sr2B5H2O11,
mp-771921,LiNiO2,
mp-761617,Li5Fe3(CoO5)2,
mp-698702,CaSmMnSnO6,
mp-776234,Li2MnV4FeO12,
mp-761605,Li5V3(CoO5)2,
mp-754206,LiBi3(ClO2)2,
mp-776201,Zr2N2O,
mp-781051,Li5V2Ni3O10,
mp-776199,AgClO3,
mp-776188,Li4Fe(TeO4)3,
mp-776187,Li4Cr(WO4)3,
mp-754150,La3GaO6,113.1401747
mp-776172,AlCuO3,
mp-645135,Tb2MnNiO6,
mp-754837,Hf2N2O,
mp-754833,Hf2N2O,
mp-776140,Li2MnV5O12,
mp-761547,CoAgO3,
mp-776116,AlPdO3,
mp-607169,Eu(GePt)2,
mp-776093,CsAsO3,
mp-771802,Li4MnV3O12,
mp-603907,MgSiO3,
mp-753960,Li2H2SeO5,
mp-778509,LiVF3,
mp-763149,LiMnF3,
mp-644332,KMnF3,
mp-771792,Li3V4NiO12,
mp-761696,Li4VCr(WO6)2,
mp-772040,SbH(OF3)2,
mp-772009,Li3Nb4NiO12,
mp-644226,BaH2C2O5,
mp-776435,LaTiNO2,
mp-753821,Pr3GaO6,
mp-753803,Cs2CaO2,
mp-776021,Li4Sb(TeO4)3,
mp-753793,Ba2YF7,
mp-643749,KCaF3,
mp-771984,Li3Nb4FeO12,
mp-643392,Ca(HO)2,
mp-557754,ZrP2O7,
mp-647102,KNOF2,
mp-765358,Li3VOF5,
mp-764579,LiFe3OF5,
mp-781050,Li4CrSb(TeO6)2,
mp-771868,Li4MnNb(WO6)2,
mp-1019598,CeGaO3,
mp-675132,K6InP3,
mp-771850,Li3V(TeO3)4,
mp-776091,LiLaNdSbO6,
mp-600428,Mn3Sn2,75
mp-753945,ClOF3,
mp-771794,Li4Mn(TeO4)3,
mp-753879,Pr2S2O,
mp-368,P2O3,2.702027738
mp-763110,Li2Fe3(CoO4)3,
mp-759288,GaH5(NF)2,
mp-763109,Li2Cr3(CoO4)3,
mp-602328,Ce(InPt)2,
mp-753800,NbOF3,
mp-776005,Li4FeBi(TeO6)2,
mp-768150,LiBi3(BrO2)2,
mp-771739,Li3Mn(SbO3)4,
mp-10340,Na2GeTeO6,
mp-775998,Li4CrBi(TeO6)2,
mvc-9240,PrMg(SbO3)2,
mp-771205,Li5Nb2Co3O10,
mp-627684,VHO3,
mp-616514,S(IN)2,
mp-771198,Li5Co3(SnO5)2,
mp-558946,BaSbSe2F,
mp-558953,Bi2O3,
mp-570119,Yb7Au3,
mp-583234,Bi4I,
mp-583724,Yb7Al5Ge8,
mp-568977,SrMnO3,
mp-6124,NaAl(SiO3)2,
mp-541112,ZrI4,
mp-541134,TeAuBr8,
mp-6333,NaIn(SiO3)2,
mp-569052,AgSe3I,
mp-565331,TbVO3,
mp-569059,HfI4,
mp-569071,La5Al3Ni2,
mp-569074,Th7Pt3,
mp-32341,EuNiO3,
mp-541155,VS4,
mp-569085,Li6Br3N,
mp-6465,NaTi(SiO3)2,
mp-555726,NaClO3,
mp-541175,Sc7CoI12,
mp-541177,GdVO3,
mp-541183,Ta2NiSe7,
mp-555735,CaIrO3,
mp-570270,NbSeCl3,
mp-565380,BaYMn2O6,
mp-569126,AgBi(PSe3)2,
mp-570300,MnTlCl3,
mp-555769,ScBiO3,
mp-558843,KIO3,
mp-1974,CeB4,
mp-6766,CaMg(SiO3)2,101.7244535
mp-565443,Ba4PrMn3O12,
mp-1073115,Mg2Si3,
mp-570370,SnPSe3,
mp-6822,NaGa(SiO3)2,
mp-555844,MnSbS2Cl,
mp-565501,RbZrMnF7,
mp-570431,AgTe3I,
mp-7074,NaSc(SiO3)2,
mp-7116,Nb3CoS6,
mp-540321,FeP2O7,
mp-32535,WI3O,
mp-565532,VAg2PO6,
mp-555858,ZnS,
mp-565555,VP2O7,
mp-40630,CaPrMn2O6,
mp-570482,Ba(AlGe)2,
mp-555900,Nb2Tl5S4Cl9,
mp-560242,NaMnF3,59.86629428
mp-4906,Te2SO7,
mp-555909,Tb5Se2Cl3O10,
mp-565623,NaLaMgWO6,
mp-565634,NaV(GeO3)2,
mp-541519,Ca2FeWO6,
mp-12569,PrB4,
mp-541570,SrZrSe3,
mp-541609,Y2Ge5Ir3,
mp-560311,Na3FeF6,
mp-570553,FeP4,140.5884475
mp-570556,Sr(InAu)2,
mp-541644,CaMn7O12,
mp-570560,Na3Hg2,
mp-505663,CsTi2Cl7,
mp-505693,Mg2GeB2Rh5,
mp-570590,CdBiSe2Br,
mp-541817,NbSeI3,
mp-974,Tm2S3,
mp-565720,BaTbMn2O6,
mp-560354,SbCl(OF3)2,
mp-541894,Pr2Co3Ge5,
mvc-11574,CaSi2NiO6,
mp-556003,CaTiO3,
mp-541950,GaN5O14,
mp-23963,HIO3,
mp-560380,Ba4Ho(RuO4)3,
mp-542020,Sc3B2Rh5,
mp-542021,Sc2CrB2Rh5,
mp-542022,Sc2MnB2Rh5,
mp-542024,Sc2GaB2Rh5,
mp-505780,Ge7Ir3,143.3707965
mp-565784,VOF3,7
mp-542245,Yb2PbAu2,
mp-565816,Ba4NdMn3O12,
mp-542445,K2PaF7,
mp-510032,Ge3Os2,
mp-510040,Zr2Ni2Sn,
mp-565856,La2MnVO6,
mp-510041,Hf2Ni2Sn,
mp-556084,KClO3,16.11505098
mp-566829,VCdO3,
mp-510708,LiFe(SiO3)2,
mp-566298,Sr2UFeO6,
mp-566330,Sr2MnMoO6,122.116397
mp-566869,KNa3WO5,
mp-566337,VAgO3,
mp-566908,Sr2UMnO6,
mp-37207,Li5GaO4,
mp-566457,Sr2UNiO6,
mp-566981,Li4WO5,
mp-566983,NaLaMgWO6,
mp-556105,ZnS,
mp-571011,CsI4,5.052181155
mp-566602,LaMnO3,
mp-570763,VCl4,
mp-556834,RuCl(OF3)2,
mvc-11569,Ca2MnSbO6,
mp-570777,SrSi,
mp-561187,NdGa3(BO3)4,
mp-556845,CIF3,
mp-556146,SnCSNF,
mp-566725,TmMnO3,
mp-510278,GdTiO3,
mp-561200,Na3MnF6,
mp-556517,K2PbO2,
mp-510283,CsGaSe3,
mp-1073083,Mg2Si3,
mp-571094,Th7Ir3,
mp-556530,LaSc3(BO3)4,
mp-565904,TiMnO3,
mp-764388,Li8Co3NiO8,
mp-510350,SbN9,
mp-560502,Ba2CuTeO6,
mp-565978,WCl3O,
mp-556231,In2GaBiS6,
mp-560885,CaSiO3,
mp-556235,CaCO3,75.24708531
mp-556583,CsSb2F7,
mp-510439,In2Pt3,
mp-556239,Cs5Nb2S4Br9,
mp-566001,CrHg(PbO3)2,
mp-556592,TlBi(PS3)2,
mp-5504,BaCO3,50.42916569
mp-560904,CdHg2SO6,
mp-18815,KVO3,
mp-510490,GdScS3,
mp-556609,KSb(PS3)2,10.94029466
mp-560923,AgPb4ClO4,
mp-570948,LiCaGaN2,
mp-560929,Na3CrF6,
mp-769881,Li3CrF6,
mp-556633,Na3VF6,
mp-510537,Ca2NiOsO6,
mp-570957,CsSiTe3,
mp-566058,CrBiO3,
mp-566068,NaTbMnWO6,
mp-571275,Cs2UHg2Se5,
mp-560607,Sb2O3,
mvc-12115,CaMn4(CuO4)3,
mp-571305,RbCuCl3,
mp-542920,LaFeO3,157.8886723
mp-18769,CeVO3,
mp-543105,LiMn2NiO6,
mp-18795,Mn3TeO6,
mp-18794,Sm2TiMnO6,
mp-19598,GdCrO3,
mp-7012,KRb2YF6,
mp-18853,TlV2AgO6,
mp-865031,Mg2ZnB2Ir5,
mp-865047,Mg2AlB2Ir5,
mp-556340,CaTaNO2,
mvc-14992,YVO3,
mp-18899,Nd2MnNiO6,
mp-556369,CdHg2SeO6,
mp-556375,Ba2LaSbO6,
mp-18936,NdFe3(BO3)4,
mp-18961,ScCrO3,
mp-1024052,Na2ZnSe2,
mp-1024067,Na2ZnS2,30
mp-18974,HoNiO3,
mp-10328,LaCrS3,
mp-18983,ErNiO3,
mp-1040443,KBaBiTeO6,
mp-3378,SrHfO3,156.7335776
mp-18999,NaMn7O12,
mp-565601,NaFe(SiO3)2,
mp-19011,Ba2NiTeO6,
mp-19014,Sr2CdWO6,
mp-556421,NdVO3,
mp-19015,VCrMoO7,
mp-556422,NbCl3O,
mp-19024,HoVO3,
mp-19031,RbVO3,
mp-19043,LiV(SiO3)2,
mp-24848,DyCoO3,154.8355096
mp-24849,PrCoO3,
mp-3956,Sr3UO6,
mp-556434,AgBi(PS3)2,
mp-401,Sc2S3,55.9032229
mp-19063,ErCrO3,
mp-24873,CoSeO3,
mp-24875,HoCoO3,
mp-24877,SmCoO3,
mvc-13143,YCoO3,
mp-19083,NaVO3,
mp-24881,TbCoO3,
mp-24882,NdCoO3,
mp-24885,CoGeO3,
mp-24886,Sr2UCoO6,
mp-24902,CrBiO3,
mp-4434,TbAlO3,
mvc-11968,CaCrO3,
mp-19113,CoTeO3,
mp-24910,NaCr(GeO3)2,
mvc-11621,Ca2NiWO6,
mvc-776,CaFeO3,
mp-24919,Cr4AgBiO14,
mp-19116,Sr2CaMoO6,
mp-19117,Li4MoO5,
mp-865967,Ce5Al2Ru3,
mp-11912,NaNd2IrO6,
mp-4571,CaZrO3,148
mvc-11639,CaTi4(FeO4)3,
mp-24951,YbFeO3,155.0973037
mp-24952,TbFeO3,174.9880775
mp-4853,CaSiO3,
mp-24953,DyFeO3,176
mp-24956,ErFeO3,177.5029853
mp-24960,HoFeO3,177.0129817
mp-998430,CsInI3,
mp-627119,VHO3,
mp-768065,VCrO3,
mp-655001,Li3BH6,
mp-771275,Li4V(TeO4)3,
mp-774238,Li4Nb(FeO4)3,
mp-771109,Li5Mn2Fe3O10,
mp-696853,CaZnSiH2O5,
mp-625857,Zn(HO)2,
mp-626528,NbHO3,
mp-778316,Li4VTe(WO6)2,
mp-626536,NbHO3,
mp-762988,LiMnF3,
mp-625768,MoH4O5,
mp-625751,MoH4O5,
mp-625735,MoH4O5,
mp-697853,Ba3WO6,
mp-696347,NaH3SO5,
mp-696298,BH2CO,
mp-767998,Mn9CdO10,
mp-849457,Li3Ni(SbO3)4,
mp-687094,Cs2NaVF6,
mp-767990,LiV(CO3)2,
mp-778450,LaSmO3,
mp-774133,LiV2FeO6,
mp-765076,LiMnOF2,
mp-697540,K3GeH2NO3,
mp-767983,LiV(CO3)2,
mp-757150,Li5BiS4,
mp-743873,SrLaMnSbO6,
mp-655586,NaClO3,
mp-774085,Li5Nb2V3O10,
mp-1020608,SiP2O7,
mp-1020596,NaGa(GeO3)2,
mp-1020193,KNO3,
mp-1020031,LiCaAlN2,
mp-20330,Mn3SiIr,
mp-768021,Li4Fe2TeWO12,
mp-1006352,Er2Co3Ge5,
mp-625711,MoH4O5,
mp-1005831,Tb2Co3Ge5,
mp-778560,Li2VPHO5,
mvc-8321,MgCr4(CuO4)3,
mp-1029448,Li5OsN4,69.59329271
mp-757192,SnP2O7,
mp-24961,LuFeO3,179.332332
mp-24966,LaFe3(BO3)4,
mp-19158,Mn3WO6,
mvc-10897,Ca2CoWO6,
mvc-13212,YMn4(CuO4)3,
mp-504820,VCl3O,
mp-24980,TmFeO3,
mp-24979,LiFe(GeO3)2,
mp-24342,LiBeH3,
mp-24989,SmFeO3,170.3303905
mp-761519,Li4VFe(WO6)2,
mp-24990,NdFeO3,165.897182
mp-24991,NaFe(GeO3)2,
mp-13019,NaLa2TaO6,
mp-19176,La2NiRuO6,
mp-24995,PrFeO3,162.8490481
mvc-11991,YFeO3,
mp-19180,VFeMoO7,
mp-25002,TiFeO3,
mp-13229,K3GdF6,
mp-19192,Y2MnNiO6,
mp-13283,Sm(ErS2)3,
mp-25017,NaNdMnWO6,
mvc-11562,CaMnO3,
mp-25019,DyMnO3,
mp-5052,TiCdO3,
mp-25020,MnNi(BiO3)2,
mp-19205,ErVO3,
mvc-10856,YMnO3,
mp-19208,La2MnCoO6,
mp-25026,SmMnO3,
mp-25027,NaLaMnWO6,
mp-13588,CsB(CN)4,
mp-25029,LuMnO3,
mp-25030,TbMnO3,154.3603508
mp-25031,HoMnO3,
mp-25034,MnSeO3,
mp-25036,YbMnO3,164.4412108
mp-25037,PrMnO3,
mp-510581,PrNiSnH2,
mp-510582,NdNiSnH2,
mp-25048,KMnPH2O5,
mp-19234,Ba2WO3F4,
mp-25062,MoCl3O,2.764392797
mp-19249,YbNiO3,
mp-560645,Ca2NbInO6,
mp-19265,DyNiO3,
mp-19266,Sr2FeWO6,
mp-19281,LaCrO3,165.1245107
mp-510615,NaFe(SiO3)2,
mp-25095,NiSeO3,
mp-25104,La2NiIrO6,
mp-555332,BaCu(SiO3)2,
mp-19315,Sr2MnWO6,
mp-25144,DyVO3,
mp-14552,Ba2SrUO6,
mp-19319,ErMnO3,
mp-25150,CaVO3,159.6531655
mp-25153,TlVO3,
mp-19324,Ca2MgWO6,
mp-19334,Na4WO5,
mp-19349,NaMn(SiO3)2,
mp-19350,LaVO3,
mp-25183,Ca2PdWO6,
mp-19354,PrMn7O12,
mp-15888,Ba2YIrO6,
mp-19367,NaCr(SiO3)2,
mp-19373,LiVO3,
mp-19377,LiLa2MoO6,
mp-19381,DyCrO3,
mp-561034,Ag9Ge2IO8,
mp-19432,KNaV2O6,
mp-25588,SmNiO3,
mp-25590,PrNiO3,
mp-25591,NdNiO3,
mp-1826,Ta3S2,
mvc-10868,YCrO3,
mp-18727,LiCr(SiO3)2,
mp-561072,Sr2DySbO6,
mp-25631,VP2O7,
mp-18744,Sr2ErMoO6,
mp-25667,EuMnO3,
mp-561096,Yb2PrDyS6,
mp-561102,InBiO3,
mvc-11143,CaCo(SiO3)2,
mp-565897,KNaMnO2,
mp-862656,ErAl3,
mp-541919,GdNiO3,
mp-542023,Sc2FeB2Rh5,
mp-541994,MnNb3O6,
mp-566157,BaFeCuF7,
mp-542167,TlFeO3,
mp-542155,TlNiO3,
mp-566164,NaLiV2O6,
mp-542309,Fe2O3,
mp-566188,Ba4CeMn3O12,
mp-566190,BaTbMn2O6,
mp-510602,FeSiO3,
mp-566232,Na3LiWO5,
mp-5788,NaUO3,83.94788339
mp-644442,SnH2N2O3F2,
mp-6524,CaMg3(CO3)4,
mp-6462,VAg(PS3)2,
mvc-10008,CaLaTaCrO6,
mvc-10031,CaLaCrCuO6,
mvc-10123,HoZn(MoO3)2,
mp-762236,Al3CrO6,
mvc-6996,MgTe2O7,
mvc-7083,ZnTe2O7,
mvc-7062,CaTe2O7,
mp-19201,CaMnO3,146.7401311
mvc-7373,MgW2O7,
mvc-7372,MgMo2O7,
mvc-7381,ZnW2O7,
mvc-7394,CaW2O7,
mvc-7390,CaMo2O7,
mvc-7386,ZnMo2O7,
mvc-7838,MgTi4(CuO4)3,
mvc-7848,Ti4Zn(CuO4)3,
mvc-7852,MgCu3(SnO3)4,
mvc-7867,ZnCu3(SnO3)4,
mvc-7881,MgCu3(SbO3)4,
mvc-7896,ZnCu3(SbO3)4,
mvc-7915,CaCu3(SbO3)4,
mvc-7954,CaCu3(BiO3)4,
mvc-7956,MgCu3(BiO3)4,
mvc-7955,ZnCu3(BiO3)4,
mvc-8070,MgTi(GeO3)2,
mvc-8118,TiZn(GeO3)2,
mvc-8050,MgCu(GeO3)2,
mvc-8160,CaTi(GeO3)2,
mvc-8151,MgSn(GeO3)2,
mvc-8085,ZnCu(GeO3)2,
mvc-8132,CaSn(GeO3)2,
mvc-8156,ZnSn(GeO3)2,
mvc-8311,MgFe4(CuO4)3,
mvc-8313,ZnCr4(CuO4)3,
mvc-8312,Mn4Zn(CuO4)3,
mvc-8314,CaCo4(CuO4)3,
mvc-8317,ZnCu3(MoO3)4,
mvc-8320,MgCo4(CuO4)3,
mvc-8322,MgMn4(CuO4)3,
mvc-8336,MgCu3(MoO3)4,
mvc-8324,ZnCo4(CuO4)3,
mvc-8328,ZnFe4(CuO4)3,
mvc-8323,CaFe4(CuO4)3,
mvc-8326,ZnCu3(NiO3)4,
mvc-8332,CaCu3(NiO3)4,
mvc-8347,MgNi(GeO3)2,
mvc-8346,CaNi(GeO3)2,
mvc-8348,ZnNi(GeO3)2,
mvc-8325,MgV4(CuO4)3,
mvc-8349,MgCo(GeO3)2,
mvc-8341,MgCu3(NiO3)4,
mvc-8352,ZnCo(GeO3)2,
mvc-8355,CaCo(GeO3)2,
mvc-8331,V4Zn(CuO4)3,
mvc-8357,CaCr4(CuO4)3,
mvc-8351,MgV(GeO3)2,
mvc-8354,VZn(GeO3)2,
mvc-8385,CaCu3(MoO3)4,
mvc-8404,CaGe2WO6,
mvc-8387,MgCu3(WO3)4,
mvc-8429,ZnGe2WO6,
mvc-8418,MgGe2WO6,
mvc-8372,ZnCu3(WO3)4,
mvc-8394,CaCu3(WO3)4,
mvc-8397,ZnCr(GeO3)2,
mvc-847,Cr2O3,
mvc-844,Mn2O3,
mvc-8419,CaV(GeO3)2,
mvc-846,V2O3,
mvc-8423,CaCr(GeO3)2,
mvc-852,Co2O3,
mvc-8585,MnZn(GeO3)2,
mvc-8582,MgMn(GeO3)2,
mvc-8589,CaMn(GeO3)2,
mvc-8631,MgFe(GeO3)2,
mvc-8643,CaFe(GeO3)2,
mvc-8670,ZnFe(GeO3)2,
mvc-8879,LaMgTiFeO6,
mvc-8937,CaLaTiFeO6,
mvc-8914,LaMgVFeO6,
mvc-8951,LaMnZnFeO6,
mvc-8912,LaMg(FeO3)2,
mvc-8959,CaLaFeSbO6,131.8804209
mvc-8970,LaTiZnFeO6,
mvc-8971,LaMgCrFeO6,
mvc-894,Ni2O3,
mvc-8936,LaMgFeCuO6,
mvc-8960,CaLa(FeO3)2,
mvc-8944,LaMgFeNiO6,
mvc-8947,CaLaFeNiO6,
mvc-8967,CaLaFeBiO6,
mvc-8963,CaLaFeCoO6,
mvc-8975,CaLaCrFeO6,
mvc-8962,CaLaFeCuO6,
mvc-8991,CaLaFeSnO6,
mvc-8979,LaZn(FeO3)2,
mvc-9005,CaLaTaFeO6,
mvc-9008,LaMgFeCoO6,
mvc-9002,LaMgFeWO6,
mvc-9012,LaMgFeSbO6,
mvc-9018,LaMgTaFeO6,
mvc-9021,LaMgMnFeO6,
mvc-8987,LaMgFeAgO6,
mvc-8977,CaLaFeAgO6,
mvc-8988,CaLaVFeO6,
mvc-9015,CaLaFeMoO6,
mvc-9019,LaMgFeMoO6,
mvc-9039,LaZnFeSnO6,
mvc-9031,LaZnFeSbO6,
mvc-9030,LaZnCrFeO6,
mvc-9036,LaVZnFeO6,
mvc-9032,CaLaFeWO6,
mvc-9052,LaZnFeWO6,
mvc-9063,LaZnFeMoO6,
mvc-9086,PrMgTi2O6,
mvc-9016,LaZnFeNiO6,
mvc-9087,LaTaZnFeO6,
mvc-9037,LaZnFeCuO6,
mvc-9044,LaZnFeBiO6,
mvc-9082,LaMgFeSnO6,
mvc-9045,LaZnFeAgO6,
mvc-9234,PrMg(AgO3)2,
mvc-9241,CaPrTi2O6,
mvc-9250,PrMg(CuO3)2,
mvc-9286,CaPr(BiO3)2,
mvc-9268,CaPr(AgO3)2,
mvc-9276,CaPr(CuO3)2,
mvc-934,W2O3,
mvc-9297,PrMg(SnO3)2,
mvc-9313,PrZn(AgO3)2,
mvc-9314,PrTi2ZnO6,
mvc-9356,PrZn(BiO3)2,
mvc-9330,PrZn(CuO3)2,
mvc-9385,PrMgCr2O6,
mvc-9392,PrMg(MoO3)2,
mvc-9384,PrMgV2O6,
mvc-9383,PrMg(FeO3)2,
mvc-9378,PrMgMn2O6,
mvc-9403,PrMg(CoO3)2,
mvc-9616,CaPrCr2O6,
mvc-9654,PrMg(WO3)2,
mvc-9618,CaPrV2O6,
mvc-9656,CaPr(MoO3)2,
mvc-9638,CaPr(CoO3)2,
mvc-9646,CaPr(NiO3)2,
mvc-9657,PrZnCr2O6,
mvc-9662,PrV2ZnO6,
mvc-9663,CaPr(WO3)2,
mvc-9651,PrMg(NiO3)2,
mvc-9671,PrZn(MoO3)2,
mvc-9650,CaPr(FeO3)2,
mvc-9680,PrZn(WO3)2,
mvc-9660,PrMn2ZnO6,
mvc-9661,PrZn(FeO3)2,
mvc-9664,PrZn(CoO3)2,
mvc-9670,PrZn(NiO3)2,
mvc-9835,LaMgTiCrO6,
mvc-9838,LaMgVCrO6,
mvc-9854,LaMgMnCrO6,
mvc-9858,LaMgCr2O6,
mvc-9843,HoMgTi2O6,
mvc-9857,LaMgCrWO6,
mvc-9860,LaVZnCrO6,
mvc-10197,HoMgCr2O6,
mvc-10195,HoMgMn2O6,
mvc-10202,HoMg(FeO3)2,
mvc-10230,HoZn(CoO3)2,
mvc-10205,HoMg(MoO3)2,
mvc-10206,HoMgV2O6,
mvc-10217,HoMg(NiO3)2,
mvc-10215,HoMn2ZnO6,
mvc-10231,HoV2ZnO6,
mvc-10238,HoMg(WO3)2,
mvc-10209,HoMg(CoO3)2,
mvc-10225,HoZnCr2O6,
mvc-10247,HoZn(NiO3)2,
mvc-10267,HoZn(FeO3)2,
mvc-16303,CaCu3(SnO3)4,
mvc-16384,CaCu3(GeO3)4,
mp-6297,CaCu(GeO3)2,
mvc-16445,Ca2BiAsO6,
mvc-16459,Ca2VBiO6,
mvc-16423,ZnNi9O10,
mvc-16468,CaLaTiCrO6,
mvc-16516,Mg2BiPO6,
mvc-16542,NaCaFe2(SiO3)4,
mvc-16531,Ca2CoTeO6,
mvc-16546,Ca2NiWO6,
mvc-16544,Ca2FeSbO6,
mvc-16539,CaLaMnFeO6,
mvc-16547,Ca2FeMoO6,
mvc-16572,CaMoO3,
mvc-16543,Ca2TaMnO6,
mvc-16554,CaLaTiMnO6,
mvc-1824,YCu3(AgO3)4,
mvc-1811,YTi4(CuO4)3,
mvc-1853,YCu3(SbO3)4,
mvc-1832,YCu7O12,
mvc-1855,AlCu3(AgO3)4,
mvc-1823,Ti4Al(CuO4)3,
mvc-1846,AlCu7O12,
mvc-1912,YCu3(BiO3)4,
mvc-1890,AlCu3(SbO3)4,
mvc-1888,AlCu3(SnO3)4,
mvc-1922,AlCu3(BiO3)4,
mvc-1875,YCu3(SnO3)4,
mvc-2108,AlCr4(CuO4)3,
mvc-2124,AlCo4(CuO4)3,
mvc-2125,AlFe4(CuO4)3,180.1538085
mvc-2132,Mn4Al(CuO4)3,139
mvc-2192,YFe4(CuO4)3,
mvc-2183,YCr4(CuO4)3,
mvc-2170,YCo4(CuO4)3,
mvc-2181,AlV4(CuO4)3,
mvc-2177,YV4(CuO4)3,
mvc-2235,YCu3(MoO3)4,
mvc-2250,YCu3(NiO3)4,
mvc-2261,AlCu3(MoO3)4,
mvc-2226,AlCu3(NiO3)4,
mvc-2286,YCu3(WO3)4,
mvc-2273,AlCu3(WO3)4,
mvc-293,BaMn2TlO6,
mp-777475,Li3FeF6,
mvc-392,Bi2O3,
mvc-379,Ti2O3,
mvc-4004,AlWO3,
mvc-400,Sb2O3,
mvc-353,BaTl(CoO3)2,
mvc-3402,BaTlV2O6,
mvc-427,Sn2O3,
mvc-396,Cu2O3,
mvc-4967,MgSi2SnO6,
mvc-5007,ZnSi2SnO6,
mvc-438,BaTl(WO3)2,
mvc-370,BaTl(NiO3)2,
mvc-5820,Ca2CoIrO6,
mvc-5825,VZn2IrO6,
mvc-5807,Zn2CrIrO6,
mvc-5821,MnZn2IrO6,
mvc-5855,Ca2NiIrO6,
mvc-5861,Zn2NiIrO6,
mvc-5951,MoP2O7,
mvc-10297,CaHoCr2O6,
mvc-10306,CaHo(CoO3)2,
mvc-10314,CaHo(FeO3)2,
mvc-10339,CaHo(WO3)2,
mvc-10337,CaHoV2O6,
mvc-10340,CaHo(MoO3)2,
mvc-10338,CaHo(NiO3)2,
mvc-9837,LaMgCrCoO6,
mvc-10399,HoZn(WO3)2,
mvc-10727,BaTl(SbO3)2,
mvc-9949,CaHo(BiO3)2,
mvc-10756,BaTl(BiO3)2,
mvc-10741,BaTl(SnO3)2,
mvc-10813,BaTi2TlO6,
mvc-9971,CaLaCr2O6,
mvc-9973,CaLaCrSbO6,
mvc-9957,HoZn(SnO3)2,
mvc-9975,CaLaVCrO6,
mvc-9974,CaLaCrMoO6,
mvc-9984,CaLaCrNiO6,
mvc-9998,CaLaCrWO6,
mvc-9999,CaLaCrSnO6,
mvc-9978,CaLaCrBiO6,
mvc-9966,CaLaCrCoO6,
mp-644443,CaP(HO3)2,
mvc-388,Ag2O3,
mvc-9863,LaTiZnCrO6,
mvc-9868,LaZnCrSnO6,
mvc-9871,LaMgCrNiO6,
mvc-9867,LaMgCrMoO6,
mvc-9878,LaZnCr2O6,
mvc-9879,HoMg(SbO3)2,
mvc-9877,LaMnZnCrO6,
mvc-9859,LaMgCrSbO6,
mvc-9887,LaTaZnCrO6,
mvc-9889,LaZnCrMoO6,
mvc-9890,LaZnCrWO6,
mvc-9907,LaMgCrCuO6,
mvc-9861,LaMgCrBiO6,
mvc-9892,LaMgTaCrO6,
mvc-9946,CaHo(SnO3)2,
mvc-9910,CaLaMnCrO6,
mvc-9927,CaHoTi2O6,
mvc-9926,LaZnCrCuO6,
mvc-9875,LaZnCrSbO6,
mvc-9925,LaMgCrSnO6,
mvc-9872,LaMgCrAgO6,
mvc-9931,HoZn(BiO3)2,
mvc-9914,HoMg(SnO3)2,
mvc-9918,LaZnCrBiO6,
mvc-9866,LaZnCrCoO6,
mvc-9895,HoTi2ZnO6,
mvc-9942,HoZn(SbO3)2,
mp-861512,PrCrSe3,
mp-861986,Pr5Al2Ru3,
mp-864686,Nd2ReC2,
mp-864797,NdCrSe3,
mp-865511,VCl4,
mp-865105,Dy2Co3Ge5,
mp-866471,CaSnS3,
mp-866028,Dy2Ge5Rh3,
mp-866844,CaSnS3,
mp-867362,K2SrIn7,
mp-1072988,Mg2Si3,
mp-1072992,Mg2Si3,
mp-1073016,Mg2Si3,
mp-1072984,Mg2Si3,
mp-1072989,Mg2Si3,
mp-1073012,Mg2Si3,
mp-1073021,Mg2Si3,
mp-1073033,Mg2Si3,
mp-1073015,Mg2Si3,
mp-1073003,Mg2Si3,
mp-1073059,Mg2Si3,
mp-1073061,Mg2Si3,
mp-1073116,Mg2Si3,
mp-1073013,Mg2Si3,
mp-1073075,Mg2Si3,
mp-1072993,Mg2Si3,
mp-1073089,Mg2Si3,
mp-1073122,Mg2Si3,
mp-1073134,Mg2Si3,
mp-1073121,Mg2Si3,
mp-1073130,Mg2Si3,
mp-1073146,Mg2Si3,
mp-1073157,Mg2Si3,
mp-1073166,Mg2Si3,
mp-1073070,Mg2Si3,
mp-1073100,Mg2Si3,
mp-1073164,Mg2Si3,
mp-1073154,Mg2Si3,
mp-1072996,Mg2Si3,
mp-1073181,Mg2Si3,
mp-1073199,Mg2Si3,
mp-1073045,Mg2Si3,
mp-1073065,Mg2Si3,
mp-1073210,Mg2Si3,
mp-1073224,Mg2Si3,
mp-1073176,Mg2Si3,
mp-1073208,Mg2Si3,
mp-1073227,Mg2Si3,
mp-1073236,Mg2Si3,
mp-1073201,Mg2Si3,
mp-1073114,Mg2Si3,
mp-1073035,Mg2Si3,
mp-1073232,Mg2Si3,
mp-1073041,Mg2Si3,
mp-1073037,Mg2Si3,
mp-1073308,Mg2Si3,
mp-1073438,Mg2Si3,
mp-645116,Sm2MnNiO6,
mp-558778,Nb3CoS6,
mp-1075771,Mg3Si2,
mp-1075786,Mg3Si2,
mp-1075796,Mg3Si2,
mp-1075793,Mg3Si2,
mp-1075810,Mg3Si2,
mp-1075792,Mg3Si2,
mp-1075790,Mg3Si2,
mp-756142,La2Th5O13,
mp-554737,CsAu2F7,
mp-1029915,Ca2SnN2,
mp-757111,SbOF3,
mp-1029776,Li2GeN2,85.28838484
mp-1019587,CaAl2SiO6,
mp-1019586,CaAl2SiO6,
mp-1020122,MgS2O7,
mp-1006324,Ce(YS2)3,
mp-1029574,Na5OsN4,39.99348657
mp-776265,Li5V3(FeO5)2,
mp-690556,CaLaMnRuO6,
mp-690567,BaLaMnRuO6,
mp-773251,Li5Co2Ni3O10,
mp-655547,Pb2O3,
mp-776707,VOF3,
mp-16097,CeSc3(BO3)4,
mp-13470,Zr3Al2,
mp-16137,K4CaU3O12,
mp-2473,Re3As7,
mp-13516,TmAl3(BO3)4,
mp-13514,NdBO3,
mp-11623,LaInO3,
mp-10093,Sr2YbNbO6,
mp-571495,LuB4,
mp-11649,Ca3SiO,58
mp-13591,RbB(CN)4,
mp-13592,TlB(CN)4,
mp-2309,Tm2S3,
mp-13654,Y3Sb4Au3,
mp-13685,Cr2S3,
mp-16296,Sc2C3,
mp-11709,Sm(BO2)3,
mp-11711,Gd(BO2)3,
mp-16293,KSbO3,112.4958171
mp-10199,Mn(NbS2)3,
mp-16335,Ti3FeS6,
mp-2160,Sb2Se3,14.67940612
mp-13840,Ho3ScO6,
mp-1184,La2C3,
mp-13863,BaGeO3,
mp-16380,Nd2Te3,
mp-16415,LaPdO3,
mp-10301,Sr2ScIrO6,
mp-11892,NaNd2RuO6,
mp-13923,SnPS3,
mp-10320,La2MgRhO6,
mp-10321,La2ZnRhO6,
mp-10318,Tb2Co3Si5,
mp-11903,LiEu2IrO6,
mp-11904,LiSm2IrO6,
mp-11913,NaPr2IrO6,
mp-11905,LiNd2IrO6,
mp-11906,LiPr2IrO6,
mp-11914,NaLa2IrO6,
mp-10339,SrNbO3,
mp-16478,Tb2Si5Ru3,
mp-10344,Ba2PrNbO6,
mp-10348,LaSc3(BO3)4,
mp-10349,Na2SnTeO6,
mp-11982,Sr2CaTeO6,
mp-13994,Ti3NiS6,
mp-16508,Lu3Al2,
mp-11992,LiLa2IrO6,
mp-1403,Sm2S3,76.79566391
mp-12027,TaTlSe3,
mp-10429,LaYO3,
mp-16605,Sr2TmTaO6,
mp-16609,Si3Os2,
mp-2332,Ho2C3,
mp-14207,Ba(ZnSb)2,
mp-2184,As2O3,
mp-14243,Cd3TeO6,
mp-14245,Dy2Si5Rh3,
mp-14252,Ca3UO6,
mp-16723,Y3Al2,58.45904525
mp-868654,Li2MnV4NiO12,
mp-10552,RbBSe3,
mp-12262,CsBeF3,
mp-16737,Na2BeB2O5,
mp-12271,MgSeO3,
mp-12315,DyBO3,
mp-12323,NaSm2IrO6,
mp-12326,CaZn(GeO3)2,
mp-12334,KTl(CN)4,
mp-12337,NaLa2OsO6,
mp-12355,Sr2YTaO6,
mp-2571,Rb2O3,
mp-14430,Sr2YRuO6,
mp-12383,Sc2Te3,
mp-12384,NaEr(PS3)2,
mp-14474,Ta2PtSe7,
mp-554542,Mg3B(OF)3,
mp-12448,LiSm2OsO6,
mp-12449,LiPr2OsO6,
mp-12450,LiNd2OsO6,
mp-12451,LiLa2OsO6,
mp-14550,TiCdO3,
mp-14551,Sr2CaUO6,
mp-14587,ZnP4,61.37130873
mp-14638,Rb2LiGaF6,
mp-14643,Er2Te3,
mp-10795,TaTlS3,
mp-1695,Y2C3,119.6217698
mp-10798,HgSeO3,
mp-10838,NaYb(PS3)2,
mp-2625,U2C3,
mp-1270,Dy2S3,
mp-1490,AlAu4,126.6549578
mp-10925,Pr2Se2O,
mp-15002,Sr2CaIrO6,
mp-15079,Cs4KLiGa2F12,
mp-15204,Tb2Si5Ni3,
mp-11007,CaPSe3,
mp-11006,BaPS3,
mp-11008,BaPSe3,
mp-15081,Sm2Se3,
mp-1509,Sn2S3,16.9202499
mp-557273,SrRuO3,
mp-1107,Th7Rh3,
mp-1716,Rh2O3,232.7128378
mp-645657,Sr2UNiO6,
mp-12878,Sr2YSbO6,
mp-12879,Tb2Si5Rh3,
mp-15179,Pr2S3,72.72686842
mp-15205,Dy2Si5Ni3,
mp-15206,Ho2Si5Ni3,
mp-11110,YbAl3(BO3)4,
mp-1521,Sb7Mo3,107.8180023
mp-11112,Tb(BO2)3,
mp-15236,CrSbSe3,31.67507764
mp-15248,K3Nb3(BO6)2,
mp-15257,Tb2Se3,
mp-11183,Pr(BO2)3,
mp-209,Er2Se3,
mp-15319,Lu2C3,
mp-11206,LiTi(SiO3)2,
mp-13003,CdGeO3,
mp-15359,GdAl3(BO3)4,
mp-1938,Al2O3,230.8593106
mp-15391,Na4TeO5,
mp-2095,Rb2Te3,
mp-2238,Dy2C3,
mp-1952,Ba7Al13,
mp-15549,K2LiAlF6,
mp-675432,Na3InCl6,
mp-13230,K3YF6,
mp-13282,Sm(ErSe2)3,
mp-13292,TbYb2PrS6,
mp-2729,Sn7Os3,
mp-13374,LaTmO3,
mp-13383,ScAg(PSe3)2,
mp-13384,ErAg(PSe3)2,
mp-13385,TmAg(PSe3)2,
mp-1581,As2O3,9.785550804
mp-1582,As2O3,
mp-15826,Lu2Co3Si5,
mp-15887,Sr2YIrO6,
mp-15898,Dy2Co3Si5,
mp-15931,NdCrS3,
mp-15932,SmCrS3,
mp-15958,Nb3VS6,
mp-1999,Sb2O3,
mp-2750,Cr2Te3,41.46398142
mp-1800,Nd2C3,
mp-40066,CaLaMnFeO6,
mp-3283,RbNbO3,39.44254673
mp-4192,Ca3AsN,59.66103488
mp-27941,AgClO3,
mp-22613,Nb3FeS6,
mp-20902,InAg(PSe3)2,
mvc-11623,Ca2MnWO6,
mp-19136,TbFe3(BO3)4,
mp-27994,HgBrO3,
mp-20937,Cr3C2,319.8210813
mp-24375,TlH4NCl4,
mp-20940,TiCdO3,147.8627753
mp-3317,SmRhO3,
mp-20947,CaRuO3,
mp-20953,CeScS3,
mp-19207,Sr2CoWO6,
mp-4252,SnPS3,16.28067232
mp-29483,MgInBr3,
mp-24411,K2LiAlH6,
mp-29488,Na2ZnO2,
mp-20973,Ce2S3,
mp-632812,KH4F5,
mp-20977,CuTeO3,
mp-30809,Th7Ni3,
mp-19269,NdCrO3,
mp-22661,InAg(PS3)2,
mp-28038,NbTeBr3,
mp-22666,NdCu3(RuO3)4,
mp-19287,NaV(SiO3)2,
mp-30814,Zr9Ni11,
mp-29526,BrNO3,
mp-19327,LuNiO3,
mp-19336,Nd2MnCoO6,
mp-22708,Th3Co3Sb4,
mp-2955,NaMgF3,69.62190018
mp-4355,YTiO3,
mp-4356,CaSiO3,
mp-22726,Sr2LuIrO6,
mp-19440,LiVO3,
mp-438,Nd2S3,74
mvc-11567,CaMn(SiO3)2,
mp-28109,SbAsO3,
mp-4387,SrZrO3,
mp-24595,Ca2B5H2ClO10,
mp-29579,Sc7NCl12,
mp-4426,Li4SeO5,
mp-4438,CaSnO3,143.2923839
mp-21103,UPdSe3,
mp-16796,Sr2GdRuO6,
mp-21106,LaYbS3,
mp-24705,SrCaB5H2ClO10,
mp-28159,As(BrF2)3,
mp-2847,ErB4,
mp-4471,ScAlO3,206.1050099
mp-4473,Ba(CuSe)2,
mp-29622,Ba(MgSn)2,
mp-16852,Ga7Ni3,
mp-24805,LaNiSnH2,
mp-28194,BiClF8,
mp-4535,PrGaO3,
mp-24818,LiBeH3,
mp-29636,KMnBr3,
mp-28218,TlCdCl3,
mp-28219,TlCdBr3,
mp-30853,Tl2Pt3,
mp-4582,NdRhO3,
mp-29651,B4W,
mp-28224,Hg2AsCl2,
mp-21178,U2Co3Si5,
mp-21182,Sc3P2,
mp-770851,Li2TiNi2O5,
mp-22856,Bi2S3,21.94089658
mp-30859,Zr9Pt11,
mp-4626,CaCO3,68.66052757
mp-30864,Y2Sn5Rh3,
mp-4658,La(BO2)3,
mp-28289,SiH3F,
mp-29699,TiNb3O6,
mp-4673,SrHfO3,154.6362045
mp-4681,NaNbO3,86.05814837
mp-4682,ZnSeO3,
mp-25096,NiBiO3,
mp-4699,NaTaO3,129.5807525
mp-28318,HgTeO3,
mp-33444,Sr5(BiO4)3,
mp-28321,Sc7CI12,
mp-28327,LiGaBr3,
mp-4748,NaNbO3,122.7039037
mp-19829,YbCrSb3,
mp-22989,NaIO3,
mp-28360,Na3CrCl6,
mp-28358,NbAlCl8,
mp-28364,Rb2CdO2,36
mp-4789,PrRhO3,177.3971033
mp-29749,Ga3Ni5Ge2,
mp-17119,SrCu3(SnO3)4,
mp-4804,Li4TeO5,
mp-19861,LaCrSb3,
mp-33753,TaHO3,
mp-25522,FeGeO3,
mp-25526,FeP2O7,
mp-4819,MgGeO3,
mp-23049,KMnCl3,
mp-28391,SiCl4,1.017769083
mp-25577,MoP2O7,
mp-23055,RbCuCl3,
mp-19891,Pu2C3,
mp-28408,KTcCl3,
mp-19893,PbCO3,55.8282179
mp-17173,Rh2S3,
mp-30949,Sr3SiO,
mp-33932,NbHO3,
mp-30950,Sr3GeO,
mp-21365,InSbS3,
mp-17193,Ca3GeO,
mp-4891,HoAlO3,
mp-23093,Sr2NdBiO6,
mp-23100,Sr2LuBiO6,
mp-29816,Ag2HgO2,39.72641177
mp-23118,CsEr6CI12,
mp-4957,CaNbO3,
mp-23144,TlRe3(Se2Cl)2,
mp-1075818,Mg3Si2,
mp-978989,Tc7B3,
mp-504836,YMn4(CuO4)3,
mp-691138,YCoO3,
mp-622487,Cs2NaCrF6,
mp-17599,CaCu3(GeO3)4,
mp-510570,CaMn4(CuO4)3,
mp-1080198,Pb3N2,
mp-1080196,Pb3N2,
mp-1080195,Mo2N3,
mp-540363,VP2O7,
mp-6200,Ba2NdRuO6,
mp-22492,Mn3GeIr,
mp-18725,YCrO3,183.6640183
mp-5926,KCaF3,
mp-555098,SrSeO3,
mp-1094041,SrCa3Mn4O12,
mp-1094044,SrCa3Mn4O12,
mp-1094055,Sr3Ca(FeO3)4,
mp-1094117,NaCdCuSe2,
mp-1094237,ZrSn,
mp-1094357,MgTi,
mp-1094367,MgTi,
mp-540872,AgSbO3,
mp-1094544,ZrSn,
mp-39689,CaLaMn2O6,
mp-608103,Na3VF6,
mp-615902,CrOF3,
mp-565703,NaMn7O12,
mp-567134,PrMn7O12,
mvc-16291,TiZn(BiO3)2,83.27974015
mp-616258,NaMnF3,
mp-771104,Li5Fe3(SbO5)2,
mp-776527,Li2MnPHO5,
mp-770069,Li4CrFe(WO6)2,
mp-5158,KNO3,17.01899892
mp-5168,AlSiP3,
mp-771223,Li5Mn3(SnO5)2,
mp-21003,Y2ReC2,123.7316214
mp-23443,MnTlI3,
mp-567537,TaI4,
mp-567604,GeBr4,
mvc-7384,CaCr2O7,
mp-864979,Gd2ReC2,
mp-568293,Ca3N2,72
mp-1097023,KFeO3,
mp-24413,Na2LiAlH6,
mp-1097015,KSnI3,
mp-1096925,CsBaI3,
mp-1096837,FeGeS3,
mp-561683,Sr2LuIrO6,
mp-540267,CrP2O7,
mp-565559,BaMnO3,
mp-705449,CaNdTiMnO6,
mp-30768,Li7Sn3,30.53229897
mp-562679,FeSiO3,
mp-774434,CrP2O7,
mp-9309,CsTa(BO3)2,
mp-19220,CaSi2NiO6,
mp-601794,NdCrO3,
mp-565535,NdMnO3,
mp-608149,KMnF3,
mvc-11813,CaLaMn2O6,151
mvc-16368,CaCu(GeO3)2,
mp-561757,TlNiO3,
mp-19114,Ca2NiWO6,
mp-690547,SrLaTiMnO6,
mp-562392,GdScS3,
mp-18894,CaCo(SiO3)2,
mp-40866,CaLaTiMnO6,
mp-559892,LiFe(SiO3)2,
mp-641931,Nd2MnCoO6,
mp-705415,BaNdNiSbO6,
mp-556835,La2MnCoO6,
mp-24999,YFeO3,
mp-616681,NaCoF3,
mp-565690,MnBiO3,
mp-22994,LiIO3,
mp-24970,Ca2FeSbO6,
mp-561777,SmTiO3,
mp-19161,Ca2CoWO6,
mp-39159,CaLaTiCrO6,
mp-19446,CaMn(SiO3)2,
mp-18783,Ca2FeMoO6,
mp-562038,Sr2LuRuO6,
mp-565926,NaMn(SiO3)2,
mp-561838,LuCoO3,
mp-689989,FeP2O7,
mp-18890,CaFe(SiO3)2,
mp-562284,LaYbS3,
mp-636757,Na3CrF6,
mp-559049,NaTi(SiO3)2,
mp-561981,CoGeO3,
mp-561862,Sr2CoWO6,
mp-615979,GdVO3,
mp-565516,VP2O7,
mp-39440,Ca2MnIrO6,
mp-690485,DyMnO3,
mp-629046,LaMnO3,
mp-616619,Na3MnF6,
mp-690722,Pb2O3,
mp-771928,Li3Ti4MnO12,
mp-755312,Li5Nb2Cu3O10,
mp-7283,LaB4,
mp-3392,Ba(TlHg)2,
mp-764269,VOF3,
mp-31110,Sm3GaO6,
mp-998536,RbCaBr3,
mvc-9344,CaPr(SnO3)2,
mp-618999,Pr4NiI5,
mp-771088,Li4VCr(TeO6)2,
mp-767395,Li3CuSbO5,
mp-8993,Sm2S2O,
mp-3187,BaCeO3,
mp-1097014,KSnBr3,
mp-582681,CuAu,
mp-29393,UNb2O7,
mp-779314,Li2CrPHO5,
mp-775566,Li4Cr2TeWO12,
mvc-9332,PrZn(SnO3)2,
mp-764400,Li8FeCo3O8,
mvc-529,BaTl(MoO3)2,
mp-761819,Li4VFe(TeO6)2,
mp-567447,NaVO3,
mp-771987,Li3MnV4O12,
mp-571534,Sr(AsPt)2,
mp-777530,Li2MnPHO5,
mp-764088,Li6Co2OF11,
mp-8840,Na5InO4,
mp-773239,Li4MnV2WO12,
mp-561569,CsSb2F7,
mp-756553,Li5Cu3(SbO5)2,
mp-560170,Nd5Te2Cl3O10,
mp-765902,ZnNi4O5,
mp-756656,Gd3InO6,
mp-768044,Li4Mn2TeWO12,
mp-780922,Na5CrO4,
mvc-9870,HoMg(BiO3)2,
mp-755650,Gd3YO6,
mp-2136,Sb2O3,19.11386297
mp-769640,VCrO3,
mp-561000,Cs4KLiFe2F12,
mp-849507,LiCoOF2,
mp-20799,Er2ReC2,
mp-27442,RbCrI3,
mp-770849,VCrO3,
mp-770980,Li4TiMn(WO6)2,
mp-753640,BiRu2O7,
mp-626534,H3NO,
mp-773226,Li5Mn3Nb2O10,
mp-570292,La7Os4C9,
mp-752701,LiCuF3,
mp-31143,Er2SnAu2,
mp-505085,NaCuF3,
mp-644852,BaCa(CO3)2,
mp-615578,NdVO3,
mp-775632,Li4V2CrTeO12,
mp-16914,Y2Si5Ni3,
mp-9628,KCdF3,
mp-3594,Gd3GaO6,
mp-23348,KFeBr3,
mvc-7371,MgCr2O7,
mp-568864,RbCrCl3,
mvc-8398,MgCr(GeO3)2,
mp-27796,Li4H5Rh,
mp-23013,U(ClO)2,24.40511902
mp-567306,Li3Ga7,
mp-559051,BaBiO3,106.3529045
mp-540440,FeP2O7,
mp-19801,EuRhO3,
mp-568143,TmB4,
mp-568338,Sr2GeN2,
mp-19657,LaMnO3,106.8635637
mp-1073043,Mg2Si3,
mp-779706,AgGeO3,
mp-540399,CoP2O7,
mp-540494,CoP2O7,
mp-39888,NdTi3Fe(CuO4)3,
mp-569819,Th7Os3,
mp-554518,EuCO3,
mp-21455,EuAlO3,175.2000229
mp-17813,ZrAu4,
mvc-9020,LaZnFeCoO6,
mp-504985,Ba(GaPt)2,
mp-30290,Nd2Sn3,
mp-767012,Li4FeSb(WO6)2,
mp-21217,URhS3,
mp-17974,Na3Hg2,
mp-22248,Eu(BO2)3,
mp-25131,VCdO3,
mp-559614,Sr2ZnReO6,
mp-26210,BiP2O7,
mp-37550,Mg2Ta3N5,
mp-23415,TlFeI3,
mp-571624,Dy3Al2,
mvc-7383,ZnCr2O7,
mp-1075851,Mg3Si2,
mp-540270,MoP2O7,
mp-540262,CoP2O7,
mp-540273,NiP2O7,
mp-555902,Te2SO7,
mp-15634,Cs2NaTiF6,
mp-34694,BaPrO3,
mp-1100340,CaSnS3,
mp-8065,K2Ti6O13,
mp-674149,Ru4Pb4O13,
mp-8271,Ba2Ca(BO2)6,
mp-980937,Tb2Co12P7,
mp-691150,Lu4V4O13,
mvc-13047,Ba2CaTl2(CuO3)4,
mp-979046,Tm2Co12P7,
mvc-11852,Ba2CaTl2(CuO3)4,
mp-978102,Pr2Co12P7,
mp-755078,Sr2Ti6N2O11,
mp-674528,Mg2Zr14O5,
mp-10923,Ca2Co12P7,
mp-764946,Li3Mn2(CO3)4,
mp-767629,LiVCr(P2O7)2,
mp-6327,LiAlSiO4,
mp-746820,NiH6(SO6)2,
mp-675242,Ag2HgI4,
mp-865141,Lu4Ni13C4,
mvc-13126,Ca5Sc2(CoO6)2,
mvc-13112,Ca5Mn2(NiO6)2,
mp-780772,Ta2O5,
mp-684641,Fe2S,
mp-15842,Nb2Co12P7,
mp-762232,LiCoSiO4,
mp-721926,Co3(P2O7)2,
mp-684897,Ta2O5,
mp-862701,CsCaCO3F,
mvc-13039,Ca5Cu2(RhO6)2,
mvc-12808,CaCr2(P2O7)2,
mvc-12763,CaCo2(P2O7)2,
mp-7788,Er2Co12P7,
mvc-11957,CaMn2(P2O7)2,
mp-762407,Li6Mn5O10,
mp-3706,Ho2Co12P7,
mp-762636,Na3Li4Mn5O9,
mp-762286,Li6(NiO2)5,
mp-762394,Li3Co2(CO3)4,
mp-975,SF6,
mp-685048,Ag2Te,
mvc-14837,Ca5Cu2(IrO6)2,
mp-778825,Na10Mn2O9,
mvc-14117,CaNi2(P2O7)2,
mp-673700,Nb2Sb,
mp-627405,La11(Ni2Ge3)2,
mp-755353,Sr2Ti6N2O11,
mp-755206,Ca2Ti6N2O11,
mp-23885,SrH12(ClO3)2,
mp-984055,Ca7(H6Cl)2,
mp-775944,Ba2Ti6N2O11,
mp-764454,LiMnV(P2O7)2,
mp-647489,CdI2,
mp-753122,Sr2CuH2(SeO3)4,
mp-764330,Fe10O11,
mp-694911,BaCaBO3F,
mp-767608,LiVCr(P2O7)2,
mp-780026,LiMn4(BO3)4,
mp-764182,Li6(CoO2)5,
mp-764240,Na2V6O13,
mp-24044,CaH12(BrO3)2,
mp-642824,SF6,
mp-767272,LiVFe(P2O7)2,
mp-767179,Li3V2(CO3)4,
mp-743756,CoH12(ClO3)2,
mp-3084,Sc2Ni12P7,
mp-767064,Li3Co2(CO3)4,
mp-972759,Tm2Ni12As7,
mp-972631,Zr2Co12P7,
mp-974482,K4Hf5O12,
mp-976267,Si12HN8,
mp-974057,Lu2Ni12P7,
mp-974042,Nd2Co12P7,
mp-634716,CuH12(IN)4,
mp-973921,Lu2Ni12As7,
mp-722243,Na2CuH4(C2O5)2,
mp-763542,Li3Ni2(CO3)4,
mp-766570,Ce3Th4O14,
mp-571091,CdI2,
mp-752989,Ti8O13,
mp-851357,Fe2S,
mp-976247,H(C3N2)4,
mp-753384,Nb4Tl4O13,
mp-643108,Yb4Mg3H14,
mp-643070,Ca4Mg3H14,
mp-861550,LiMnPO4,
mp-763408,Li3Co2(CO3)4,
mp-629319,CoSb2S2(OF3)4,
mp-676325,NbBi7O13,
mp-861440,RbCaCO3F,
mp-767059,LiVSiO4,
mp-760680,Li2Fe12P7,
mp-866580,Ca2SnS4,
mp-637582,Rb2BaPt2(CN)8,
mp-763378,Li3Fe2(CO3)4,
mp-763516,LiCoSiO4,
mp-29841,Rh3S4,
mp-23178,WCl6,1
mp-29927,Pb7(BrF6)2,
mp-504329,Fe3(P2O7)2,
mp-25098,Ba2Ni(NO2)6,
mp-23547,Ba7(ClF6)2,
mp-504856,U2Ni12P7,
mp-28802,Sr4Zn3F14,
mp-571037,CdI2,
mp-504983,K2Nb4Fe2O13,
mp-27343,Re4Cl8O9,
mp-27377,K4Zr5O12,
mp-23827,Sr7(H6Cl)2,
mp-23828,Sr7(H6Br)2,
mp-505233,Cs2Sn(H2N)6,
mp-17988,U2Mn12P7,
mp-505345,SrV2(P2O7)2,
mp-29634,V4P2C,
mp-541010,Li2Ni12P7,
mp-27581,Pb7(ClF6)2,
mp-8652,SF6,
mp-505572,Al13(CrSi)4,
mp-18648,Zr2Ni12P7,
mp-18637,Na2Cu3(GeO3)4,
mp-18654,Cr3Ga4,
mp-18735,Ba2Co(BO2)6,
mp-542501,Rb2U3(TeO7)2,
mp-542718,Er2Ni12As7,
mp-567246,PbI2,
mp-540208,Cr3(P2O7)2,
mp-770103,LiAlVO4,
mp-756810,Sr3Ta4(O6F)2,
mp-674350,TiPb9O11,
mp-675692,LiTi2O4,
mp-756531,LiNd6(CuO6)2,
mp-762644,LiFeSiO4,
mp-762623,LiFeSiO4,
mp-673761,Gd5(RuO7)2,
mp-703684,MnH12N2(Cl2O)2,
mp-761709,LiCoPO4,
mp-755881,Ba2Ti6N2O11,
mp-644276,Na2Sn(H2N)6,
mp-753864,Sr2Li2Nb4O13,
mp-761467,LiFePO4,
mp-753689,Ba2Nb8O11,
mp-643371,K2Sn(H2N)6,
mp-773087,Li2MgCu2(SiO3)4,
mp-756444,Ca2Ti6N2O11,
mp-643359,Rb2Sn(H2N)6,
mp-755526,Ba2Ti6N2O11,
mp-755491,Sr2Ti6N2O11,
mp-673118,Sn3(P2O7)2,
mp-776608,Ca2Ti6N2O11,
mp-868342,Li4Co5O12,
mp-776509,Sr2Ti6N2O11,
mp-776466,Ba2Ti6N2O11,
mp-567438,Li2V6O13,
mp-5449,Na2Ti6O13,
mp-567602,Yb2Co12P7,
mp-567940,RbPr6(CI6)2,
mp-571225,CdI2,
mp-569521,Ce2Ni12P7,
mp-28147,Er4Ni13C4,
mp-572674,ReC2(IO)2,
mp-540640,Sr2Ti6O13,
mp-540772,Er2Ni12P7,
mp-571519,CdI2,
mp-540784,Rb2Ti6O13,
mp-559724,Ta4S9Br8,
mp-540806,Ca2IrO4,
mp-558193,K2Cu3(AsO3)4,
mp-864632,Yb4Ni13C4,
mp-558309,K4SnSb2F14,
mp-562366,Cs2U3(TeO7)2,
mp-558713,LiAlSiO4,
mp-776452,Ca2Ti6N2O11,
mp-1005829,Sm2Mn12P7,
mp-25099,Sr2Ni(NO2)6,
mp-1005690,Sm2Co12P7,
mp-769573,LiTiVO4,
mp-769572,LiAlVO4,
mp-776068,LiVCrO4,
mp-1019528,Ba2Mg(BO2)6,
mp-628549,Pr(WO3)5,
mp-698668,Nb3ZnFe3(O6F)2,
mp-863728,Ho4Ni13C4,
mp-695829,RbHSeO4,
mp-541196,Ce2Fe12P7,
mp-565412,Ba2Eu3Mn2(CuO6)2,
mp-570322,Yb2In13Pd6,
mp-32857,Cu13Se8,
mp-541810,K2Ni12As7,
mp-541971,Tm2Ni12P7,
mp-542003,Yb2Ni12P7,
mp-510028,Nd2Fe12P7,
mp-565851,SrFe2(P2O7)2,
mp-556074,K2Cu3(SeO3)4,
mp-566356,BaV2(P2O7)2,
mp-561145,Sr3CePC3O13,
mp-566634,Y(FeO2)2,
mp-560796,La4Mn(Cu3S5)2,
mp-556496,Sr10Al4Si6O,
mp-560555,Li8Bi2PdO10,
mp-556702,Ba6Eu(ClF6)2,
mp-29932,Zr5P7Pd9,
mp-29933,Hf5P7Pd9,
mp-18990,Ba2Mn(BO2)6,
mp-555465,La10Si8O3,
mp-765316,Li3Ni2(CO3)4,
mp-774381,LiFe4(BO3)4,
mp-696845,MgH12(ClO3)2,
mp-765110,LiVFe(P2O7)2,
mp-696497,Mg3Si4(HO6)2,47.5296512
mp-24976,Fe2P4PbO14,
mp-505236,V2Hg(P2O7)2,
mp-25107,NiH12(ClO3)2,
mp-865419,U2Fe12P7,
mp-866397,Gd4Ni13C4,
mp-25151,V2P4PbO14,
mp-865508,U2Ni12As7,
mp-17042,Sc2P7Ru12,
mp-25646,V2O5,
mp-542452,CoH12(BrO3)2,
mp-571136,CdI2,
mp-10922,Mg2Co12P7,
mp-861597,Pr2Ni12As7,
mp-864836,Dy2Ni12P7,
mp-865350,Lu2Mn12P7,
mp-865923,Yb2Ni12As7,
mp-867373,Ti2Co12P7,
mp-867324,Tb2Ni12As7,
mp-7733,Ba2Ti6O13,
mp-13573,Sc5Si7Pt9,
mp-11887,K2U3(TeO7)2,
mp-556097,NaLi2(RuO2)6,
mp-23914,CaH12(ClO3)2,
mp-11012,Sr(BS2)2,
mp-28040,Hf(BH4)4,
mp-19452,V2Cd(P2O7)2,
mp-466,Nb2F5,
mp-25102,NiPb2(NO2)6,
mp-28412,Ho2Ni12P7,
mp-1094119,Na4Ge5O12,
mp-558665,Ba2Co(BO2)6,
mp-556002,Li6Cu(B2O5)2,
mp-1096881,BaNb4(FeO7)2,
mp-540809,Zr2Fe12P7,216.0678951
mp-971683,C3N4,68.07158492
mp-23250,UCl6,1
mp-571197,CdI2,
mp-540538,Ga4Fe3,
mp-555678,Na4Ti5O12,130.850194
mp-555617,Ce10Si8O3,
mp-540318,Mn3(P2O7)2,
mp-1100983,U2O5,
mp-984766,Ca(BH4)2,
mp-7664,Na6ZnO4,
mp-775929,La2Nb2N2O5,
mp-9454,Sr3MgIrO6,
mp-775916,LiSnPCO7,
mp-6730,Sr3ZnPtO6,
mp-775911,La2Nb2N2O5,
mp-765434,Li2Si2NiO6,
mp-8389,Na6ZnS4,31.59317142
mp-7999,Y2Si2O7,
mp-768209,NaSnPCO7,
mp-768198,LiCePCO7,
mp-775869,Li4Cr5SbO12,
mp-6723,Sr3ZnIrO6,
mp-768127,NaSnPCO7,
mp-6721,Sr3LiRuO6,
mp-9266,Na6FeS4,
mp-7380,CsRb2SiF7,
mp-765055,Li2Mn2F7,
mp-9039,Sr4IrO6,
mp-9007,Na6P4W,
mp-8961,Ba3NaTaO6,
mp-8960,Ba3NaNbO6,
mp-686043,Gd3NbO7,
mp-6662,NaSr3IrO6,
mp-6602,SrCu2(BO3)2,
mp-764973,LiVP2O7,
mp-8507,Sr(P3Pt2)2,
mp-8727,Ba4PtO6,
mp-7680,K2CaCu(NO2)6,
mp-771682,Li2TiV2O6,
mp-780755,Na6FeO4,
mp-771624,Li2VCr2O6,
mp-650727,Rb3NiF7,
mp-687096,V2Cu2O7,
mvc-11795,Al2(CuSe2)3,
mp-767686,Li2Mn(SiO3)2,
mp-675354,Li3(RuO3)2,
mp-7640,Sc2Si2O7,
mp-771534,Li2Cr3O6,
mvc-13511,Ti2Al2O7,
mp-7625,Y3ReB7,
mp-978091,Pr2Fe17C3,
mp-14495,Li6ZnO4,
mp-762482,Li2Cr3O6,
mp-997184,Ca3TiNiO6,
mp-762403,Li2Cr2SiO6,
mp-762402,Li2Cr(SiO3)2,
mp-675041,Eu2Zr2O7,
mp-764996,Li2V2OF6,
mp-767627,Mn3(OF3)2,
mp-767535,NaHfPCO7,
mp-754175,KGePCO7,
mp-754075,LiHfPCO7,
mp-685957,Pr3(ZnAs3)2,
mp-685943,Er7(CuTe4)3,
mp-753639,LiTiPCO7,
mp-767721,Li2Mn(CO3)2,
mp-11207,Pr3ReO7,
mp-764444,Li3V2(O2F)2,
mp-767022,Cr(PO4)2,
mp-9660,Sr2Cu(BO3)2,
mp-18925,Li6CoO4,
mp-6361,NaSr3NbO6,
mp-696152,CuSnH12(NO3)2,
mp-864942,Mg3TcH7,
mp-7827,K2Ni(CN)4,
mp-768815,NaSbAsCO7,
mp-9530,Y4C7,
mp-8491,LiInP2O7,
mp-675101,Ca5NbN5,
mp-752641,Lu3TaO7,
mp-9427,NaYP2O7,
mp-672684,Zn6Sb5,
mp-6342,LiCa3RuO6,
mp-672313,Sc6Pb5,
mp-776785,Li2Fe(BO3)2,
mp-752535,TaIn3O7,
mp-976,V6Si5,
mp-867561,Li2Cu2F7,
mp-8154,La2Ti2O7,
mp-6744,K2Fe(PS3)2,
mp-772844,KTiPCO7,
mp-753422,Ba5In5O12,
mp-670677,Ce5(In2Pt)2,
mp-767055,LiNiP2O7,
mp-772667,MnH4(OF2)2,
mp-772595,NaSiSbCO7,
mp-767717,NaPrPCO7,
mp-764290,V3OF7,
mp-8957,Na5TaO5,
mp-980936,Y5(In2Pd)2,
mp-6319,Na2MgAlF7,
mp-675189,Ho7(CuTe4)3,
mp-771979,LiSiSbCO7,
mp-31101,Gd3ReO7,
mp-765715,Na3Ni7O12,
mp-6595,Sr3CuPtO6,
mp-1029726,Li6IrN4,82
mp-771687,Li5Fe5O12,
mp-647374,Sb2Pb2O7,
mp-555218,Ba4Br6O,
mp-767344,Mn2Si2O7,
mp-754116,BaY2Br8,
mp-763632,Li4Ti3V3O12,
mp-600275,Mn2Hg2SF6,
mp-763622,Li2(CoO2)3,
mp-759068,LiSnP2O7,
mp-765325,Li2V2OF6,
mp-936838,Mn3(SiTe3)2,
mp-979418,Sm2(ReB2)3,
mp-772778,KHfPCO7,
mp-6695,BaCdP2O7,
mp-9230,KAlAs2O7,
mp-561775,Ca3CoRhO6,
mp-555247,Dy3ReO7,
mvc-12205,Fe9O13,
mp-6233,NaSr3RuO6,
mp-989461,B2(CN2)3,
mp-6820,Cu2Hg2SF6,
mp-8851,BaCuP2O7,
mp-780860,Li2Co2OF6,
mvc-11865,CaCoSi2O7,
mp-771577,Li4FeNi5O12,
mp-614768,Cs3NiF7,
mp-771562,Li4TiCr5O12,
mp-780816,LiMn2(BO3)2,
mp-682592,K2Ca2C2O3F2,
mp-641683,Eu2Ir2O7,
mp-646321,Lu5(In2Ni)2,
mp-771545,Li4Mn5CoO12,
mp-762625,Li4Mn3(NiO4)3,
mp-6071,Sr3LiIrO6,
mp-762556,Li4Ti3(NiO4)3,
mp-6064,Sr3MgPtO6,
mp-771669,Li5Mn5O12,
mp-8568,Ca4PtO6,
mp-771514,Li4TiCo5O12,
mvc-14257,Mo3O8,
mp-771505,Li4CrCo5O12,
mp-29116,Ta3SeI7,
mp-978114,Sn5O6,
mvc-14082,Al2(CuS2)3,
mp-861474,Li4VF6,
mp-780293,Dy2Ge2O7,
mp-780255,Gd3NbO7,
mp-762466,Li2Cr3O6,
mp-762465,Li3Fe7O12,
mp-9746,Ba3NaIrO6,
mp-9745,Ba3NaRuO6,
mp-762414,Li3(FeO3)2,
mp-780642,Li2Co2OF6,
mp-762409,Li2Mn3O6,
mp-5560,Cd3(BO3)2,
mp-637431,Eu2Ru2O7,
mp-5114,K6HgS4,
mp-639526,La2(ZnGe2)3,
mp-7624,Er2Si2O7,
mp-762399,Li2Cr(SiO3)2,
mp-5662,Ce2Fe17N3,
mp-2923,Ca2Os2O7,
mp-771923,Li6FeO4,
mp-762388,Li2(NiO2)3,
mp-762695,Li4Ti3(FeO4)3,
mp-42255,NaCaNb2O6F,
mp-33658,Nb2Tl2O7,
mp-22403,Co(C2N3)2,
mp-9765,Nd2Pt2O7,
mp-636946,Fe6Ge5,
mp-972380,Tb3ReB7,
mp-672258,CsHo2Cu3Se5,
mvc-3780,Al2Ni2O7,
mp-643105,Ba3NaBiO6,
mp-633688,Cs2CrH2Cl5O,
mp-769564,NaVPCO7,
mp-633442,Mn2H2SO6,
mp-676382,Yb2Zr2O7,
mp-559208,SrTiSi2O7,
mp-705847,Li2(CoO2)3,
mp-505508,V2Cu2O7,
mp-762285,Li3V7O12,
mp-632693,Zr5(In2Rh)2,
mp-17334,Sc2Cr4Si5,
mp-677509,K4N2O5,
mvc-3512,Al2Bi2O7,
mvc-3489,Y2Fe2O7,166.5444881
mvc-3437,Al2Fe2O7,
mvc-3624,Y2W2O7,
mp-6305,K3TiO4F3,
mvc-3385,Al2Sn2O7,
mvc-3378,Al2Sb2O7,
mvc-3246,Al2Cr2O7,
mp-705670,V2Cu2O7,
mp-676230,U2Bi2O7,
mvc-16014,Al2V2O7,
mvc-15985,Y2Ni2O7,
mp-762245,LiFe2(BO3)2,
mvc-5918,MgP2WO7,
mp-34761,Ta5N6,
mp-6182,CsTb2Cu3Se5,
mvc-5721,MgFeP2O7,
mp-773165,Li4Co5CuO12,
mvc-5727,CaCrP2O7,
mvc-5724,ZnCrP2O7,
mvc-5718,ZnFeP2O7,
mp-616127,Ni(AuF4)2,
mvc-5701,ZnNiP2O7,
mvc-5699,MgCrP2O7,
mvc-5642,MgNiP2O7,
mvc-5640,MnZnP2O7,
mvc-5639,ZnCoP2O7,
mvc-5625,ZnP2WO7,
mvc-5610,ZnSnP2O7,
mvc-5605,MgMnP2O7,
mvc-5586,MgCoP2O7,
mvc-5578,CaFeP2O7,
mvc-5570,MgVP2O7,
mvc-5547,ZnCuP2O7,
mvc-5556,VZnP2O7,
mvc-5546,MgSnP2O7,
mvc-5496,MgCuP2O7,
mvc-5479,CaSnP2O7,
mvc-14856,Al2(CuO2)3,
mvc-5417,TiZnP2O7,
mp-6090,Na2Cu(CO3)2,
mvc-5422,CaVP2O7,
mp-9751,Al2Ge2O7,
mvc-5367,MgTiP2O7,
mvc-5356,CaTiP2O7,
mvc-5297,CaCuP2O7,
mp-28242,Tl6SCl4,
mp-6027,Ba2Tl2CuO6,
mp-771981,BaLa2Br8,
mp-3222,La3RuO7,
mp-3870,Sr2Nb2O7,
mp-3727,Nd3NbO7,
mp-779424,Gd3TaO7,
mp-676349,Ga7(CuSe4)3,
mvc-3847,Al2W2O7,
mvc-3514,Al2Mo2O7,
mp-779260,Gd3SbO7,
mvc-14766,Al2Co2O7,
mvc-14513,Y2V2O7,
mp-769044,BaY2Cl8,
mvc-14187,Y2Sb2O7,
mvc-14185,Y2Bi2O7,
mvc-14044,Y2Cr2O7,
mvc-14045,Y2Co2O7,
mvc-13994,Mn2Al2O7,
mp-3245,SnP7Au3,
mp-5151,Cd4GeS6,
mp-625530,H2W2O7,
mp-18843,Ca3FeRhO6,
mp-607124,Dy5(In2Ni)2,
mp-603576,Sc5(In2Ni)2,
mp-607934,V2Cu2O7,
mp-614750,Cs3CrF7,
mp-5950,Cd2Os2O7,
mp-764861,Li2Mn2F7,
mp-974667,Rb2H2C2O5,
mp-755277,Tb3SbO7,
mp-764791,Li2Mn(SiO3)2,
mp-769425,YFeGe2O7,
mp-764782,Na5WO5,
mp-775572,Na3Li5Mn5O9,
mp-976587,KP2AuS7,
mp-997554,Li4Fe3(CoO4)3,
mp-769366,Nd3SbO7,
mp-764752,LiV2OF7,
mp-753649,LiZrPCO7,
mp-764491,LiFe2(BO3)2,
mp-753627,LiTiP2O7,
mp-647035,La4C5Cl2,
mp-764468,Li2Mn2F7,
mp-775962,Na4V2O5,
mp-775975,La2Nb2N2O5,
mp-17753,Nd3RuO7,
mp-558960,Dy2Tc2O7,
mp-782705,Cr3O8,
mp-782697,Li3(FeO3)2,
mp-685944,Eu2Zr2O7,
mp-768656,NaSbCSO7,
mp-782050,Ba4PdO6,
mp-697196,Ta,
mp-756670,Eu2Pb2O7,
mp-753717,Cu4OF6,
mp-767183,Mg8Mn3O11,
mp-696717,H7O4,
mp-755450,La2Ce2O7,129.6165585
mp-557160,NaCa3RuO6,
mp-754846,Ce2Nd2O7,
mp-780198,LiMn2(BO3)2,
mp-780214,Li4Mn3Cr3O12,
mp-764432,V3(OF3)2,
mp-753445,Sb4O5F2,
mp-30450,Mn3(CuBi)4,
mp-753403,LiCu2(CO3)2,
mp-772396,Li2Cr2O7,
mp-772399,NaVSiCO7,
mp-767802,Li2V(CO3)2,
mp-764397,Li3V2(O2F)2,
mp-764396,Li3V2(O2F)2,
mp-772354,Cu2W2O7,
mp-753175,SrH2(SeO3)2,
mp-995218,H4C5O2,
mp-780090,Li4Cr3(FeO4)3,
mp-767744,Li2Ni(CO3)2,
mp-753090,Li2Cu2F7,
mp-772318,Li2Cr2O7,
mp-764333,V3(OF3)2,
mp-764276,Li2Mn2F7,
mp-690607,K2BaNi(NO2)6,
mp-694534,LiFeP2O7,
mp-767611,Li2V(CO3)2,
mp-764224,Li2V2O5F2,
mp-771445,Li4Ti5VO12,
mp-767515,Gd3AsO7,
mp-780035,LiMnCSO7,
mp-767590,Li2V(CO3)2,
mp-651951,MnV2TeO7,
mp-752898,LiCu3F7,
mp-5889,Er2Ti2O7,
mp-5302,Gd2Ti2O7,
mp-752863,K4N2O5,
mp-780009,Li3Cr2Fe5O12,
mp-689979,LiFeP2O7,
mp-767556,NaTiPCO7,
mp-752432,Gd3NbO7,
mp-764217,Li5VO4F,
mp-752728,Rb2S2O7,
mp-650526,WC4(BrO2)2,
mp-770574,La2MgI8,
mp-687234,P2WO8,
mp-752686,Sm3TaO7,
mp-3200,Lu2Ti2O7,
mp-761963,Li4NbCo5O12,
mp-764085,NaMnPCO7,
mp-5548,Ta2Cd2O7,
mp-767444,Li2Mn(CO3)2,
mp-767311,Li2Ni(CO3)2,
mp-779925,Ce(WO4)2,
mp-764141,NaVP2O7,
mp-770975,Li4Cr5FeO12,
mp-764137,NaFeP2O7,
mp-770970,Li4Ni5SnO12,
mp-767398,Gd3AsO7,
mp-861531,Li2VH2OF5,
mp-743627,Na2Cr2O7,
mp-752404,Ba2Sb2O7,
mp-743617,KMnH4Cl3O2,
mp-767244,LiCoP2O7,
mp-752424,Ba4Br6O,
mp-686001,Ce2Nd2O7,
mp-743584,H12WN3(OF)3,
mp-676524,Tb7(CuTe4)3,
mp-752407,Dy2Ge2O7,
mp-770920,Li4TiMn5O12,
mp-643346,Al2Ge(HO3)2,
mp-861178,Li4VF6,
mp-752393,Be2P2O7,
mp-770905,LiMnAsCO7,
mp-643259,Li4H3ClO3,
mp-770902,LiFeAsCO7,
mp-770901,LiFeCSO7,
mp-770900,NaMnAsCO7,
mp-861257,Tb3SbO7,
mp-767313,Li2Si2NiO6,
mp-2883,Sm2Sn2O7,
mp-859130,Li4VF6,
mp-767303,Li2Mn(SiO3)2,
mp-761126,Cu4OF6,
mp-676306,Dy7(CuTe4)3,
mp-767163,Li2VCr(P2O7)2,
mp-743731,K2MnH2OF5,
mp-676213,P6Pb5O11,
mp-743629,K4Na2FeH3F12,
mp-857352,Na4Bi2O5,
mp-743616,K2FeH2OF5,
mp-640890,Rb4Fe2O5,
mp-779608,Ba3(BO3)2,
mp-640614,In2Si(AgSe3)2,
mp-863753,Cs2Mn(PSe3)2,
mp-770801,Li4Fe5NiO12,
mp-770799,Li5NbO5,
mp-760637,LiBiP2O7,
mp-863265,K2Mn(PSe3)2,
mp-761294,V2Ge2O7,
mp-767220,Mn(PO4)2,
mp-767071,Li2Co(CO3)2,
mp-863030,BP4(SBr)3,
mp-770759,LiBiCSO7,
mp-767206,Li2V2FeO6,
mp-767053,Li2Co(CO3)2,
mp-680578,Sm4Si3Pd4,
mp-767166,Li2V(CO3)2,
mp-767010,Li2Mn2OF6,
mp-866473,Ca4SnS6,
mp-641509,In9Ni13,
mp-767148,P2WO8,
mp-767118,Li2Mn2OF6,
mp-770656,Li4TiFe5O12,
mp-767104,Li2Cr(CO3)2,
mp-760629,LiBiP2O7,
mp-682067,KCaNb2O6F,
mp-779228,Li4MnNi5O12,
mp-763741,LiMnP2O7,
mp-775605,Li2Ni2SnO6,
mp-972662,Sm2Fe17C3,
mp-755322,BaNa6O4,
mp-767036,Li2Co(CO3)2,
mp-675608,Nb3(CuTe3)2,
mp-17806,Ta2V4Si5,
mp-779101,LiFePCO7,
mp-767006,Li2Mn2OF6,
mp-769391,Ba4ZrO6,
mp-755660,Lu3TaO7,
mp-763683,LiFeP2O7,
mp-865972,KTm2Cu3Se5,
mp-637866,Sc9Ni5Ge8,
mp-865532,BaMgTe2O7,
mp-779065,Li2Mn2CoO6,
mp-779064,Li4FeOF5,
mp-770536,Li2VH2OF5,
mp-865133,NaNiCSO7,
mp-778925,Na6CuO4,
mp-637052,Hf3(MnGa3)2,
mp-778793,Li4Fe3(SiO4)3,
mp-5779,Sm3RuO7,
mp-636731,Zr(MoO4)2,
mp-763709,LiV2PO7,
mp-636559,Cd(C2N3)2,
mp-972235,Tb3FeB7,
mp-974000,Lu2Fe17C3,
mp-770469,Li5TaO5,
mp-29910,Sr4I6O,
mp-863403,LiNbP2O7,
mp-763673,Fe2C2O7,
mp-772397,Li5WNO4,
mp-754550,Tb3TaO7,
mp-634113,Cd2H2SO6,
mp-763638,LiFeP2O7,
mp-770332,NaBiCSO7,
mp-763630,Co2C2O7,
mp-633099,Sb2Pb2O7,
mp-631589,VN2(Cl3O)2,
mp-770369,LiNiCSO7,
mp-722278,BaSiP4(HO7)2,
mp-763619,Li2Fe(SiO3)2,
mp-770349,LiVSiCO7,
mp-973793,Li8SeN2,
mp-778718,Li2Cr2O7,
mp-773618,Li3Fe5(CoO6)2,
mp-763566,LiP2WO7,
mp-766613,LiVP2O7,
mp-677248,Ca2AlH10IO8,
mp-772317,Li3Co(NO2)6,
mp-755375,Lu2Pb2O7,
mp-778656,Li4Mn3(CoO4)3,
mp-704674,Ca3MnCoO6,
mp-695048,GdTi2CdO6F,
mp-770261,Mn2P2O7,
mp-773547,Li3Fe2OF5,
mp-755355,La2Pr2O7,
mp-755316,Dy2Sb2O7,
mp-770239,Ba2Ta2O7,
mp-764259,Mn4OF6,
mp-677164,CuAs2Pb6Cl7O6,
mp-690122,Nd2Mo2O7,
mp-755226,La2Tb2O7,
mp-778575,Li4Co3(NiO4)3,
mp-773502,KCoPCO7,
mp-755867,Lu2Sb2O7,
mp-649933,BaCeC2O6F,
mp-769396,Y2Ge2O7,
mp-755159,Tl2Ge2O7,
mp-676951,Dy3NbO7,
mp-755116,In2Pt2O7,
mp-755108,Tl2Pb2O7,
mp-758696,Li2Cu2F7,
mp-758662,Ba2GaP4HO14,
mp-778552,Fe3(OF3)2,
mp-764170,Na6CoO4,
mp-676804,Ho3TaO7,
mp-773432,KMnPCO7,
mp-676725,Lu3NbO7,
mp-775235,Li2Mn2SbO6,
mp-630820,Yb4Cu2Sn5,
mp-753414,Lu2Pt2O7,
mp-779898,Na6NiO4,
mp-28911,BaReH9,
mp-770129,LiCrAsCO7,
mp-630760,KHgC3(SN)3,
mp-773370,Li2Si2NiO6,
mp-764061,Na6CoO4,53.14165101
mp-773392,Hg2W2O7,
mp-767334,Li2TiCr2O6,
mp-676572,NdPb6F15,
mp-766139,Li2V2F7,
mp-981511,Y3SbO7,
mp-770883,K4Co2O5,
mp-850947,Li3Mn5Cr2O12,
mp-763389,Li2Co(SiO3)2,
mp-676319,Dy2Zr2O7,
mp-629690,Bi2(PbS2)3,
mp-643001,Na4H6Ru,
mp-642996,Li4H6Os,
mp-642847,Li4H6Ru,
mp-676311,Nd2Zr2O7,
mp-676300,Sc3NbO7,
mp-763409,LiVP2O7,
mp-17981,Eu3IrO7,
mp-676261,Y3NbO7,
mp-676227,Nd2Th2O7,
mp-770059,NaFeCSO7,
mp-625151,H7ClO3,
mp-625145,H7ClO3,
mp-642646,BaP2(HO)4,
mp-775088,Li2Mn2CoO6,
mp-775085,Li2Cr2FeO6,
mp-765968,LiNiP2O7,
mp-642493,Hf3Al3C5,
mp-763977,Na6NiO4,
mp-775067,Li2V2SnO6,
mp-770775,Li3V5O14,
mp-773290,KVPCO7,
mp-775059,Li2Mn2CrO6,
mp-775057,Li2Mn(NiO3)2,
mp-773286,Li4Mn5NiO12,
mp-775056,Li2MnCr2O6,
mp-779428,Sr4HfO6,
mp-767175,Li2Co(CO3)2,
mp-767169,Mn4OF6,
mp-770689,Li2MnAl2O6,
mp-767130,Cr4OF6,
mp-760635,Yb4Br6O,
mp-777633,LiCrP2O7,
mp-774083,Li2Ti2VO6,
mp-766996,Fe4OF6,
mp-766986,Li2Mn(CO3)2,
mp-752849,Y2Pb2O7,140.979228
mp-628726,Sr(AlCl4)2,
mp-850939,Li2MnV(P2O7)2,
mp-763753,Li2Ti2FeO6,
mp-643276,LiMg2H7Ru,
mp-6051,K2Hg(CN)4,
mp-763692,Li2(FeO2)3,
mp-763534,Li2Co2SiO6,
mp-4974,La2Zr2O7,
mp-29849,Ag3SnP7,
mp-19976,Ce4S3O4,
mp-28489,Ca5(GaN2)2,
mp-4991,Tb2Sn2O7,
mp-29870,Ir(Cl2F3)2,
mp-5005,Mg3(BO3)2,
mp-5004,Na2B2Se7,
mp-26209,LiBiP2O7,
mp-28517,Tl6SeI4,
mp-28518,Tl6SBr4,
mp-20017,K3Ir(NO2)6,
mp-17344,RbEr2Cu3S5,
mp-28544,Sm4Cl6O,
mp-29909,Ba4I6O,
mp-17355,Sr3GdRhO6,
mp-28546,Eu4Cl6O,
mp-26341,LiSbP2O7,
mp-28564,Rb4PbBr6,
mp-31046,Ho3CrB7,
mp-29950,Nb3Cl8,13.59349922
mp-29960,Ca(C2N3)2,
mp-29961,Sr(C2N3)2,
mp-17407,Au3F8,
mp-28586,AgXeF9,
mp-26710,LiSnP2O7,
mp-752512,Li6CuO4,
mp-26745,LiSbP2O7,
mp-29983,Cs6Cl4O,
mp-3430,Pr2Ru2O7,
mp-23321,Sr4Cl6O,
mp-23326,Ca4Cl6O,
mp-34322,Dy2Ti2O7,
mp-20116,Tl3Ir(NO2)6,
mp-23341,Bi2Pt2O7,-665.309044
mp-23347,Rb4YbI6,
mp-504427,Ti3PbO7,
mp-504441,Cr2Ag2O7,
mp-30005,Rb6Br4O,
mp-23358,Hg5(ClO2)2,
mp-21589,Ga9Ni13,
mp-23372,Sn2Bi2O7,
mp-28649,NaTi8O13,
mp-560458,Rb2U2O7,
mp-30022,Eu(AlCl4)2,
mp-30023,Ba(AlCl4)2,
mp-23391,Tl4CrI6,
mp-23392,K4CdCl6,
mp-23397,MoPCl9,
mp-17512,Zn(AuF4)2,
mp-23414,Sc4NCl6,
mp-23419,Sb4Cl2O5,
mp-23434,Al2CuCl8,
mp-23436,Cs4PbBr6,
mp-23445,Bi2Ru2O7,
mp-504614,Sm3(GaNi3)2,
mp-17567,Ce2(ZnGe2)3,
mp-28719,Ba(AuF4)2,
mp-30078,C3S8,
mp-28721,Pt(SCl4)2,
mp-30091,MgB9N,209.1170212
mp-28734,Zr6CoCl15,
mp-23543,Hg5(BrO2)2,
mp-504777,Ag2Mo2O7,
mp-17668,YbGa7Au3,
mp-20254,Na2Te2O7,
mp-30143,U(IO4)2,
mp-28772,SbSCl9,
mp-20276,U2F9,
mp-17698,K6CdTe4,
mp-3017,Na6CoSe4,
mp-27293,Tl4HgBr6,
mp-31263,In5S5Cl,
mp-504867,Sr3CuIrO6,
mp-15326,Sm3IrO7,
mp-3479,CaAl9Ni,
mp-31269,Na2S2O7,
mp-28826,Gd3(MnC3)2,
mp-28827,Tb3(MnC3)2,
mp-20342,Yb2Sn2O7,
mp-28855,Cd4OF6,
mp-9559,Nd3IrO7,
mp-28868,Nb3(BiS3)2,
mp-17791,Cd4SiSe6,
mp-20382,Ti6Sn5,104.9786963
mp-30239,Sr3(BS3)2,
mp-17829,Sr3SmRhO6,
mp-27375,Tl4HgI6,
mp-35249,Sm2Hf2O7,
mp-30283,Tb4SiBr6,
mp-28938,Nb3TeCl7,12.91917894
mp-505151,Ca3CuIrO6,
mp-30303,Bi4O7,
mp-30304,Bi3SbO7,
mp-28950,P4N6O,
mp-505216,Gd2Ru2O7,167
mp-31311,Ga9Ir2,
mp-31312,Ga9Rh2,
mp-27452,Al2PdCl8,
mp-22089,Hg2Os2O7,
mp-17929,RbHo2Cu3S5,
mp-3575,Ca3(BO3)2,
mp-22094,Tl2Ru2O7,
mp-22102,Na3Ir(NO2)6,
mp-17948,Si(Hg2S3)2,
mp-35799,Hf2Bi2O7,
mp-17972,Zn2Hg2OF6,
mp-17973,Cs3GeF7,
mp-505306,Eu2Sn2O7,
mp-3593,Ta2Sn2O7,
mp-31353,La3OsO7,
mp-769931,Tm3TaO7,
mp-29117,Ta3TeI7,
mp-505346,Eu3(BO3)2,
mp-27523,VPCl9,
mp-3611,Dy2Hf2O7,
mp-29082,Ba5CrN5,
mp-20643,Y2Ru2O7,
mp-27564,Na4B2O5,
mp-24130,CaP2(HO)4,
mp-3638,Cu2P2O7,
mp-22259,Yb2Ru2O7,
mp-18125,Ag(AuF4)2,
mp-31416,Ho3TaO7,
mp-5055,Na6MnS4,
mp-18134,Sr3YbRhO6,
mp-18163,Cd4GeSe6,
mp-29169,Cd(AuF4)2,
mp-29170,Hg(AuF4)2,
mp-865961,K3Bi(AsSe2)6,
mp-18179,Cd4SiS6,
mp-27664,TiPCl9,
mp-27670,Rb4In2S5,
mp-505552,Cd2Ru2O7,
mp-3688,Er2Sn2O7,
mp-756160,Er3TaO7,
mp-27686,Cd2P2O7,
mp-18209,Pr2(ZnGe2)3,
mp-27700,Sb4Br2O5,
mp-1029826,Li6OsN4,83.66908788
mp-18230,Si(Hg2Se3)2,
mp-18244,K6MnS4,
mp-31415,La3TaO7,
mp-18247,Sr3ScRhO6,
mp-29212,Tl4PbI6,
mp-31417,Nd3TaO7,
mp-18246,K6MnTe4,
mp-30531,Ta2Se8I,
mp-29228,CsSrN9,
mp-27771,Nb3Br8,
mp-34910,Nd2Sn2O7,
mp-22431,Yb2Ti2O7,
mp-18330,Sr3ZnRhO6,
mp-20845,Dy2Sn2O7,
mp-20863,Sb2Pt2O7,
mp-29300,Ga2CuCl8,
mp-29302,Ba3(GaS3)2,
mp-38418,Tm2Ti2O7,
mp-18444,Sr3CuRhO6,
mp-22515,Rb2CuPb(NO2)6,
mp-29343,NaCu3F7,
mp-3884,Ho2Sn2O7,
mp-18498,Sr3YRhO6,
mp-27901,K4MnCl6,
mp-38950,Ce2Y2O7,
mp-18540,CsEr2Cu3S5,
mp-18622,Hf7P4,
mp-18645,Sc5(In2Rh)2,
mp-18651,Sr3DyRhO6,
mp-18652,Sr3HoRhO6,
mp-18672,CsDy2Cu3Se5,
mp-770533,Li6MnO4,
mp-39511,LiCaTa2O6F,
mp-18705,Sr3TbRhO6,
mp-18710,RbSm2Ag3Se5,
mvc-12092,CaMnP2O7,
mvc-15045,CaCoP2O7,
mp-18823,K2BaCo(NO2)6,
mp-18982,Sr3NiIrO6,
mp-31555,LiCoP2O7,
mp-4086,La2Sn2O7,
mp-4100,Ca4IrO6,
mp-41095,Na3Sr3AlP4,
mp-4155,Ca2Nb2O7,
mp-542482,CsEr2Cu3Se5,
mp-554929,CsNdNb2O7,
mp-556900,Mn2Hg2SF6,
mp-556902,KLi4NbO5,
mp-567080,V4O7,
mp-567086,KV2CrO7,
mp-643573,Mg3MnH7,
mp-559151,BaSrTa2O7,
mp-542637,K2B2Se7,
mp-542638,K2Mn(PS3)2,
mp-542665,Li3V6O13,
mp-559256,La4S3NCl3,
mp-687092,Sm2Mo2O7,
mp-17893,Mn4Nb2Si5,
mp-542807,Cu2Te2Br2O5,
mp-540133,LiCoP2O7,
mp-567325,Tl4CrI6,
mp-540193,LiMnP2O7,
mp-540216,LiFeP2O7,
mp-540242,LiMnP2O7,
mp-540269,LiMoP2O7,
mp-540272,LiNiP2O7,
mp-540286,LiNiP2O7,
mp-569330,Ce4C4Br3,
mp-771384,Lu2Co2O7,
mp-630883,Ni6Mo2P3,
mp-773393,Li2V2CoO6,
mp-763367,LiP2WO7,
mp-779967,Dy2Mn2O7,
mp-763391,Li2Co(SiO3)2,
mp-763387,Li2Ni(CO3)2,
mp-850905,Li4Cr3(FeO4)3,
mp-765933,Li2V2O5F2,
mp-625171,H7ClO3,
mp-773276,Li2Mn3O6,
mp-758089,Li2Ti3O6,
mp-624397,SiC,
mp-624307,Cu7Te4,
mp-773252,Li2(NiO2)3,
mp-850898,LiMn2(BO3)2,
mp-614749,Rb3CrF7,
mp-715557,W3O8,
mp-703253,RbFeSe2O7,
mp-756781,Sr3Li2Nb4O13,
mp-773215,NaCoCSO7,
mp-773210,NaFeAsCO7,
mp-752411,Tm2Pb2O7,
mp-752400,Ce2Sm2O7,
mp-756541,K6YO4,
mp-850213,Yb4Br6O,
mp-773196,LiCoCSO7,
mp-756490,Li6MnS4,44
mp-756489,Li6FeS4,
mp-675436,Sm2Zr2O7,
mp-674341,Sc3TaO7,
mp-773183,LiVSiCO7,
mp-850110,Li2Mn(SiO3)2,
mp-773175,NaCrCSO7,
mp-675300,Ho2Zr2O7,
mp-777449,Li4V5SnO12,
mp-756195,Li2(VS2)3,
mp-777153,Li2Fe2NiO6,
mp-756170,Sr3LiTa4(O6F)2,
mp-773160,LiCrCSO7,
mp-765820,Li2V2F7,
mp-773138,NaCrAsCO7,
mp-763194,LiMn2(BO3)2,
mp-756591,Sm3NbO7,
mp-850248,LiMn2(BO3)2,
mp-617266,SrNb4O6,
mp-642823,Dy2V2O7,
mp-756014,Ba4HfO6,
mp-769875,Li4CrF6,
mp-762902,Li2(NiO2)3,
mp-755949,Ca4I6O,
mp-674999,La2Zr2O7,
mp-642783,Lu2V2O7,
mp-642779,Y2V2O7,
mp-616668,Na2AlNiF7,
mp-642754,Gd2Mo2O7,
mp-772680,Li4Co5NiO12,
mp-674842,Er2Zr2O7,
mp-674513,Dy3TaO7,
mp-765773,V3O5F3,
mp-674492,Na2U2O7,
mp-755797,LiTi8O13,
mp-755742,Ho2Sb2O7,
mp-669389,Sr3InRhO6,
mp-765752,Na5VO5,
mp-755664,Li2(TaS2)3,
mp-772569,Li2Ni2BiO6,
mp-769822,Li4Fe5SnO12,
mp-769821,Li4Mn5CuO12,
mp-673848,Ce2Dy2O7,
mp-755417,Ba3(BO3)2,
mp-776856,Na6MnO4,
mp-769809,Gd3TaO7,
mp-755084,Na6MgO4,
mp-755546,Na6BeO4,
mp-772278,Li2Ni2SbO6,
mp-755009,Ba4OF6,
mp-619905,Ti9Se2,
mp-772843,KSiPCO7,
mp-754835,Na6CuO4,
mp-769798,Li4Mn5SnO12,
mp-650619,Cs3Bi7Se12,
mp-607712,Lu2(CN2)3,
mp-777626,Li2Fe2OF6,
mp-769792,Li4Fe5CoO12,
mp-765943,Li3V2(O2F)2,
mp-760425,Tb2Zr2O7,
mp-769781,Li4Cr5BiO12,
mp-850080,Li4V3Cr3O12,
mp-770462,La2Bi2O7,
mp-863404,Li2Cu2F7,
mp-675821,Y3TaO7,
mp-754684,Ba4IrO6,
mp-1030649,Li6RuN4,
mp-761662,Li2Co(NiO3)2,
mp-762771,Li3Fe5(NiO6)2,
mp-715493,V4O7,74
mp-771991,Li6NiO4,
mp-761651,Li2Cr(CoO3)2,
mp-761650,Li2Fe(CoO3)2,
mp-773332,In2Co2O7,
mp-715457,V4O7,
mp-850486,LiVP2O7,
mp-771933,Li2Mn2SnO6,
mp-769748,Li4Ni5BiO12,
mp-675710,K2U2O7,
mp-754354,Ba4OF6,
mp-761620,Li2Ti2CoO6,
mp-757002,KZrPCO7,
mp-761615,Li2Ti(CoO3)2,
mp-767321,Li7(SbS)2,
mp-756953,KSbPCO7,
mp-768122,NaBiPCO7,
mp-617170,Fe(CO)5,
mp-696040,LiCrP2O7,
mp-754210,Li6FeS4,
mp-617165,MnC4NO5,
mp-866871,Ca4SnS6,
mp-772703,Li4CoNi5O12,
mp-771865,Li2Cr2SnO6,
mp-772699,Li4Mn5FeO12,
mp-772698,Li4Mn5NbO12,
mp-16825,Gd3OsO7,
mp-772693,NaVCSO7,
mp-755941,Sm3TaO7,
mp-756751,Tm2Nb2O7,
mp-769921,Ta2Mn2O7,
mp-756724,Lu2Nb2O7,
mp-769918,Tm2Mn2O7,
mp-769917,Ho2Mn2O7,
mp-755892,SrLa2Cl8,
mp-773164,Gd2V2O7,
mp-850357,Sm2V2O7,
mp-772678,NaCoAsCO7,
mp-604315,Zn(BH4)2,
mp-765623,V3O5F3,
mp-769903,V2Si2O7,
mp-669645,Nd5In11Ni6,
mp-769900,Sm2Mn2O7,
mp-769891,Mn2Hg2O7,
mp-771808,Li2Fe2SnO6,
mp-769885,Sc2V2O7,
mp-771806,Li2Fe(NiO3)2,
mp-753966,Li6CrS4,
mp-756545,Er2Zr2O7,
mp-767415,KNbPCO7,
mp-755898,Er3TaO7,
mp-756718,Li4Bi2O5,
mp-765832,Li2V2OF6,
mp-756440,Er2Pt2O7,
mp-753860,SiBi3O7,
mp-769671,LiVPCO7,
mp-776053,Li2TiMn2O6,
mp-756393,Er2Nb2O7,
mp-769834,Eu2Mn2O7,
mp-706536,Hf(MoO4)2,
mp-756347,Y2Pt2O7,
mp-769812,Tb2Mn2O7,
mp-753816,Na6MgO4,
mp-616218,Cd(In2I3)2,
mp-616210,Pr5In11Ni6,
mp-772605,NaSnAsCO7,
mp-557806,Er2Tc2O7,
mp-756175,Zr2Bi2O7,
mp-756148,Sm2Pt2O7,
mp-756066,Ho2Zr2O7,
mp-780881,Li4Mn3Cr3O12,
mp-772594,Li4NbFe5O12,
mp-755663,Ta2Pb2O7,
mp-755652,Dy3TaO7,
mp-769633,NaFePCO7,
mp-769673,Tb2Bi2O7,131.2909462
mp-755731,Ta2Pb2O7,
mp-755723,Er2Pb2O7,
mp-756526,Bi2B2O7,
mp-762611,Li3Mn2Ni5O12,
mp-755635,Ho2Pt2O7,
mp-769861,Gd2V2O7,
mp-755619,Sn2P2O7,
mp-772562,Nd2V2O7,
mp-621945,La2Ge2O7,
mp-757685,Li2Cu(SiO3)2,
mp-697921,Mg5H8O9,
mp-755465,Hg2Pt2O7,
mp-762584,Li3Mn2V5O12,
mp-849444,Li2Ti2NiO6,
mp-674373,Rb2U2O7,
mp-674366,Tl3SiF7,
mp-849429,Li3Co2OF5,
mp-769599,NaCrPCO7,
mp-697451,ZnP2(HO)4,
mp-755065,Ce2Ti2O7,
mp-755492,NaCuP2O7,
mp-769229,Ho2Bi2O7,
mp-769222,Dy2Pb2O7,
mp-769211,Tb2Pb2O7,
mp-755027,In2Sn2O7,
mp-755026,La2Pt2O7,
mp-769189,Dy2Bi2O7,
mp-697263,LiAsH2OF6,
mp-762843,LiFeP2O7,
mp-697168,MgH6(NCl)2,
mp-765138,Li2Co(CO3)2,
mp-769584,NaMnPCO7,
mp-621092,Tl2Pt(CN)4,
mp-755451,BaLa2Br8,
mp-850138,LiMnP2O7,
mp-769579,KFePCO7,
mp-638749,Te3(PdBr)4,
mp-755404,Gd3SbO7,
mp-769571,Ba2Ta2O7,
mp-608162,K2CuPb(NO2)6,
mp-756318,Al2CoCl8,
mp-768010,Li2Co2SnO6,
mp-768000,Li2Cr(CO3)2,
mp-756277,Er3TaO7,
mp-755043,Al2Si2O7,
mp-767993,Li2Fe(CO3)2,
mp-765725,Na3Li5Mn5O9,
mp-625571,H2W2O7,
mp-647999,Nb2Cd2O7,
mp-754768,Tb2Pt2O7,
mp-757177,Li6CuS4,
mp-774095,Li2Mn2CuO6,
mp-754711,Nb2Pb2O7,144.7448218
mp-769775,Li2Cr2O7,
mp-767964,Li2Fe(SiO3)2,
mp-774086,Li2Mn2FeO6,
mp-647520,Sb2Pb2O7,
mp-754646,Dy2Ge2O7,
mp-754902,LiSbCSO7,
mp-754893,U4O7,
mp-776628,Li4TiV5O12,
mp-764706,Li5VO4F,
mp-781743,Li3V5Cr2O12,
mp-754857,Nb2Ge2O7,
mp-646824,Ca3Ag8,49.81201839
mp-754801,Li3Ti6O13,
mp-772118,NaCuCSO7,
mp-672184,RuC4(IO2)2,
mp-769716,LiMnPCO7,
mp-772070,LiVCSO7,
mp-776497,Li2La3Ti2Nb2O13,
mp-772666,Li2Cr2O7,
mp-669543,RbHgC3(SN)3,
mp-768890,Li4B2O5,
mp-755783,Li2Ti(BO3)2,
mp-567457,Ba3WCl2O5,
mp-5448,Pr3SbO7,
mp-559361,Cs3MnF7,
mp-555070,BaBe2(BO3)2,
mp-557032,Ba5Hf4S13,
mp-569398,La4Al5Br2,
mp-31642,LiCrP2O7,
mp-5472,Nb2Cd2O7,
mp-5477,Na5NbO5,
mp-781897,Gd3NbO7,
mp-569653,SnPCl9,
mp-559426,Pr2Zr2O7,
mp-540482,LiCrP2O7,
mp-540484,LiMnP2O7,
mp-989472,B2(CN2)3,
mp-569487,Sm2(MnBi2)3,
mp-555132,BiXeF9,
mp-31704,Tl2Cr2O7,
mp-557125,K3ReClF6,
mp-540541,Li2W2O7,
mp-559482,Ti2Bi2O7,
mp-22127,Yb2Ge2O7,
mp-561442,Y2Hf2O7,171
mp-568234,Na4CaSn6,
mp-568232,Ti6Sn5,
mp-559514,Nd4S3NCl3,
mp-6675,Na2Zn(SiO3)2,
mp-569569,Sm(AlCl4)2,
mp-553965,RbLaNb2O7,
mp-557249,K2UCu3S5,
mp-553980,Cs2Ni(PS3)2,
mp-553990,Ba4B2N4O,
mp-568443,Al2VCl8,
mp-555225,Bi2Rh2O7,
mp-29732,Ta2Mn4Si5,
mp-554082,Ho2Hf2O7,
mp-614758,Rb3MnF7,
mp-557453,La2Zr2O7,
mp-573541,Sm3(AlNi3)2,
mp-557481,Sr4RhO6,
mp-561531,Y2Si2O7,
mp-540644,Sn4SI6,
mp-554235,La2Hf2O7,
mp-561551,Y2Si2O7,
mp-569704,Tl2Ni(CN)4,
mp-569711,K5Nb(CN)8,
mp-554298,Cu2As2O7,
mp-554320,P2Pd2O7,
mp-574112,Ti(AlCl4)2,
mp-568540,Ag5Hg4P8Cl5,
mp-554361,TcXeO4F5,
mp-554389,Ta3(BiS3)2,
mp-557697,Hg2Sb2O7,
mp-559635,Sr3CaIrO6,
mp-574485,Cs4Ga2Se5,
mp-917358,Ba2U2O7,
mp-557735,BaCuTe2O7,
mp-31830,LiFeP2O7,
mp-559643,Rb2Mn(PS3)2,
mp-31837,LiFeP2O7,
mp-554545,Bi2Os2O7,
mp-581427,Eu3ReO7,
mp-557809,SbSCl9,
mp-559660,V2Cu2O7,
mp-554602,Rb2PdN2(ClO2)2,
mp-555318,K2Zn(SiO3)2,
mp-31849,LiFeP2O7,
mp-557832,K2Cd(AuS)4,
mp-579086,KSrNb2O6F,
mp-568595,Re4Si7,209.5116747
mvc-11994,Ca(Fe2O3)2,
mp-554638,Ca2Ru2O7,
mp-568603,In5Se5Cl,
mp-557890,Er2Hf2O7,
mp-557892,BaLi(BS2)3,
mp-557903,Lu2Ru2O7,
mp-559697,Co2P2O7,
mp-557918,KGaAs2O7,
mp-540759,Al2CoCl8,
mp-554768,Sm4Br6O,
mp-568627,Rb4TmI6,
mp-554782,Li2Ga2GeS6,
mp-540787,K3V5O14,
mp-580155,U(Cr3P2)2,
mp-558055,In2Cu2SiS6,
mp-554812,CuB2(PbO3)2,
mp-580327,Gd3(AlNi3)2,
mp-554818,KTe3O6F,
mp-31916,LiMnP2O7,
mp-558143,Pr4S3NCl3,
mp-580999,Ga2NiCl8,
mp-581026,Mn(C2N3)2,
mp-17237,Gd3RuO7,
mp-568692,In4Br7,
mp-554831,Yb4Cl6O,
mp-559757,Ba3Cu2(ClO2)2,
mp-581276,Cu2Te2Cl2O5,
mp-558219,SrLi(BS2)3,
mp-540834,Ni2Hg2OF6,
mp-756886,Eu3NbO7,
mp-22365,Eu3RuO7,
mp-562102,K2S2O7,
mp-540188,LiMnP2O7,
mp-31960,LiMnP2O7,
mp-613344,Na4CoAuO5,
mp-581696,CsLu2Cu3Se5,
mp-568768,Yb2(CN2)3,
mp-558392,Bi2Ir2O7,
mp-558407,In2Si(AgS3)2,
mp-559812,Rb3CrF7,
mp-558411,Y2Zr2O7,
mp-554885,Ba3Si6N4O9,
mp-581749,CsTm2Cu3Se5,
mp-558448,Pr2Ir2O7,
mp-558472,SrCu2(BO3)2,
mp-581778,Rb2CeCu3Te5,
mp-558480,K2P2O5F2,
mp-558557,BaLa4Cu5O12,
mp-562412,Ag3F8,
mp-558580,Na2Zn(SiO3)2,
mp-29661,Si5Pt6,181.0812658
mp-582175,La4Si4I3,
mp-795621,Ca2CrO8,
mp-6424,K2Zn(CN)4,
mp-570068,K(Sn3Au2)2,
mp-562854,CsNb2BiO7,
mp-582751,Y5GaCo5,
mp-32046,K2Mo2O7,
mp-768884,Li4B2O5,
mp-754637,NaCuP2O7,
mp-772008,Li4Cr5WO12,
mp-754302,Dy2Zr2O7,
mp-755757,Li2Sn(BO3)2,
mp-706504,Li2W2O7,
mp-768810,Sr4Br6O,
mp-754174,Tb2Nb2O7,
mp-764635,MnPH2CO6,
mp-768599,LiCuCSO7,
mp-754415,Tb3NbO7,
mp-754120,Dy2Nb2O7,
mp-771935,LiVAsCO7,
mp-762575,Li2(FeO2)3,
mp-755512,Sm3NbO7,
mp-761626,Li4Co5SbO12,
mp-754269,Nd3SbO7,
mp-772297,Li2Cr2O7,
mp-772282,Sb4I2O5,
mp-755031,KPrPCO7,
mp-771890,LiSnAsCO7,
mp-753905,Tm2Zr2O7,
mp-608551,Ti(AlBr4)2,
mp-30904,Ba3(CrS3)2,
mp-772252,KLi4CrO5,
mp-764720,LiFe2(BO3)2,
mp-761768,Mg10FeO11,
mp-754141,Ce3TaO7,
mp-768996,NaBiAsCO7,
mp-768989,Bi2B2O7,
mp-781694,LiMn2(BO3)2,
mp-753692,Ho2Ge2O7,
mp-644672,Cs3VH8(Cl3O2)2,
mp-753973,LiSnP2O7,
mp-768952,Bi2B2O7,
mp-768910,Bi2B2O7,
mp-1029975,Al2(CN2)3,
mp-1029920,Y2(CN2)3,
mp-605912,Al2NiCl8,
mp-778152,Sc2Pt2O7,
mp-778114,Sm2Ge2O7,
mp-757450,Sc2Ge2O7,
mp-771765,Li4NbCr5O12,
mp-764645,Li3MnF7,
mp-653981,Zr6NiCl15,
mp-754445,Li2Ti(BO3)2,
mp-753727,Y3I7O,
mp-757233,Gd2Zr2O7,
mp-753690,Li4H3BrO3,
mp-753830,Tm2Sb2O7,
mp-778528,Li2Mn(BO3)2,
mp-4103,Sr2Sb2O7,
mp-765332,Mn3F8,
mp-745101,V2Cu3H6O11,
mp-767939,Li2V2F7,
mp-765320,Li2Fe(CO3)2,
mp-761590,LiNiP2O7,
mp-604594,Ce2In5Pd4,
mp-626813,Mo2H2O7,
mp-753979,Sn2P2O7,
mp-644445,Rb4CdCl6,
mp-771795,KLi4FeO5,
mp-753903,Bi2B2O7,
mp-768250,LiPrPCO7,
mp-644245,Na2PH3O5,
mp-778337,Li2Mn(CoO3)2,
mp-763111,Li4Cr3(CoO4)3,
mp-768164,LiGePCO7,
mp-768161,LiSiPCO7,
mp-768159,LiSnPCO7,
mp-768143,NaGePCO7,
mp-849464,Li3Mn5(CuO6)2,
mp-558131,Sm2Tc2O7,
mp-753699,Bi4O5F2,
mp-771221,Li4MnCr5O12,
mp-768121,NaSbPCO7,
mp-697789,LiCrP2O7,
mp-768103,NaVPCO7,
mp-1029677,In2(CN2)3,
mp-771202,Li4Co5SnO12,
mp-32069,UMo5O16,
mp-558969,Ho3ReO7,
mp-555576,KNaS2O7,23
mp-561983,Eu3OsO7,
mp-559958,Rb3MnF7,
mp-559031,Eu4Br6O,
mp-570141,Sm2(PPt2)3,
mp-583740,Zr7P4,
mp-541066,Mg2B4Ru5,
mp-584134,LiBiP2O7,
mp-570156,Zr3Al3C5,
mp-17553,Ti2Mn4Si5,
mp-570158,KRb3CdCl6,
mp-561056,Co3(BO3)2,
mp-541106,Nb2Se9,
mp-32131,Hg2Mo2O7,
mp-5977,Nd2Zr2O7,
mp-565303,K2Fe(CO)4,
mp-6281,NaCa3RuO6,
mp-3276,Nb4Cr2Si5,
mp-849073,Cr5S6,
mp-555716,Tm2Ru2O7,
mp-570278,Yb3Ge8,
mp-765765,Li2V2F7,
mp-555785,Nd2Ti2O7,
mp-565426,Na2GaNiF7,
mp-570339,Tl4CdI6,
mp-555812,NaSr3BiO6,
mp-32434,Ca2V2O7,
mp-555827,Sr2Cu(BiO3)2,
mp-567488,LiMnP2O7,
mp-625784,H2W2O7,
mp-570438,Yb8Tl3,
mp-32537,Ag2W2O7,
mp-565540,Rb2Cr2O7,
mp-570453,Ba4W(N2Cl)2,
mp-565580,Li2Mn2NiO6,
mp-541402,K(Mo2O3)2,
mp-565626,BaVSi2O7,
mp-565625,Li3AlMo2(AsO7)2,
mp-541482,BaCeC2O6F,
mp-505607,In2Ag2GeSe6,
mp-505615,Sr3EuRhO6,
mp-8585,Pd(AuF4)2,
mp-8708,Mg(AuF4)2,
mp-560329,Ce2Zr2O7,
mp-541826,Ti(AlBr4)2,
mp-541877,TaTeCl9,
mp-555997,OsC4(ClO2)2,
mp-541897,Rb2Cd(PSe3)2,
mp-565747,Ni2P2O7,
mp-610620,Rb5(CoO2)2,
mp-560386,In2Ag2GeS6,
mp-560398,K2Zn(GeO3)2,
mp-542147,Sn(Mo2O3)2,
mp-556031,Sn2P2O7,
mp-505801,Eu2Ti2O7,
mp-542164,CsTb2Ag3Se5,
mp-542294,Sr3NiRhO6,
mp-556049,Sr4Br6O,
mp-542302,CuBi3PbS6,
mp-542332,K2Cu(CO3)2,
mp-560453,Ca7Cu(PtO6)2,
mp-556063,PrP3(HO2)6,
mp-542463,Mg(AlCl4)2,
mp-561132,K2Ge2PbS6,
mp-570971,Sr3Ga3N5,
mp-510725,SrV3O7,
mp-566483,Na2FeNiF7,
mp-561141,KYP2O7,
mp-556806,BaNa2(SiO3)2,
mp-566945,Hg2Mo2O7,
mp-510758,Sb(MoO4)2,
mp-566460,RbV2CrO7,
mp-566468,Er2V2O7,
mp-566574,K4Fe2O5,
mp-561167,Nd2Zr2O7,
mp-571055,Fe11Mo6C5,
mp-566692,MoPb3Cl2O5,
mp-571060,In9Pt13,
mp-565886,SmMnSe2ClO6,
mp-556524,Nb2Sn2O7,
mp-510346,In5Se5Br,27.21296533
mp-510347,In5S5Br,31.50698471
mp-560845,Cu2As4S3Cl2,
mp-510367,Fe2P2O7,
mp-571156,Mg(BH4)2,
mp-570873,Nb(Te2I3)2,
mp-510113,Mn5(NiBi2)2,
mp-570920,Ga5Fe6,
mp-559982,Na2AlZnF7,
mp-570946,Na2Li5Sn4,
mp-556630,RbAlAs2O7,
mp-570951,Ti(AlCl4)2,
mp-556316,Ba3NaBiO6,
mp-556661,Y2SiCO7,
mp-715479,Mo3O8,
mp-546316,Rb5(CoO2)2,
mp-18792,Ca3(CoO3)2,
mp-18797,Yb2V2O7,
mp-18806,Ni3(BO3)2,
mvc-11144,Y2Mn2O7,
mp-19658,Rb2Cr2O7,
mp-18869,Na4Mn2O5,
mp-19674,Sc2Mn2O7,
mp-27561,Rb9O2,
mp-19679,Y2Mo2O7,177
mp-2933,Pr2(ReB2)3,213
mp-19707,V2Zn2O7,
mp-18911,LiVP2O7,
mp-30061,Sn4BRh6,
mp-1024047,Na6ZnSe4,
mp-32500,Mg2V2O7,
mp-18984,Na2ZrNi(P2O7)2,
mp-18987,LiMoP2O7,
mp-10553,Mg(C2N3)2,
mp-19036,Tm2V2O7,
mp-649213,Th6FeBr15,
mvc-12078,CaNiP2O7,
mp-24871,K3Co(NO2)6,22
mp-24872,K2BaCo(NO2)6,
mp-1642,Ta5N6,
mp-24876,Co3(BO3)2,
mp-19103,LiCrP2O7,
mp-19110,BaCrP2O7,
mp-1029656,Na6WN4,54.64718772
mp-755901,Sm3NbO7,
mp-755678,Ca(LaI4)2,
mp-669325,TeWCl9,
mp-566186,Sm2Mo2O7,
mp-1013726,Cd4SF6,
mp-697236,MgH2(SeO3)2,
mp-755461,Dy3TaO7,
mp-5447,Sm3OsO7,
mp-1029602,Sc2(CN2)3,
mp-774241,NaVAsCO7,
mp-625894,Ba(H2O3)2,
mp-626664,H2W2O7,
mp-625888,Ba(H2O3)2,
mp-625871,Sr(H2O3)2,
mp-607464,Re2Cl5O4,
mp-778029,LiMn2(BO3)2,
mp-771206,Li4FeCo5O12,
mp-625836,Sr(H2O3)2,
mp-768024,V2P2O7,
mp-625832,Ba(H2O3)2,
mp-696776,BaAl3P2(HO7)2,
mp-625821,Sr(H2O3)2,
mp-625812,Sr(H2O3)2,
mp-625809,Ba(H2O3)2,
mp-1029739,Li6FeN4,83.54721278
mp-768163,Li7(SbS)2,
mp-771089,Li4MnFe5O12,
mp-696329,RbCa(H2N)3,
mp-768139,Li8Sb2S,
mp-1029542,Na6MoN4,53.16659074
mp-771222,Hg2W2O7,
mp-696231,H4CN5Cl,
mp-696175,NaAsH4O5,
mp-625560,H7BrO3,
mp-625555,H7BrO3,
mp-774120,Hg2W2O7,
mp-767973,Li2Fe(SiO3)2,
mp-686765,YTi2CdO6F,
mp-626015,Ba(H2O3)2,
mp-765131,Li2Mn2OF6,
mp-625964,Ba(H2O3)2,
mp-697033,CdH4CN2Cl2O,
mp-625909,Ba(H2O3)2,
mp-765120,Li2Mn2OF6,
mp-849355,LiMnP2O7,
mp-696886,KH(CN2)3,
mp-510324,Ce3(SiNi3)2,
mp-696174,NaH3C2O5,
mp-1014204,Sn5(S2Cl)2,
mp-625583,H7BrO3,
mp-743878,Fe2Te4H3ClO12,
mp-19153,Lu2Mn2O7,
mp-12533,La2Hf2O7,164.8165474
mp-19166,Sr3NiPtO6,
mp-19185,Mn3(BO3)2,
mp-19187,Na2ZrCo(P2O7)2,
mp-19194,BaMnP2O7,
mp-19200,Tb2Mo2O7,
mp-510605,Gd2Zr2O7,
mp-19294,LiFeP2O7,
mp-25127,Lu2V2O7,
mp-14503,Er3CrB7,
mp-14563,NaCa3IrO6,
mp-19321,Na6MnO4,
mp-3503,Li6WN4,84.67706932
mp-14794,K6CoS4,
mp-510674,Eu3NbO7,
mp-19374,K2SrNi(NO2)6,
mp-566240,Na5WNO4,
mp-16623,DyAl7Au3,
mp-25541,MnTl2H2OF5,
mp-25554,Mn2Tl2O7,
mp-25561,LiMnPCO7,
mp-25565,Rb2MnH2OF5,
mp-25567,RbMnH4Cl3O2,
mp-25601,Sr3NiPbO6,
mp-25626,K2VH2OF5,
mp-25629,LiVPCO7,
mp-5322,Pr3IrO7,
mp-569002,Y3ReB7,
mp-540005,LiPWCO7,
mp-566151,Pb3WCl2O5,
mp-566244,Zr(MoO4)2,
mp-566245,BaMn2O8,
mp-765005,Li2Co(SiO3)2,
mvc-652,Ti(WO4)2,82.87927897
mvc-654,Mo(WO4)2,
mvc-655,Mn(WO4)2,
mvc-660,Sn(WO4)2,
mvc-658,Bi(WO4)2,
mvc-657,Fe(WO4)2,
mvc-656,Re(WO4)2,
mvc-6636,CaTiP2O7,
mvc-6638,CaCuP2O7,
mvc-6707,MgSnP2O7,
mvc-6669,MgTiP2O7,
mvc-6671,TiZnP2O7,
mvc-6726,CaSnP2O7,
mvc-6712,ZnCuP2O7,
mvc-6728,ZnSnP2O7,
mvc-669,Cr(WO4)2,
mvc-6731,MgCuP2O7,
mvc-683,Ta(WO4)2,
mvc-690,Te(WO4)2,
mvc-6941,CaCoP2O7,
mvc-6951,CaMnP2O7,
mvc-6957,CaVP2O7,
mvc-6942,MgCoP2O7,
mvc-6949,CaNiP2O7,
mvc-6952,MgMnP2O7,
mvc-6954,CaFeP2O7,
mvc-6961,MgFeP2O7,
mvc-6970,MgVP2O7,
mvc-6967,MgCrP2O7,
mvc-6958,MnZnP2O7,
mvc-6955,MgNiP2O7,
mvc-6968,CaP2WO7,
mvc-6959,ZnFeP2O7,
mvc-6971,ZnCrP2O7,
mvc-6969,VZnP2O7,
mvc-6965,MgP2WO7,
mvc-6988,ZnNiP2O7,
mvc-6997,ZnP2WO7,
mvc-734,Ni(WO4)2,
mvc-782,ZnCr4O6,
mvc-788,W3O8,
mvc-786,MgMn4O6,
mvc-794,MgCr4O6,
mvc-793,CaMn4O6,
mvc-8147,W3O8,
mvc-811,MgV4O6,
mvc-8154,Cr3O8,
mvc-819,Mn4ZnO6,
mvc-822,V4ZnO6,
mp-677010,YbTi2CdO6F,
mvc-823,Zn(Co2O3)2,
mvc-831,Zn(W2O3)2,
mvc-835,Mg(Co2O3)2,
mvc-838,Mg(Fe2O3)2,
mvc-843,Mg(Ni2O3)2,
mvc-855,CaCr4O6,
mp-677732,NdTi2CdO6F,
mvc-868,Mg(W2O3)2,
mvc-874,Zn(Fe2O3)2,
mvc-871,Ca(Co2O3)2,
mvc-876,Zn(Ni2O3)2,
mvc-882,Ca(Ni2O3)2,
mvc-902,CaV4O6,
mp-20623,K2Cd(CN)4,
mvc-16451,Ca3ScCoO6,
mvc-16466,Ca3FeRhO6,
mvc-16517,Ca3MnNiO6,
mvc-16446,Ca3CuRhO6,
mvc-16479,Ca3CoRhO6,
mvc-16487,CaEu2(CuO3)2,
mvc-1923,Ti9O13,
mvc-20,Nb2TeO8,
mvc-1956,Cu9O13,
mvc-2260,Cr9O13,
mvc-2263,Co9O13,
mvc-2249,Mn9O13,
mvc-2316,Ni9O13,
mvc-2293,V9O13,
mvc-2546,Ta2TeO8,
mvc-2899,W9O13,
mvc-2968,Ta2MoO8,
mvc-2975,Ta2WO8,
mvc-3013,Ta2CrO8,
mvc-314,Mg(Cu2O3)2,
mvc-321,MgTi4O6,
mvc-327,CaTi4O6,
mvc-329,Ti4ZnO6,
mvc-366,Zn(Sn2O3)2,
mvc-404,Ca(Sn2O3)2,
mvc-368,Zn(Cu2O3)2,
mvc-384,Ca(Cu2O3)2,
mvc-479,Nb2MoO8,
mvc-486,Nb2WO8,
mvc-480,Nb2CrO8,
mvc-5900,CaP2WO7,
mvc-632,Co(WO4)2,
mvc-642,V(WO4)2,
mvc-645,Sb(WO4)2,
mvc-13540,Nb2ReO8,
mvc-15034,Y2(CuO2)3,
mp-643913,CoH6(NCl)2,
mp-643841,KV2P2H4O13,
mp-643793,Cu3H2(OF2)2,
mp-862687,CuH6(NCl)2,
mp-865404,Tm3ReB7,
mp-866952,Ca5Sn4S13,
mp-867190,Pr4Ge7,
mp-1073876,Mg6Si5,
mp-1073911,Mg6Si5,
mp-1073909,Mg6Si5,
mp-1073992,Mg6Si5,
mp-1073929,Mg6Si5,
mp-762879,Li2MnV2O6,
mp-1073935,Mg6Si5,
mp-1073962,Mg6Si5,
mp-1073904,Mg6Si5,
mp-1073998,Mg6Si5,
mp-1073919,Mg6Si5,
mp-1073996,Mg6Si5,
mp-1074011,Mg6Si5,
mp-1073916,Mg6Si5,
mp-1074080,Mg4Si7,
mp-31125,Zr2Cr4Si5,
mp-1074110,Mg4Si7,
mp-1074108,Mg4Si7,
mp-1074007,Mg6Si5,
mp-1074088,Mg4Si7,
mp-1074141,Mg4Si7,
mp-1074144,Mg4Si7,
mp-1074094,Mg4Si7,
mp-1074148,Mg4Si7,
mp-1073921,Mg6Si5,
mp-1073908,Mg6Si5,
mp-1073877,Mg6Si5,
mp-1073926,Mg6Si5,
mp-1073933,Mg6Si5,
mp-1073900,Mg6Si5,
mp-1074122,Mg4Si7,
mp-1074123,Mg4Si7,
mp-1074175,Mg4Si7,
mp-1074131,Mg4Si7,
mp-1074146,Mg4Si7,
mp-1074149,Mg4Si7,
mp-1074143,Mg4Si7,
mp-1074145,Mg4Si7,
mp-1074174,Mg4Si7,
mp-1074195,Mg4Si7,
mp-1074147,Mg4Si7,
mp-1074201,Mg4Si7,
mp-1074192,Mg4Si7,
mp-1074233,Mg4Si7,
mp-1074178,Mg4Si7,
mp-1074240,Mg4Si7,
mp-1074181,Mg4Si7,
mp-1074194,Mg4Si7,
mp-1074193,Mg4Si7,
mp-1074199,Mg4Si7,
mp-1074203,Mg4Si7,
mp-1074189,Mg4Si7,
mp-1074207,Mg4Si7,
mp-1074209,Mg4Si7,
mp-1074218,Mg4Si7,
mp-1074213,Mg4Si7,
mp-1074228,Mg4Si7,
mp-1074265,Mg4Si7,
mp-1074135,Mg4Si7,
mp-1074106,Mg4Si7,
mp-1074798,Mg7Si4,
mp-1074799,Mg7Si4,
mp-1074803,Mg7Si4,
mp-1074815,Mg7Si4,
mp-1074820,Mg7Si4,
mp-1074830,Mg7Si4,
mp-1074835,Mg7Si4,
mp-1074841,Mg7Si4,
mp-1074849,Mg7Si4,
mp-1074843,Mg7Si4,
mp-1074846,Mg7Si4,
mp-1074788,Mg7Si4,
mp-1074858,Mg7Si4,
mp-1074863,Mg7Si4,
mp-1074856,Mg7Si4,
mp-1074887,Mg7Si4,
mp-1074833,Mg7Si4,
mp-1074917,Mg7Si4,
mp-1074923,Mg7Si4,
mp-1074851,Mg7Si4,
mp-1074938,Mg7Si4,
mp-1075362,Mg5Si6,
mp-1075372,Mg5Si6,
mp-1075384,Mg5Si6,
mp-1075366,Mg5Si6,
mp-1075377,Mg5Si6,
mp-1075405,Mg5Si6,
mp-1075399,Mg5Si6,
mp-1075396,Mg5Si6,
mp-1075412,Mg5Si6,
mp-1075413,Mg5Si6,
mp-1075406,Mg5Si6,
mp-1075360,Mg5Si6,
mp-1075430,Mg5Si6,
mp-1075368,Mg5Si6,
mp-1075387,Mg5Si6,
mp-1075385,Mg5Si6,
mp-1075421,Mg5Si6,
mp-1075489,Mg5Si6,
mp-1075403,Mg5Si6,
mp-1075469,Mg5Si6,
mp-1075418,Mg5Si6,
mp-1075481,Mg5Si6,
mp-1075495,Mg5Si6,
mp-1075502,Mg5Si6,
mp-1075422,Mg5Si6,
mp-1075504,Mg5Si6,
mp-1075433,Mg5Si6,
mp-1075521,Mg5Si6,
mp-1075515,Mg5Si6,
mp-1075486,Mg5Si6,
mp-1075490,Mg5Si6,
mp-1075464,Mg5Si6,
mp-1075479,Mg5Si6,
mp-1075483,Mg5Si6,
mp-1075466,Mg5Si6,
mp-1075532,Mg5Si6,
mp-1075500,Mg5Si6,
mp-1075496,Mg5Si6,
mp-1075487,Mg5Si6,
mp-1075513,Mg5Si6,
mp-1075505,Mg5Si6,
mp-1075475,Mg5Si6,
mp-1075510,Mg5Si6,
mp-1075566,Mg5Si6,
mp-1075578,Mg5Si6,
mp-1075570,Mg5Si6,
mp-1075577,Mg5Si6,
mp-1075576,Mg5Si6,
mp-1075589,Mg5Si6,
mp-1075582,Mg5Si6,
mp-28003,H6OF4,
mp-1006390,Ce4Si3Rh4,
mp-1013750,Sn4SF6,
mp-1013730,Cd5(S2Cl)2,
mp-1029921,Ca3Al3N5,112.8890422
mp-1029782,Ca3W3N5,110.201798
mp-1029733,Sr3Al3N5,103.808115
mp-1013760,Sn5(S2Cl)2,
mp-1029490,Sr3B3N5,69
mp-779012,Tm3TaO7,
mp-690571,In2(HgTe2)3,
mp-690672,K3NaFeCl6,
mp-31918,BaMn2O8,
mp-1029498,Li6CrN4,85.34791219
mp-16152,Pr2Te2O7,
mp-16183,Tl2B2Se7,
mp-16184,Rb2B2Se7,
mp-10096,Na3Sr3GaP4,
mp-10097,Na3Sr3GaAs4,
mp-11646,Cd(C2N3)2,
mp-11643,K2Mg(PSe3)2,
mp-13619,ScSi7Rh3,
mp-13620,ScSi7Ir3,
mp-1365,Ti6Ge5,
mp-13664,Sr2Ta2O7,
mp-16280,Ca2Sb2O7,
mp-16281,Cd2Sb2O7,
mp-13748,Cs3SiF7,
mp-13801,Tl2Pt2O7,168.4281433
mp-13803,Nb2Hg2O7,
mp-2503,Pd7Se4,
mp-13859,K3SiF7,
mp-10299,Ca4PdO6,
mp-16432,Sr3(BO3)2,
mp-1645,Al9Rh2,
mp-11893,K2Pd(CN)4,
mp-16488,Al9Co2,106.1017804
mp-12003,Al9Ir2,
mp-10392,Sr3CdPtO6,
mp-14026,Ca2Ta2O7,
mp-14145,Ca2Sb2O7,
mp-10461,NaSr3SbO6,
mp-1419,S5N6,
mp-16620,LuAl7Au3,
mp-16622,NdAl7Au3,
mp-16621,HoAl7Au3,
mp-16624,ErAl7Au3,
mp-16625,YbAl7Au3,
mp-16626,SmAl7Au3,
mp-16627,TmAl7Au3,
mp-12145,K2BaCu(NO2)6,
mp-10517,LiScP2O7,
mp-12171,K6MgO4,
mp-12243,Rb3SiF7,
mp-12244,Cs3TiF7,
mp-12245,Rb3TiF7,
mp-12286,Sr2Ta2O7,
mp-12287,La3NbO7,
mp-14345,BaZnP2O7,
mp-14356,Dy3MnB7,
mp-14374,Na3Rh(NO2)6,
mp-12362,AgHg3SbO6,
mp-1443,Sn3F8,
mp-14500,Sr(As3Pt2)2,
mp-14501,Ba(As3Pt2)2,
mp-14542,Y3FeB7,
mp-14560,Ca2Ta2O6F,
mp-614760,Cs3MnF7,
mp-14780,Na6MnSe4,
mp-14782,Na6MnTe4,
mp-14795,K6CoSe4,
mp-14963,Pr3NbO7,
mp-14964,Pr3TaO7,
mp-14968,Dy2Ru2O7,
mp-15071,Na6FeSe4,
mp-15073,BaSmC2O6F,
mp-11031,CeAl7Au3,
mp-11033,TbAl7Au3,
mp-11034,PrAl7Au3,
mp-15161,Tb2Ru2O7,
mp-15170,Lu2Sn2O7,
mp-15177,Ho4C7,
mp-15178,Lu4C7,126.4002349
mp-15269,Sr3CdIrO6,
mp-1297,Tl9Pd13,
mp-13042,NaSr3TaO6,
mp-1311,Cr5S6,
mp-11321,Y3TaO7,
mp-15572,Na3Ca3AlAs4,
mp-13211,Ag2Te2O7,
mp-13241,MgSi7Ir3,
mp-19863,K2CuPb(NO2)6,
mp-17451,Nd3ReO7,
mp-1812,Hg5Au6,
mp-27938,Tl6SI4,
mp-24297,SrP2(HO)4,
mp-24298,P2H4PbO4,
mp-19037,K2W2O7,
mp-30791,Ho3(AlNi3)2,
mp-24316,CdP2(HO)4,
mp-8804,Li6MoN4,83
mp-29452,Sc4BCl6,
mvc-11955,CaCrP2O7,
mp-19144,Rb2W2O7,
mp-29468,Rb6Cl4O,
mp-29479,C2(OF2)3,
mp-19224,Ca3MnZnO6,
mp-772552,Li6CrO4,
mp-19256,Er2Mn2O7,
mp-28035,BaP10,
mp-19278,BaCoP2O7,
mp-24461,H12OsN5Cl3O,
mp-19310,Na3Co(NO2)6,
mp-29542,K4Bi2O5,
mp-22711,GdAl7Au3,
mp-4351,K2B2S7,
mp-28095,Au2Se2O7,
mp-4383,Nd2Fe17N3,
mp-28107,Na4Ge2Te5,
mp-4394,Pr2Sn2O7,
mp-4408,Sm2Zr2O7,
mp-4423,La2Ti2O7,
mp-16783,Cd2Re2O7,
mp-29592,RePCl9,
mp-28149,Bi9I2,
mp-16807,Dy3(AlNi3)2,
mp-19634,Sr3ScNiO6,
mp-15281,Sm3ReO7,
mp-16884,RbEr2Cu3Se5,
mp-29637,K4MnBr6,
mp-24847,K2CoPb(NO2)6,
mp-4577,Y3(AlNi3)2,
mp-29645,Nb2Cr4Si5,
mp-24869,Na3Co(NO2)6,
mp-24874,Rb2CoPb(NO2)6,
mp-4598,Sr4PtO6,
mp-4602,Tb2Ti2O7,
mp-28256,V2Se9,
mp-558817,Na2FeNiF7,
mp-16984,Sr3MgRhO6,
mp-3334,Tm2Sn2O7,
mp-3335,Sm2Ti2O7,
mp-28293,SnPCl9,
mp-7234,Nb5N6,
mp-19784,In2Si2O7,227.6011129
mp-22930,Rb4CdCl6,
mp-25101,K2CaNi(NO2)6,
mp-25103,K2NiPb(NO2)6,
mp-28315,Rb4CdBr6,
mp-4710,Hg3(BO3)2,
mp-29713,NbTeCl9,
mp-29716,TaTeBr9,
mp-29715,TeWBr9,
mp-25179,Na2W2O7,
mp-17064,Gd2Sn2O7,
mp-32061,La2Mo2O7,
mp-30889,Ho2Ru2O7,
mp-30902,Er2Ru2O7,
mp-28355,Na4Ge2Se5,
mp-17210,Nb2V4Si5,
mp-25418,LiTiPCO7,
mp-28361,Al2CdCl8,
mp-17113,Sm2Ru2O7,
mp-25466,LiCuPCO7,
mp-17114,Nd2Sn2O7,
mp-3370,Y2Sn2O7,
mp-25481,LiCoPCO7,
mp-3375,Nd4Ge3Rh4,
mp-17141,Er3(AlNi3)2,
mp-25529,LiFePCO7,
mp-33803,Nd2Mo2O7,
mp-17149,Sr3ErRhO6,
mp-21327,Rb3Ir(NO2)6,
mp-29775,Sr4PdO6,
mp-17161,K6CdO4,
mp-29778,Nd4Ge7,
mp-30944,Ce4Ga5Br2,
mp-23063,Ba4Cl6O,
mp-33948,Ho2Ti2O7,
mp-17185,Ca4Si3Pd4,
mp-643061,Mg3ReH7,
mp-19930,Nd2Ru2O7,
mp-28455,Hg2P2O7,
mp-19931,Na2MgAlF7,
mp-23125,K3NaFeCl6,
mp-28467,Cs2Cu5Se4,
mp-615478,Li6CoO4,
mp-779249,Gd3TaO7,
mp-568306,Mg5Si6,62.61080279
mp-714919,V4O7,
mp-675570,Mn3(SiTe3)2,
mp-569007,Ga,
mp-1073950,Mg6Si5,
mp-25543,Ca3MnNiO6,
mp-559259,Ni2Hg2SF6,
mp-18831,Y2Mn2O7,
mp-18254,Nb7P4,
mp-5433,Pr3RuO7,
mp-558434,Ca3CuRhO6,
mp-565866,Na5MoNO4,
mvc-943,Ca(W2O3)2,
mp-1074925,Mg7Si4,
mp-1075499,Mg5Si6,
mp-687079,LiFeP2O7,
mp-1096872,B2(CN2)3,
mp-769395,Ho3ReO7,
mp-1096849,Zn3(GaS3)2,
mp-557959,Cr3O8,
mp-1097791,B2(CN2)3,
mp-618050,UMo5O16,
mp-695787,LiMnP2O7,
mp-18743,CaMnP2O7,
mp-694614,LiMnP2O7,
mp-629339,SrV3O7,
mp-621502,Na2FeNiF7,
mp-31851,Ca(Fe2O3)2,
mp-585246,LiCoP2O7,
mp-684730,EuTi2CdO6F,
mp-566572,SrVSi2O7,
mp-557647,Na6CoS4,
mvc-14264,Fe9O13,
mp-645593,Ca3ScCoO6,
mp-559947,K6CoS4,
mp-560530,Nb2Cd2O7,117.4568993
mp-19296,SrVSi2O7,
mp-1074916,Mg7Si4,
mp-28167,Th6CoBr15,
mp-1073958,Mg6Si5,
mp-1075569,Mg5Si6,
mp-772809,KSnPCO7,
mp-1073910,Mg6Si5,
mp-780162,Li4Ti3(CoO4)3,
mp-24608,K2AlH2OF5,
mp-1074855,Mg7Si4,
mp-699399,K2BaNi(NO2)6,
mp-767538,NaCePCO7,
mp-773250,KPWCO7,
mp-505630,Ta2Cr4Si5,
mp-1074844,Mg7Si4,
mp-1075573,Mg5Si6,
mp-39387,SrLiTa2O6F,
mp-669510,Cd6Sb5,
mp-1075363,Mg5Si6,
mp-5481,Na6CoS4,
mp-768766,Tb3SbO7,
mp-31102,Tb3ReO7,
mp-1073927,Mg6Si5,
mp-638236,OsC4(ClO2)2,
mp-1073915,Mg6Si5,
mp-29689,Nb3TeI7,
mp-767688,NaNdPCO7,
mp-1073940,Mg6Si5,
mp-566540,Na2CrNiF7,
mp-1073934,Mg6Si5,
mp-1073917,Mg6Si5,
mp-756135,Tb3NbO7,
mp-1073903,Mg6Si5,
mp-17666,Nd3OsO7,
mp-768152,NaZrPCO7,
mp-570838,CdHg4(AsI2)2,
mp-1074930,Mg7Si4,
mp-1074891,Mg7Si4,
mp-667192,La4C5Cl2,
mp-859785,Li3Ni2OF5,
mp-767181,Li3Mn2OF5,
mp-1233,Cu6Sn5,
mp-14373,Y3B7W,
mp-18481,K6MnSe4,
mp-22405,Ni(C2N3)2,
mp-29361,K2U2O7,
mp-5373,Y2Ti2O7,186.4823695
mp-772886,BaLa2Cl8,
mp-973395,Ho3ReB7,
mp-769128,Dy2Sb2O7,
mp-31132,Hg4OF6,
mp-510414,V4O7,
mp-976437,Gd3MnB7,
mp-756880,KCePCO7,
mp-1074832,Mg7Si4,
mp-25602,LiNiPCO7,
mp-571557,V6Ga5,
mp-558423,Sm4I6O,
mp-26650,LiSnP2O7,
mp-32861,Rh3Se8,
mp-25225,Ba2(CuO2)3,
mp-26629,LiTiP2O7,
mp-510052,Hf5(In2Rh)2,
mp-569796,Nb2Cr4Si5,
mp-583034,Ba2U2O7,
mp-25537,Fe(WO4)2,
mp-31535,LiCoP2O7,
mp-25580,Mo3O8,
mp-27772,Nb3I8,
mp-12161,K2SrCu(NO2)6,
mp-28374,S5N5Cl,
mp-25655,Pr(WO4)2,
mp-540164,LiNiP2O7,
mp-570419,Zr3Al3C5,
mp-1074792,Mg7Si4,
mp-17935,Nd2(ZnGe2)3,
mp-24164,CuH2(SeO3)2,
mp-31548,LiCoP2O7,
mp-20364,K3Rh(NO2)6,
mp-560402,U3O8,
mp-31354,Pr3OsO7,
mp-27321,Na3(CuS)4,40.28127891
mp-32411,LiVP2O7,
mp-32408,LiVP2O7,
mp-558097,Ti4O7,
mp-562673,Na2ZrCo(P2O7)2,
mp-19134,CaCrP2O7,
mp-619898,BaCoP2O7,
mp-19057,CaNiP2O7,
mp-18776,CaCoP2O7,
mp-504547,Al2PdCl8,
mp-638229,Fe2P2O7,
mp-19732,Cs2CuPb(NO2)6,
mp-568723,Rb4CdBr6,
mp-1100705,Gd3NbO7,
mp-8084,NaNb6O15F,
mp-7531,Ca4Al6O13,
mp-9535,Al6Cd4TeO12,
mp-6853,Ca3TaGa3(SiO7)2,
mp-9392,Sr4Al6TeO12,
mp-780837,Na2Cr7O14,
mvc-12777,Mg(Mo3O8)2,
mp-9203,Al6Cd4SO12,
mp-764936,Li8(FeO2)5,
mp-765021,Li2V3(P2O7)2,
mp-8921,Cd4P6SN12,
mp-8877,Sr4Al6SO12,
mp-8876,Ca4Al6SO12,
mp-6788,La3Ga5SnO14,
mp-978039,Ho4Ga16Co3,
mp-850116,Li8(NiO2)5,
mp-675134,Sr5Ti5O13,
mp-849259,Li3Mn4(BO3)4,
mp-774072,Fe7O3F13,
mp-672339,Ag2Hg7(P4I3)2,
mvc-15081,Zn(Mo3O8)2,
mvc-10994,Ca3Co2(Si2O7)2,
mp-985697,Ba3Si6(NO6)2,
mp-763684,Li8(CoO2)5,
mvc-13041,Ca11(MnN5)2,
mp-694587,Co3(PO4)4,
mvc-11164,Ca11(FeN5)2,
mp-989229,MgH8(ClO6)2,
mp-762410,Li12Mn2O9,
mp-769710,Li3Fe2P2(CO7)2,
mp-6137,Mg4P6SN12,
mp-585195,Li2Co3(P2O7)2,
mp-775625,Na3Mn2P2(CO7)2,
mp-764844,Li7V4O11F,
mp-764759,Li6Mn5O12,
mp-764771,Li6V5O12,
mp-769349,BaTa6O16,
mp-764763,Li7Mn4O12,
mp-753593,Ti10O13,
mp-764422,Na2(NiO2)7,
mp-780188,Li6Fe5O12,
mp-753437,La5Cu5O13,
mp-780105,Li3Mn4(BO3)4,
mp-705417,Fe11O12,
mp-752959,Sc5Cu5O13,
mp-695170,Nd3Al3Si3(NO6)2,
mp-767346,Mn5(Si2O7)2,
mp-767345,Cr5(Si2O7)2,
mp-684736,TiH12N3F7,
mp-767233,V6Cu2O15,
mp-760678,Sb2H4AuF16,
mp-675786,Cu3(BiI4)4,
mp-865188,MgH8(ClO6)2,
mp-773747,Li3Fe4(BO3)4,
mp-763581,Li8(FeO2)5,
mp-770254,Li3Mn2P2(CO7)2,
mp-778594,Na2V6O15,
mp-755260,Cd4B6O13,
mp-851023,Li3Mn4(BO3)4,
mp-753524,La2(BiO2)7,
mp-767357,NiH12SO9,
mp-773362,Li2V6O15,
mp-868279,Mn7F16,
mp-850951,Li3MnV(P2O7)2,
mp-30253,Na10SrSn12,
mp-690511,K10Co4O9,
mp-636461,Ga2Ge4Pb3O14,
mp-23151,Na4BeAlSi4ClO12,
mp-26871,Li2Sn3(P2O7)2,
mp-504496,Ho6Fe16O,
mp-18062,Na10YbSn12,
mp-28800,K2Bi8Se13,
mp-504894,MgH12SeO9,
mp-30190,UMo13P9,
mp-23887,MgH12SO9,
mp-23888,MgTe(H4O3)3,
mp-23905,KMgH9(CO5)2,
mp-23975,NiH12C2(SN3)2,
mp-30252,Na10CaSn12,
mp-39215,Zn3GaB6PO12,
mp-393,Pd16S7,
mp-542496,Ca6Ag16N,63.64846324
mp-567042,FeB2C6(O3F4)2,
mp-554949,Ba6Ru2Pt(ClO6)2,
mp-567148,Cr(B3H8)2,
mp-571425,Ag2Hg7(P4Br3)2,
mp-540209,Li2Cr3(P2O7)2,
mp-676275,Nd2Pb5F16,
mp-756770,UNb6O16,
mp-672262,La3Zn3Ge2SbO14,
mp-756557,LiY4Ti4(S2O5)2,
mp-770009,Li3Mn2P2(CO7)2,
mp-675492,SrLa5F17,
mp-765858,Li2Ni3(P2O7)2,
mp-763241,Li3Cr2P2(CO7)2,
mp-765839,CoRe2(H2O3)4,
mp-603902,Sr5Mn5O13,
mp-675219,Ba9(LaS6)2,
mp-769666,Li5Mn6O12,
mp-674646,Ca4Bi6O13,
mp-673874,Ba9(NdS6)2,
mp-765723,Na3Li6Mn5O9,
mp-850069,Li3Mn4(BO3)4,
mp-540433,Li2Fe3(P2O7)2,
mp-540469,Li2Co3(P2O7)2,
mp-569508,Pr6Cd4Pd13,
mp-540604,Dy6Fe16O,
mp-540605,Y6Fe16O,
mp-31751,Ba2Cr7O14,
mp-561507,Ca4Al6O13,
mp-554139,Ba3Ga2(Ge2O7)2,
mp-540639,FeH8C4(S2N3)2,
mp-554231,Nd5Cu5O13,
mp-557537,Zn4P6N12O,
mp-573908,Sr11(MgSi5)2,
mp-557650,Sr3P6(N4O3)2,
mp-567013,K4Ni(NO2)6,
mp-558113,Ba6Nb2Ir(ClO6)2,
mp-31933,Li2Mn3(P2O7)2,
mp-558298,Zn3TeAs2Pb3O14,
mp-558325,K2YNb5O15,
mp-558595,Ba6Ru3(ClO6)2,
mp-582055,La7Ni16,
mp-764725,Li7V4O11F,
mp-764713,Li7V4O11F,
mp-781754,Li3Mn2(P2O7)2,
mp-764701,Li8Mn5O10,
mp-648164,Mn2Hg(CO)10,
mp-1019524,Ba3P6(N4O3)2,
mp-645708,Co5Se4(ClO6)2,
mp-645682,Co5Se4(BrO6)2,
mp-753975,Dy2(BiO2)7,
mp-626621,V6H4O13,
mp-626610,V6H4O13,
mp-626607,V6H4O13,
mp-583429,CuH8C6(N3O)2,
mp-565243,Ni5Se4(BrO6)2,
mp-32312,Re2Ni(H2O3)4,
mp-541149,Cu4Bi7S12,
mp-565428,Mn4Bi3NO15,
mp-570441,Sm4Ga16Co3,
mp-555851,Na2Cd3(P2O7)2,
mp-566404,BaMo4(PO8)2,
mp-556538,Na8(CuO2)5,
mp-565953,Ba3NbFe3(SiO7)2,
mp-510426,Ta4Te16Pd3,
mp-866687,Gd4Ga16Co3,
mp-505213,Ba6Na16N,
mp-19122,BaSr2Mn2(Si2O7)2,
mp-697114,MgH12SO9,
mp-765133,Li3VCr(P2O7)2,
mp-696181,UH12(NO4)2,
mp-865440,U6Co12Ge4C,
mp-19343,Co4B6O13,
mp-689958,Li2Fe3(P2O7)2,
mvc-16340,Ba2Ca3Tl2(CuO3)4,
mvc-28,Ba2Mg3Tl2(FeO3)4,
mvc-29,Ba2Mg3Tl2(CoO3)4,
mvc-63,Ba2Mg3Mn4Tl2O12,
mvc-10567,Ba2Ca3Ti4Tl2O12,
mvc-10580,Ba2Ti4Tl2Zn3O12,
mvc-128,Ba2Tl2Zn3(CoO3)4,
mvc-126,Ba2Ca3Tl2(NiO3)4,
mvc-144,Ba2Tl2Zn3(WO3)4,
mvc-138,Ba2Ca3Mn4Tl2O12,
mvc-146,Ba2Mn4Tl2Zn3O12,
mvc-139,Ba2Tl2Zn3(FeO3)4,
mvc-150,Ba2Ca3Tl2V4O12,
mvc-148,Ba2Tl2Zn3(NiO3)4,
mp-862811,Cs2KU2(Si2O7)2,
mp-862806,Er4Ga16Co3,
mp-767968,Na3Ni2P2(CO7)2,
mp-777905,Fe7(OF7)2,
mp-743854,KNiH9(CO5)2,
mp-1019566,Ca3ZnGe5O14,
mp-690572,Li5(NiO2)6,
mp-776713,Li3Mn4(BO3)4,
mp-776720,Li3Mn4(BO3)4,
mp-16136,Sr3TaGa3(SiO7)2,
mp-14482,SrNb6O16,
mp-971661,Si,79
mp-262,Na3B20,
mp-14921,Zn4B6SeO12,
mp-12881,Ba3NbGa3(SiO7)2,
mp-15312,Ca4Al6TeO12,
mp-15833,Zn4P6SN12,
mp-24307,CdH8C4(S2N3)2,
mp-557385,K4Ru(NO2)6,
mp-24528,CrH8C4(S2N3)2,
mp-25205,Cu5(Si2O7)2,
mp-4812,Zn4B6O13,
mp-25609,NiH12(N3O2)2,
mp-638558,Na10EuSn12,
mvc-10662,Ba2Ca3Tl2(SnO3)4,
mp-775633,Na6Mn7O10,
mp-765679,Na5(NiO2)6,
mp-753769,Sr3Li3La5O12,
mvc-132,Ba2Mg3Tl2(NiO3)4,
mvc-248,Ba2Ca3Tl2(WO3)4,
mvc-122,Ba2Ca3Tl2(CoO3)4,
mp-565519,V2Cu5(HO3)4,
mvc-10499,Ba2Mg3Ti4Tl2O12,
mvc-141,Ba2Tl2Zn3Cr4O12,
mvc-10576,Ba2Mg3Tl2(SnO3)4,
mvc-16349,Ba2Ca3Tl2(CuO3)4,
mvc-149,Ba2Ca3Tl2Cr4O12,
mvc-145,Ba2Ca3Tl2(FeO3)4,
mvc-129,Ba2Mg3Tl2(WO3)4,
mvc-10620,Ba2Tl2Zn3(SnO3)4,
mp-540169,Co3(PO4)4,
mvc-10555,Ba2Tl2Zn3(CuO3)4,
mvc-10565,Ba2Mg3Tl2(CuO3)4,
mp-600423,V2Cu5(HO3)4,
mp-984836,DyB4Ru,
mp-782666,Mn2O3F,
mp-782664,Ti3MnO8,
mp-764884,Fe4O7F,
mp-767647,LiVF4,
mp-7463,Cu3P,123.445856
mp-982777,TmB4Os,
mp-982662,Eu2MgSi2O7,
mp-982045,YbB4Ru,
mp-775969,V3Cr3(WO8)2,
mp-672679,Y4InIr,
mp-942,AuF3,
mp-776813,LiMnF4,
mp-768220,Li2YPCO7,
mp-775968,Mn3Fe3(TeO8)2,
mp-973529,LuB4Os,
mp-973524,HoVB4,
mp-768200,Li2HoPCO7,
mp-973410,NdAl2Cu9,
mp-672335,YIn2Ni9,
mp-768195,Li2ErPCO7,
mp-775891,Mn3Fe3(SbO8)2,
mp-768193,Li2SmPCO7,
mp-6941,Y2Si3N4O3,
mp-768144,Na2SbPCO7,
mp-768129,Na2HoPCO7,
mp-973241,Sm3Ni7B2,
mp-8109,EuB4O7,
mp-9338,Ba2MgSi2O7,
mp-764997,MnOF,
mp-9077,Nd2Be2SiO7,
mp-905,LaF3,
mp-9028,PrBN2,
mp-689981,MnPO4,
mp-6667,CaBPO5,
mp-726,SeO2,
mp-6655,Y2Be2SiO7,
mp-8898,TaAlO4,
mp-780868,Fe4O7F,
mp-8892,LiInF4,
mp-764975,LiMnF4,
mp-980205,YB4Os,
mp-6564,Sr2MgSi2O7,
mp-7220,NaY3SiS7,
mp-655,Na3As,
mp-979948,SmNiB4,
mp-764959,VF5,
mp-767723,LiV2F9,
mp-771670,Mn3SnO8,
mvc-12901,NiO2,
mvc-12789,ScMo3O8,
mvc-12615,VO2,
mp-7634,Cu3As,
mp-775922,SrNb3NO7,
mp-764942,Li5Mn2Co5O12,
mp-775753,MnSn(PO4)2,
mp-780656,Na2BiO3,
mp-6486,SrBPO5,
mp-6485,La3SiAgSe7,
mvc-11646,BaCo4O7,
mp-771584,Mn3VO8,
mp-778573,Mn2OF3,
mp-675371,InAgTe2,
mp-767681,Li8Cr(FeO4)3,
mp-685055,CrTe2,29.50821714
mp-767679,Li8TiMn3O12,
mp-767678,Li8Cr3TeO12,
mp-771556,VCoO4,
mp-775713,NbNi3(PO4)4,
mp-772871,K2TbPCO7,
mp-850897,Mn8O13F3,
mp-9784,BaBAsO5,
mp-644883,CuAg3S2,
mp-978098,HoMnB4,
mp-782669,Mn4O7F,
mp-762473,TaCrO4,
mp-771471,Mn3TeO8,
mp-641576,Gd3CuSiSe7,
mp-764894,Li6Fe5WO12,
mp-640370,CeZn11,
mvc-5816,CoO2,
mp-997510,Fe4OF7,
mp-977395,YbFeB4,
mp-764843,FeOF,
mp-675095,NbAgO2,
mp-756898,TmTaO4,
mp-756852,TbNbO4,
mp-782656,Co2OF3,
mp-756641,Li2BPCO7,
mp-9726,SrBeF4,
mp-9722,Na2LiGaAs2,
mp-9719,Na2LiAlP2,40.22427523
mp-780217,Li7CuO4,
mp-775663,TiMn(PO4)2,
mp-756139,AgBrO4,
mp-850886,Fe4O5F3,
mp-566811,LiCr3O8,
mp-755876,Li2LuPCO7,
mp-782646,Fe4O7F,
mp-767625,LiVF4,
mp-767566,Na2TmPCO7,
mp-767562,Na2LuPCO7,
mp-767546,Na2AsPCO7,
mp-990441,H2O,
mp-850017,LiFeF4,
mp-767529,Na2TbPCO7,
mp-767523,Na2SmPCO7,
mp-767462,Na2YPCO7,
mp-9703,K2LiGaAs2,
mp-754034,Li2TlPCO7,
mp-764952,VF5,
mp-767214,Li2AlPCO7,
mp-636827,TiO2,
mp-753383,LiAgF4,
mp-983589,Ag2GeO3,
mp-696795,Cu2H3NO6,
mp-675473,Li7MnAs4,
mp-782725,MnOF,
mp-753054,KI(OF)2,
mp-866696,La3ScBeS7,
mp-752833,PH2NF2,
mp-866663,K3TaF8,
mp-767683,LiVP2HO7,
mp-675367,Nb3IrS8,
mp-674176,Li2PbO3,
mp-776427,ZrO2,
mp-758486,Li2CuP2O7,
mp-850360,Mn8O13F3,
mp-775131,Co3Sn(PO4)4,
mp-635257,NiAsO4,
mp-764882,Fe4O5F3,
mp-673017,CuPO4,
mp-675066,Nb3IrSe8,
mp-752793,Li2AgF3,
mp-756470,K2DyPCO7,
mp-675045,Li7VP4,30.67352909
mp-776890,Rb2O,
mp-776807,Ti5Mn3O16,
mp-760579,Ti3Cu3(TeO8)2,
mp-774064,LiSb(PO4)2,
mp-773995,Li5V5(FeO6)2,
mp-982384,TbH3,
mp-8258,BaAl4S7,
mp-672306,Ba6In5N,
mp-776786,VOF,
mp-765383,LiV3O5F3,
mp-14012,Cu3P,
mp-672228,TiAs2,
mp-778654,Li4MnFe3(BO3)4,
mp-8140,AsPO4,
mp-765339,LiAgF4,
mvc-3680,Ca3V2O7,
mp-767058,Li2Cr(Si2O5)3,
mp-543097,MnAsO4,
mp-675437,GaGeS4,
mp-766793,Li5Co5(NiO6)2,
mp-669434,BiTeIO3,
mp-849689,FeO,
mp-766760,Li2NiP2O7,
mp-850012,LiFeF4,
mp-913,CdP2,
mp-975614,Nd3AlNiS7,
mp-764291,Li6Mn5SbO12,
mp-673833,Li7VAs4,
mp-685605,FeCu3S8,
mp-695887,K3Cu2P4HO14,
mp-850279,SrCaI4,
mp-8989,Na2P2PdO7,
mp-766239,Li7V5O12,
mp-7280,PPdS,
mp-772132,Li2SiBSbO7,
mp-761649,Li2V(Si2O5)3,
mp-777705,Mn8O13F3,
mp-8946,TlBS2,
mp-766061,Fe4O5F3,
mp-777600,Mn8O13F3,
mp-505164,NbTe4Ir,
mp-777507,MnOF,
mvc-3670,Ca3Co2O7,
mp-1080308,CeSe2,
mvc-3668,Zn3Cr2O7,
mp-780861,Fe4O7F,
mp-777432,Mn8O13F3,
mp-780858,Fe4O7F,
mp-780855,Fe4O7F,
mp-18690,SmF3,
mp-780854,Fe4O7F,
mp-7719,NaTm(SO4)2,
mvc-3623,Zn3Fe2O7,
mvc-3621,Mn2Zn3O7,
mvc-3620,V2Zn3O7,
mvc-3619,Zn3Co2O7,
mvc-3616,Mg3Ni2O7,
mp-655580,CeCu4Sn,
mvc-3613,Mg3Fe2O7,
mp-761351,Li2Fe(Si2O5)3,
mp-761319,Li2VP2O7,
mp-771804,Li2SbAsCO7,
mvc-3610,Mg3Mo2O7,
mvc-3604,Mg3Co2O7,
mvc-3579,Mg3V2O7,
mp-18926,La3Ni2O7,
mp-780827,FeOF,
mp-771707,Li2SnBPO7,
mp-776796,VOF2,
mp-771680,Mn5Co3O16,
mp-762264,Li2CoSiO4,
mp-776787,V2(OF)3,
mp-773739,Fe4O5F3,
mvc-13175,Ta2MnZnO8,
mp-771671,Fe5Co3O16,
mp-771657,Fe3Co5O16,
mp-772845,K2SmPCO7,
mp-6267,LaSiBO5,
mp-772832,K2LuPCO7,
mp-772808,K2BiPCO7,
mvc-16004,Ti2Zn3O7,
mp-780758,Li2MnP2O7,
mp-772763,K2ScPCO7,
mvc-15987,Mg3Ti2O7,
mp-752575,BaSrI4,
mp-6678,KHgSbS3,
mp-780749,Fe2O3F,
mp-771626,Li5Ni7O12,
mvc-12283,MnO2,
mp-780740,Fe4OF7,
mp-7262,ZnAs2,51.2082011
mp-771617,Li7Fe5O12,
mp-771616,Li7Mn5O12,
mp-763161,Fe4O7F,
mp-979,ZrSb2,81.10506879
mp-780867,Mn8O13F3,
mvc-12039,Fe5O7,
mp-771607,Li7Cr5O12,
mp-763086,FeOF,
mp-763075,Fe2O3F,
mp-6208,Ca2BeSi2O7,
mp-780677,Mn2O3F,
mp-763047,Fe4O5F3,
mp-763036,MnOF,
mp-763034,Fe4O7F,
mp-763021,Fe4O5F3,
mp-6499,BaLiBO3,
mp-771593,Li5Fe2Ni5O12,
mp-6496,Ba2Na(CuO2)3,
mp-764022,MnOF,
mp-771586,Li5Mn2Fe5O12,
mp-780641,MnCrO4,
mp-616604,CsMnF4,
mp-763969,MnOF,
mp-763936,MnOF,
mp-771578,Ti3Ni3(TeO8)2,
mp-8631,LuAlB4,
mp-780618,Na2BiO3,
mp-675895,La3Fe2S7,
mp-780598,Mn3Cr3(SbO8)2,
mp-771557,Li5V2Co5O12,
mp-780814,LiFe3(OF3)2,
mp-771555,Li5Fe5(NiO6)2,
mp-780591,Fe4O7F,
mp-771553,Mn5Cr3O16,
mp-780590,Fe4O7F,
mp-862792,Pr3AgGeS7,
mp-647004,TiBrO,
mp-771552,Li5Ti2Mn5O12,
mp-978553,SiAs2,
mp-6467,Na2CuP2O7,
mp-6094,Ca2MgSi2O7,85.44803847
mvc-14734,TeO3,
mp-985700,ErCrB4,
mp-771548,Li5Mn2Ni5O12,
mp-762996,FeOF,
mp-780581,Fe4O3F5,
mp-9996,SiP2,12
mp-771540,Ti2Mn3Cr3O16,
mp-25001,FePO4,60.04985027
mp-771538,Li5Fe2Cu5O12,
mp-975064,HoReB4,
mp-771536,Li7Co5O12,
mp-645709,SnSO4,
mp-780552,NaMnO4,
mp-762567,LiMn3(PO4)4,
mp-771531,Li5Fe7O12,
mp-7691,YB4Mo,
mp-771530,LiV3O8,
mp-762550,CsMnH4(OF2)2,
mp-651772,UTe5,
mp-6040,BaBPO5,
mp-771524,Cr5Sb3O16,
mp-771511,Na2CrAsCO7,
mp-771509,Li5Mn5Cr2O12,
mp-771506,Li5Co2Cu5O12,
mp-762511,LiFe2C2O7,
mp-771504,Na2MnBSO7,
mp-771502,Li5Nb2Ni5O12,
mp-771501,Na2MnBAsO7,
mp-632656,HoH3,
mp-643288,CsLi2(H2N)3,
mp-771490,Li5Mn5(SnO6)2,
mp-771489,Li2NiCSO7,
mp-540419,MnPO4,
mp-771488,Li2MnAsCO7,
mp-764735,Li5Mn2Cu5O12,
mvc-3781,MoF5,
mp-771482,Na2FeCSO7,
mp-763224,Mn8O13F3,
mp-771479,Co5Te3O16,
mvc-13999,CrO3,
mp-780738,H4WNCl6,
mp-771469,Li2FeAsCO7,
mvc-13988,WO3,
mp-6412,Li2CuP2O7,
mp-771572,NbV3O8,
mp-640227,KEu(WO4)2,
mp-763072,Fe4O5F3,
mp-771603,Mn5Te3O16,
mp-763064,Fe4O7F,
mp-9747,B4PbO7,
mp-763023,Fe4O5F3,
mp-997553,Fe4O7F,
mp-780649,V2O3F,
mvc-13534,MoO3,
mp-2782,ZnP2,
mp-770996,Cs2CeO3,
mp-5725,CuAg3S2,
mp-770963,V2Ni3Te3O16,
mvc-5760,BiO2,
mvc-5746,SbO2,
mp-780635,Li4MnFe3(BO3)4,
mvc-5659,SnO2,
mp-672986,SnPO4,
mp-5126,ZnSO4,68.17318455
mp-3867,Pr2Co7B3,
mp-5914,Li3BN2,
mp-770628,Li2CrO3,
mp-1098708,CeSe2,
mp-780597,V2(OF)3,
mp-977355,LiYb2InGe2,
mp-780584,LiMnP2HO7,
mp-780583,Li2MnFe(BO3)2,
mp-646548,KEuAsS3,
mp-5082,Nd2Si3Rh,
mp-864665,Nd2Si3Rh,
mp-646129,RbEuAsS3,
mp-705411,WO3,
mp-990440,Na2ZrO3,81.69394354
mp-770284,SmTaO4,
mp-780554,LiFeP2HO7,
mp-6455,NaNd(SO4)2,
mp-637249,LiEu2Ge3,
mp-642855,Mg3Ge,22.77523152
mp-769971,BaGa4O7,
mp-769830,Li5Fe5(CuO6)2,
mp-762505,Ti3Co3(SbO8)2,
mp-866298,BaNaScSi2O7,87.73364743
mp-769678,Fe3Co5O16,
mp-633897,CoSiO4,
mp-6802,KCu(CN)2,
mp-762485,Li2FeP2O7,
mp-672196,La4B2CI5,
mp-632758,CaP(H2O3)2,
mp-779416,VOF2,
mvc-3813,CrF5,
mvc-3726,Ca3W2O7,
mvc-3696,Ca3Mo2O7,
mp-772625,Na2SnBAsO7,
mvc-3488,TaF5,
mvc-3359,Ca3Bi2O7,
mp-779343,LiMnF4,
mvc-15998,Mg3Bi2O7,
mp-6244,HoCuPbSe3,
mp-864664,Na3Np(HO3)2,
mp-640286,CeCu4Sn,
mvc-3715,Ca3Ni2O7,
mp-640052,Cs2AgBr3,
mp-1094031,VO2,
mvc-15100,Sr2CoCu2O7,
mvc-15048,MnNb2ZnO8,
mp-9867,Ba2Si3Ag,
mp-862718,SrSn(PO4)2,
mp-769334,EuSeO4,
mp-985590,SiO2,
mp-8586,InBF4,
mp-667198,TiBrO,
mvc-14357,Zn3Bi2O7,
mvc-14253,Ca3Mn2O7,
mp-985570,SiO2,
mp-985562,Nd11In9Ni4,
mvc-14203,Ca3Sb2O7,
mvc-14201,Ca3Sn2O7,128.9771047
mp-570608,ZrCr2,
mp-676728,CdSnAs2,
mvc-13600,AlBiSe4,
mp-3715,CoGeTe,
mp-5587,Ba2ZnS3,
mp-3164,BaSO4,51.63190106
mp-3219,EuPO4,
mp-5403,Rb2TiO3,
mp-676663,ZnSnSb2,
mp-3831,SmPO4,
mp-3032,RbBF4,17.032734
mp-5416,Na2SeO3,
mp-5285,SrSO4,59
mp-3788,SrAl4O7,
mp-2931,Li2TiO3,110.2071241
mp-3123,PPdSe,
mp-2833,IrS2,
mp-3735,GdPO4,
mp-5611,BaUO4,
mp-676566,LiNbAs2,
mp-616458,Cs2CO3,
mp-31216,BaCd11,
mp-561670,K3CoO2,
mp-866310,Ba2YB2ClO6,
mp-866304,Ba2GdB2ClO6,
mp-865980,CsAgPSe3,
mp-721697,CsNa2H4Cl3O2,
mp-6763,K2Ti(Si2O5)3,
mvc-3518,BiF5,
mp-779298,Mn8O13F3,
mvc-15098,SrNi(PO4)2,
mvc-14911,SbO2,
mp-861513,Rb5SiHO5,
mp-753519,CuPO4,
mp-761933,Co3Cu3(TeO8)2,
mp-640075,FeSiGe,
mp-628664,Ce2P3Au,
mp-628643,CuAsPbS3,
mp-628583,NaC2N3,
mp-617312,Sm3Si2Ni,
mp-614383,InAg(WO4)2,
mp-608468,ZnS,
mp-605745,CsCrClO3,
mvc-14011,Mg3Sb2O7,
mp-616637,CeVO4,
mp-1013599,Na2CoP2O7,
mp-1013565,Na2CoP2O7,
mp-627397,In2Se,
mp-764883,Fe4O7F,
mp-780541,Fe4O7F,
mp-780532,Li2FeO2F,
mp-780530,Na2MnPCO7,
mp-780526,Li2MnCSO7,
mp-775619,Na2NiPCO7,
mp-764845,LiVOF3,
mp-764842,LiVOF3,
mp-764835,LiV3O5F3,
mp-780491,Fe4O3F5,
mp-1013577,Na2CoP2O7,
mp-775544,Ni3Sb(PO4)4,
mp-647282,KEu(MoO4)2,
mp-775533,Li5Mn2V5O12,
mp-764787,LiVOF3,
mp-755370,BaNb3NO7,
mp-780499,Li2MnFe(BO3)2,
mp-764776,LiV3O5F3,
mp-764825,MnOF,
mp-775517,TiNi3(PO4)4,
mp-775516,Fe3Co(PO4)4,
mp-764769,Li4VF7,
mp-755148,CuSb(PO4)2,
mp-764764,Li7Mn5O12,
mp-775494,V3Co(PO4)4,
mp-764754,LiV3O5F3,
mp-764770,Li13Mn2O9,
mp-755091,Ti2Cu3Te3O16,
mp-775472,Cr3Co(PO4)4,
mp-753748,Li3CuS2,
mp-3172,Ag3AuSe2,
mp-769319,LiNb(OF)2,
mp-775473,Na2NiPCO7,
mp-753626,Li2NdPCO7,
mp-775464,V3Fe3(TeO8)2,
mp-764479,VOF2,
mp-775456,Mn3Ni2Te3O16,
mp-772448,Mn3Co3(TeO8)2,
mp-689668,Ce4FeSe6O,
mp-689533,La4FeSe6O,
mp-8066,Cu3As,
mp-8059,SiO2,
mp-775757,HfO2,215.9145781
mp-767699,LiVF4,
mp-984635,LiErSn,
mp-767632,VPO4,
mp-674382,Na3NO2,
mp-966801,LiCaBO3,
mp-753375,Sr3Ir2O7,
mp-689934,Li2CrP2O7,
mp-780204,LiMnP4(H2O7)2,
mp-769285,Ho3ReO8,
mp-974045,La11In9Ni4,
mp-764448,V2OF5,
mp-778924,ZnSeO4,
mp-772435,Li3Al2FeO6,
mp-753544,Li2BiO3,
mp-604378,Tb4InIr,
mp-764450,MnOF,
mp-780163,LiVP4(H2O7)2,
mp-780183,Fe2OF3,
mp-753472,NbAlO4,
mp-753471,LiCuBO3,
mp-976118,HgH6I3NO,
mp-780148,Li3Mn2P4HO14,
mp-772393,NbFe(PO4)2,
mp-764402,MnFe(PO4)2,
mp-764387,MnOF,
mp-780121,Fe4O5F3,
mp-764368,Li2Mn3OF6,
mp-772371,Li2CoCSO7,
mp-780103,Fe4O5F3,
mp-772363,FeCo3(PO4)4,
mp-772362,TiMn3(PO4)4,
mp-753197,HfTiO4,181.4285403
mp-780108,Co2O3F,
mp-772357,Na2VCSO7,
mp-764361,LiMnF4,
mp-780099,Fe2OF3,
mp-764359,CrOF,
mp-753183,CaH4SO6,
mp-772344,Li5Nb2Ni5O12,
mp-753152,LiCuCO3,
mp-694722,Li2NiP2O7,
mp-772331,Na2MnCSO7,
mp-753130,Li4CuF7,
mp-772330,Na2CoBAsO7,
mp-776836,BeCrO4,
mp-772328,Mn2Fe3Co3O16,
mp-764334,Li6MnO3F2,
mp-776828,Ti2Cr3Sb3O16,
mp-764329,Ti3Fe3(SbO8)2,
mp-694541,FePO4,
mp-780039,Na2FePCO7,
mp-691145,Li2NiO3,
mp-690541,Tl2SO3,
mp-771431,Cr3Sn3(SbO8)2,
mp-704731,KMnO4,
mp-752890,LiCu2C2O7,
mp-767617,LiVF4,
mp-780019,Li2MnFe(BO3)2,
mp-753000,NaSb3O8,
mp-771453,Li5Ti2Fe5O12,
mp-752983,CeZr7O16,
mp-775357,LiV2F9,
mp-767606,Na2NdPCO7,
mp-780043,Cu3Sb(PO4)4,
mp-779993,Li2MnFe(BO3)2,
mp-780037,LiMn2Si2O7,
mp-780038,Mn2O3F,
mp-780036,Mn4O7F,
mp-752685,ZrBiO4,97.18531811
mp-764256,KLiMnPCO7,
mp-780029,Na2CoO3,
mp-764253,LiVOF3,
mp-779971,Li2MnFe(BO3)2,
mp-775396,Na2FePCO7,
mp-771422,Li2FeCSO7,
mp-775395,Mn3Cr(PO4)4,
mp-775394,VFe(PO4)2,
mp-771418,Na2VAsCO7,
mp-767576,Li6MnO4F,
mp-771417,Na2CoSiCO7,
mp-767573,Na2ErPCO7,
mp-616572,Li2P2PdO7,
mp-779952,LiCrP2HO7,
mp-690125,V5Fe3O16,
mp-752840,Na6SbO5,
mp-761932,Fe3Co3(TeO8)2,
mp-771406,Na2MnSiCO7,
mp-861575,Li3V(BO3)2,
mp-690012,CrPO4,
mp-775347,Cr3Sb3(TeO8)2,
mp-779998,Li2FeO2F,
mp-689963,CrPO4,
mp-689943,CoPO4,
mp-689940,CoPO4,16.64555448
mp-767550,Na2TiPCO7,
mp-779935,VOF2,
mp-771391,Mn5Sb3O16,
mp-752514,BaSrI4,
mp-752503,CeZr7O16,
mp-689442,InCu(WO4)2,
mp-767414,K2HoPCO7,
mp-779990,LiFe3(OF3)2,
mp-767534,Na2CuPCO7,
mp-769321,ZnSeO4,
mp-650442,Tl3AgTe2,
mp-775334,V3Cu(PO4)4,
mp-775333,CrNi(PO4)2,
mp-767521,Na2InPCO7,
mp-764206,NaV3O8,
mp-779903,Fe4O3F5,
mp-767518,Na2ScPCO7,
mp-770981,Li2VGaO4,
mp-761975,CoSn3(PO4)4,
mp-775307,Co3Ni(PO4)4,
mp-767480,Li3Cu2SbO6,
mp-764189,Li3Mn2F7,
mp-767354,Li3Cr2P4HO14,
mp-775299,FeCo(PO4)2,
mp-861179,Zr7VO16,
mp-775297,FeCu3(PO4)4,
mp-764087,V2(OF)3,
mp-752408,BaSrI4,
mp-775288,Cr3Fe2Sb3O16,
mp-767340,LiMnO2,
mp-752402,BaSrI4,
mp-861612,CrFe(PO4)2,
mp-868653,CrCu(PO4)2,
mp-861596,FeSb(PO4)2,
mp-770904,Li3Mn(BO3)2,
mp-770903,Li3Mn(BO3)2,
mp-761383,Li2CrP2O7,
mp-770898,Ti3Nb2V3O16,
mp-775270,MnCo(PO4)2,
mp-770891,Ti3Cr3(SbO8)2,
mp-761893,Li2Cu3F7,
mp-770994,Li2MnVO4,
mp-860461,Li2VCrO4,
mp-779831,Li3V(BO3)2,
mp-770990,Li5Ni5(SbO6)2,
mp-770880,Li3Ni(BO3)2,
mp-770988,Na2CoPCO7,
mp-775162,V3Co3(TeO8)2,
mp-770876,Li3Ni(BO3)2,
mp-770982,Li2VFeO4,
mp-767417,K2AlPCO7,
mp-779924,Li6FeO4F,
mp-770979,Li2AlVO4,
mp-770978,Na2SiSbCO7,
mvc-3681,Ca3Cr2O7,
mp-775243,Mn3Nb2Fe3O16,
mp-764012,V2OF5,
mp-767408,Na2PRuCO7,
mp-770971,Li2VCoO4,
mp-770967,Li2MnP2O7,
mp-770965,Li5Nb2Co5O12,
mp-764002,VO2F,
mp-764110,Co2OF3,
mp-770949,Li2VPCO7,
mp-767355,CoPO4,
mp-752428,Rb2PrO3,
mp-649915,CsPr(MoO4)2,
mp-767341,Li2ScPCO7,
mp-752423,Na2TiO3,
mp-868572,Li6TiFe5O12,
mp-779881,Fe4OF7,
mp-868564,Li6Fe5CuO12,
mp-761301,VIO4,
mp-763975,V2O3F,
mp-649774,CuSbPbS3,21.20409088
mp-868491,LiV3(OF3)2,
mp-764080,CoOF,
mp-779511,Ba2MgO3,
mp-643356,SrH2Br2O,
mp-770915,Ti3Mn3Cr2O16,
mp-643306,HPbCSNO,
mp-763965,V2(OF)3,
mp-868421,Li6CoNi5O12,
mp-775200,MnNi(PO4)2,
mp-764057,VO2F,
mp-779411,Li4Mn3Fe(BO3)4,
mp-767209,Li8Nb(FeO4)3,
mp-775197,Mn3Nb(PO4)4,
mp-763960,VOF2,
mp-861128,Li6Mn5CoO12,
mp-765952,VF5,
mp-764052,VOF,
mp-775192,VNi3(PO4)4,
mp-775191,Fe3Cu(PO4)4,
mp-763951,VO2F,
mp-775179,MnCo3(PO4)4,
mp-775177,Co3Cu(PO4)4,
mp-770887,BeCrO4,
mp-775168,MnCu3(PO4)4,
mp-775167,FeCu(PO4)2,
mp-770884,Li2SnCSO7,
mp-761356,Ti3Co3(TeO8)2,
mp-763937,VO2F,
mp-779365,V2OF5,
mp-779362,Li2MnFe(BO3)2,
mp-859135,BaCaI4,
mp-861685,Li6Mn5CoO12,
mp-763926,VOF2,
mp-775137,CoCu3(PO4)4,
mp-761346,Li7Si2(NiO4)3,
mp-775135,Cr3Ni(PO4)4,
mp-775134,MnV3(PO4)4,
mp-767162,Li2Mn3O4F3,
mp-861538,Li2VO2F,
mp-767155,WO2F,
mp-770859,Mn3Co3(CuO8)2,
mp-767279,Li2DyPCO7,
mp-684968,BaYbAl2SiN5O2,
mp-763911,Li7Fe4NiO12,
mp-775116,MnCr3(PO4)4,
mp-779307,Li3Fe(BO3)2,
mp-868255,V3Co5O16,
mp-770846,Ba3Sn2O7,
mp-767138,Li2VSiO4,
mp-642662,SrH2Cl2O,
mp-763993,Li2TiVO4,
mp-761320,Li2VP2O7,
mp-683947,SiO2,
mp-642661,BaH2Cl2O,
mp-763991,MnOF,
mp-761316,Li7Cr3(SiO6)2,
mp-775091,Li5V5(NiO6)2,
mp-767125,LiMn3(OF3)2,
mp-7013,Ho2Be2SiO7,
mp-780757,Fe2O3F,
mp-772857,K2GaPCO7,
mp-7651,ThSiO4,
mp-561197,TaF5,
mp-868126,Li3Mn(NiO3)2,
mp-775077,FeNi3(PO4)4,
mp-775076,CrSb(PO4)2,
mp-775075,LiV3O8,
mp-761303,LiNiBO3,
mp-767231,Li8Cr3SbO12,
mp-770793,Li5Ti2Cu5O12,
mp-770792,Ti2Mn3Fe3O16,
mp-761296,VAsO4,
mp-775064,VCu3(PO4)4,
mp-767217,LiMn(PO4)2,
mp-767216,LiMn(PO4)2,
mp-779455,Li7Ti5O12,
mp-867824,LiAg3F8,
mp-767215,LiMn(PO4)2,
mp-775054,Ti3Mn3(TeO8)2,
mp-775053,Mn3Sn(PO4)4,
mp-775051,Cr3Sb(PO4)4,
mp-775049,Li5Ti2V5O12,
mp-775045,MnNb(PO4)2,
mp-761184,Na2SnO3,
mp-767056,Li2MnO2F,
mp-867741,LiCuF4,
mp-775041,Mn3Cr2Sb3O16,
mp-763835,V3Cr3(TeO8)2,
mp-866972,CoMoH2SeO7,
mp-775025,MnCu(PO4)2,
mp-775024,MnNi3(PO4)4,
mp-770735,ZnCrO4,
mp-775019,CoSb(PO4)2,
mp-775018,TiFe(PO4)2,
mp-774081,Li4Mn3Fe(BO3)4,
mp-774080,Mn2O3F,
mp-775017,Fe3Ni(PO4)4,
mp-775016,MnCr(PO4)2,
mp-774076,Li4Mn3Fe(BO3)4,
mp-767025,Li2MnO2F,
mp-680550,ZnP2,
mp-767021,CrPO4,
mp-779360,VOF,
mp-866612,CsAsH6(CSe)2,
mp-770717,Na2VPCO7,
mp-1016076,CrN2,
mp-779352,Mn2O3F,
mp-774048,Fe4OF7,
mp-767008,Li2Si2WO7,
mp-767161,Li4MnF7,
mp-866387,LiY(MoO4)2,
mp-779316,VOF,
mp-764401,MnFe(PO4)2,
mp-779315,VOF,
mp-770700,Li2Ti3O7,
mp-641366,BaWO4,
mp-779311,LiFeBO3,
mp-779090,VO2F,
mp-760805,Li2AgF3,
mp-779274,Mn4O7F,
mp-774802,NbCu(PO4)2,
mp-767129,WOF4,
mp-766988,Li2VSi2O7,
mp-767124,Li2MnO2F,
mp-767121,Li2MnO2F,
mp-866078,NaNd(SO4)2,
mp-767116,Li2MnO2F,
mp-779248,Na2FeO3,
mp-779072,Li4MnFe3(BO3)4,
mp-640708,FeGe2,124.6469839
mp-763761,Li3Fe2P4HO14,
mp-770534,Li2Mn3O7,
mp-770647,Li2SiSnCO7,
mp-760599,TiSn(PO4)2,
mp-637235,KC2N3,
mp-640324,TmCuPbSe3,
mp-767084,LiMn3(OF3)2,
mp-778982,Li4MnFe3(BO3)4,
mp-779214,Mn2OF3,
mvc-3714,Zn3W2O7,
mp-763844,Li2VO2F,
mp-680698,CeSI,
mp-778926,Li4MnFe3(BO3)4,
mp-763833,NaLiMnPCO7,
mp-778921,Mn3Cr3(WO8)2,
mp-976597,Ho2Co7B3,
mp-778920,Li4Mn3Fe(BO3)4,
mp-639662,CrF5,7.672305517
mp-866827,Ca3Sn2S7,
mp-767037,LiV(PO4)2,
mp-778911,Li4Mn3Fe(BO3)4,
mp-767035,Zr7VO16,
mp-779170,Mn4O7F,
mp-770496,Mg2Mn3O7,
mp-774078,Li2MnFe(BO3)2,
mp-639138,EuSeClO3,
mp-997630,ZnO,167.3375943
mp-779156,CdSeO4,
mp-767020,CoPO4,
mp-763046,Fe4OF7,
mp-767011,Li7Mn3(SiO6)2,
mp-866475,Ca3Sn2S7,
mp-766859,LiV3(OF3)2,
mp-775510,Mn3SbO8,
mp-638137,CSeN,
mp-760251,Na2CuP2O7,
mp-972467,TbNiB4,
mp-766993,Li2MnO2F,
mp-770554,Mn3Co3(SnO8)2,
mp-976384,HoB4W,
mp-863857,Mn3Co3(SbO8)2,
mp-766848,LiMn2F9,
mp-638005,SeO2,
mp-774012,Li5V5Cr2O12,
mp-779078,Na2CoO3,
mp-766844,V3FeO8,
mp-766973,Li8Mn(FeO4)3,
mp-764760,LiVOF3,
mp-974392,HoB4Ru,
mp-779070,Li2NiP2O7,
mp-763762,NiCO4,
mp-770539,Li5Ti2Ni5O12,
mp-770537,LiMn2O3,
mp-773762,Li2MnFe(BO3)2,
mp-865509,MnP2H2O7,
mp-976349,LuH2ClO2,
mp-766806,LiMn2F9,
mp-779056,Li2FeP2O7,
mp-637256,KC2N3,
mp-637242,RbC2N3,
mp-972387,Sr2MgGe2O7,
mp-865135,Li2CrFeO4,
mp-862780,K2InP2S7,
mp-23706,YH3,
mp-769297,Sr5Ta4O15,
mp-770402,Li3B2SbO6,
mp-974267,KH8N3,
mp-778791,Fe4OF7,
mp-773947,Cr3Sn2Sb3O16,
mp-972320,UNiB4,
mp-864879,NbC2NCl8,
mp-766913,VSn(PO4)2,
mp-769280,Ca5Ta4O15,
mp-763715,FeOF,
mp-770493,Li5V2Fe5O12,
mp-780202,Li2FeO2F,
mp-772446,Co3SnO8,
mp-766861,LiVF4,
mp-542681,Na3In2Ag,
mp-974030,LaRh3,
mp-763920,Li6Fe5CoO12,
mp-770477,Li2CuAsCO7,
mp-863880,Li6VFe5O12,
mp-863879,TiCo3(PO4)4,
mp-770470,Li5Cu5(SnO6)2,
mp-770464,LaBiO4,
mp-722684,KAlP4(H2O7)2,
mp-863848,CoSn(PO4)2,
mp-773770,LiMnF4,
mp-679406,K2HS2NO6,
mp-863377,Li2SnP2O7,
mp-863374,BiTeO4,
mp-763672,FePO4,
mp-772403,NbVO4,
mp-764408,LiMnF4,
mp-722455,RbLi2(H2N)3,
mp-764409,Li2CrO3,
mp-778816,Co2O3F,
mp-778815,Li2CoP2O7,
mp-766795,LiCoBO3,
mp-773744,Mn4O7F,
mp-773742,CoOF,
mp-770401,SbPO4,
mp-773741,Fe4O3F5,
mp-778794,V3Cr2Sb3O16,
mp-766781,VF5,
mp-634431,KHCO3,23.61874488
mp-778786,V2O3F,
mp-973904,HfCr2,
mp-766767,Li5Co2Ni5O12,
mp-759640,LiCuCO3,
mp-770372,CeHfO4,
mp-778767,Li2FeBPO7,
mp-753273,LiCuF4,
mp-763620,LiCo2C2O7,
mp-773612,Li4MnFe3(BO3)4,
mp-764371,Co2O3F,
mp-773697,Li2VSiCO7,
mp-764357,V2OF5,
mp-766742,Li6Mn5FeO12,
mp-995282,LiAlB4,
mp-763607,LiP(WO4)2,
mp-766740,Li6Cr5CuO12,
mp-766737,LiVF4,
mp-770348,Li2VSiCO7,
mp-778726,Fe4OF7,
mp-773562,Fe2OF3,
mp-778724,Fe4OF7,
mp-763591,NiSn(PO4)2,
mp-778722,Na2FeO3,
mp-766719,CoNi(PO4)2,
mp-995224,CO2,
mp-781735,Na2FeO3,
mp-764345,CrPO4,
mp-770286,Li3Sn(BO3)2,
mp-770322,Rb2PrO3,
mp-773610,Na2FeAsCO7,
mp-6814,AgCNO,
mp-773556,VO2F,
mp-773554,LiMnP2HO7,
mp-763570,Mn3Cu3(TeO8)2,
mp-773550,Mn3V3(TeO8)2,
mp-773549,VOF2,
mp-773551,Li4MnFe3(BO3)4,
mp-773548,Li4Mn3Fe(BO3)4,
mp-853149,VOF2,
mp-766614,Li5Co5(CuO6)2,
mp-971813,TmB4Ru,
mp-853170,Li2MnO2F,
mp-753070,Sr3Rh2O7,
mp-773566,Li2MnFe(BO3)2,
mp-764327,V2O3F,
mp-853161,CoOF,
mp-773561,Fe4OF7,
mp-721347,CaPH4O5F,
mp-773555,Na3NiO2,
mp-778639,NiTe(PO4)2,
mp-853145,Mn4O7F,
mp-771457,NbFeO4,
mp-853143,MnOF,
mp-753009,Li2AgF3,
mp-773536,Na3NiO2,
mp-767610,Mn2O3F,
mp-770246,Li4MnCrO6,
mp-773533,Na2NiAsCO7,
mp-690684,Na2BH4ClO4,
mp-762111,Li2CuPO4,
mp-851314,Co3Ni3(TeO8)2,
mp-677193,Mg3BH2O5F,
mp-778597,Li2MnFe(BO3)2,
mp-851279,Mn3Nb2Co3O16,
mp-766348,BaCaI4,
mp-778595,V2O3F,
mp-770213,Li3Ti(BO3)2,
mp-764245,Mg7Mn5O12,
mp-778576,LiVP4(H2O7)2,
mp-752851,Ca2SiB2O7,
mp-770209,Li3Ti(BO3)2,
mp-766324,BaCaI4,
mp-778711,Fe4OF7,
mp-769782,Li3Co(BO3)2,
mp-778705,Fe2OF3,
mp-758849,CuSn(PO4)2,
mp-764230,Li2MnO2F,
mp-851040,V2OF5,
mp-851046,Fe2O3F,
mp-778570,Fe4OF7,
mp-766302,Ba5Nb5O14,
mp-763491,Fe4O7F,
mp-770219,NbAsO4,
mp-764205,Li3V(FeO3)2,
mp-770195,Mn3Fe3(CoO8)2,
mp-851035,NaV3O8,
mp-851034,MnOF,
mp-773463,K2CoPCO7,
mp-763484,Fe4OF7,
mp-752691,Sr3Hf2O7,
mp-779965,V2O3F,
mp-764180,MnCr3O8,
mp-752638,LiCuCO3,
mp-773441,Li5Ni5(SnO6)2,
mp-851019,VOF,
mp-851017,Na2CoO3,
mp-773431,K2NiPCO7,
mp-766202,Li7Ti3(SiO6)2,
mp-763448,Cr3Fe3(TeO8)2,
mp-763447,Li5Ti2Co5O12,
mp-650715,Gd2Be2GeO7,
mp-773405,Cr3Cu(PO4)4,
mp-752484,YbB4O7,
mp-766157,Li6VO4F,
mp-850996,Fe4O7F,
mp-752460,LiAgF4,
mp-779908,Na2FeO3,
mp-766153,LiNiBO3,
mp-766146,Li5Fe2Co5O12,
mp-777851,Li3Bi(BO3)2,
mp-850989,V2(OF)3,
mp-777787,HoAsO4,
mp-850982,LiCo3(OF3)2,
mp-643067,Mg3Sn,
mp-773383,V2Cr3Sb3O16,
mp-770130,Mn3V2Co3O16,
mp-773380,Na2CoCSO7,
mp-767337,Li2SiNiO4,
mp-850971,LiMnBO3,
mp-676483,NaLiZnP2O7,
mp-770108,Na2NiCSO7,
mp-752394,AlTeO4,
mp-643248,Na2AlH4ClO4,
mp-868360,Co3TeO8,
mp-699330,LiCr3O8,
mp-676362,HIO4,
mp-758428,Ti3NbO8,
mp-777711,LiFeBO3,
mp-773337,Li5Mn7O12,
mp-773333,CrBiO4,
mp-540636,WOF4,
mp-850935,CoOF,
mp-770868,VWO4,
mp-770080,Li2MnSiCO7,
mp-777697,MnP2WO8,
mp-773327,Li2VP2O7,
mp-777693,Mn4O7F,
mp-773319,Mn3Cr2Te3O16,
mp-770067,Li2CrCSO7,
mp-761333,Li2CrSiO4,
mp-765990,FePO4,
mp-777679,LiFeF4,
mp-777678,LiFeF4,
mp-777677,LiFeF4,
mp-765982,FePO4,
mp-777674,LiFeF4,
mp-770058,Li2CrFeO4,
mp-765975,VF5,
mp-850958,Li4Mn3Fe(BO3)4,
mp-765971,Li5Mn5(CoO6)2,
mp-642740,CsLi(H2N)2,
mp-850899,Mn3OF8,
mp-777717,Li4MnF7,
mp-863032,Sm3SiAgS7,
mp-850883,Fe4O5F3,
mp-763393,KFeP4(H2O7)2,
mp-850880,Fe4O5F3,
mp-765956,LiV(OF)2,
mp-765954,LiP2WO8,
mp-1808,Ti2Ni,141.4188746
mp-763947,V2O3F,
mp-641845,Yb7In(CoGe3)4,
mp-641778,Dy7In(CoGe3)4,
mp-641534,Nd3CuSiSe7,
mp-640807,Na2V2ZnO7,
mp-863751,Pr3SiAgS7,
mp-767045,Li2MnO2F,
mp-680599,VCo3,
mp-773279,Mn3Fe(PO4)4,
mp-638038,SiO2,
mp-638033,SiO2,
mp-864993,DyB4Mo,
mp-765949,VF5,
mp-864666,Nd3SiAgS7,
mp-766860,LiMnF4,
mp-766843,WOF4,
mp-773768,Na2CoO3,
mp-850875,Fe2OF3,
mp-766789,MnF3,
mp-778749,VOF2,
mp-677780,Ca2MgSi2O7,
mp-773626,Co2OF3,
mp-778687,LiMnF4,
mp-778686,V2OF5,
mp-759209,Ag2SnO3,
mp-16992,NaAg3S2,
mp-853147,Co2OF3,
mp-853134,Li2MnP2O7,
mp-777630,Li2CrP2O7,
mp-773514,Li2CoO3,
mp-29835,K2SnTe3,
mp-17245,Na3TaF8,
mp-19957,LaGeBO5,
mp-17260,Zn3SiNi2,
mp-17265,Sr2CuGe2O7,
mp-23170,IO2,
mp-23174,ReCl3,
mp-5001,Li3BN2,
mp-23181,SrI2,
mp-17287,TaTe4Ir,18.29137223
mp-21461,Rb2PbO3,
mp-28516,LuMnGe2,
mp-17322,SrCu2SnS4,
mp-31020,AsI5F6,
mp-23207,ClO2,
mp-29892,LiSb3O8,
mp-17329,PrS2,
mp-23220,YbCl2,
mp-29904,SbXe2F9,
mp-23228,PCl5,
mp-28568,Rb3CuO2,24.35656004
mp-23260,BaI2,15.31984877
mp-28569,NaInBr4,
mp-17380,Ba2Ca(PdO2)3,
mp-28570,NaInI4,
mp-17392,Sr2ZnGe2O7,
mp-17389,Pr3SiAgSe7,
mp-23269,WCl3,
mp-17400,Ba2TaN3,
mp-504265,CuPO4,
mp-26649,Li2SnP2O7,
mp-28584,Tl2CuI3,
mp-29972,Nd2P3Au,
mp-17252,BaCu2GeSe4,
mp-23316,BCl2,
mp-31086,NaP5,35.28834402
mvc-6946,SnO2,
mp-23576,CsSbClF3,
mp-23332,BiPO4,
mp-31097,KAlH4,
mp-28630,Na3BN2,46.53259509
mp-20123,Te2Au,
mp-23355,PAuCl4,
mp-17474,ThCo9Si2,
mp-17485,Ho2Si3Rh,
mp-23363,NaAlCl4,
mp-17486,Ho3CuSiS7,
mp-18577,KAg3S2,
mp-23373,BaZnCl4,
mp-28647,AsBr5F6,
mp-17491,Ba2LiGe3,
mp-30025,DyBr2,
mp-504554,Ba5Ta4O15,
mp-23399,Rb2AgI3,
mp-504563,BaFe2Se3,
mp-20150,LiCa2Si3,
mp-23404,TlBrO4,
mp-27148,BeP2,89.44914141
mp-17518,Sr2TaN3,68
mp-17524,GeAs2,15
mp-28679,NaGaBr4,
mp-23412,SbCl4F,
mp-23444,AsCl2F3,
mp-27181,KAuCl4,7.075066895
mp-31190,Lu2Ga3Co,
mp-504621,Eu3Sn2S7,
mp-504625,V3SiNi2,
mp-504630,InTeCl,
mp-504644,KCeF4,
mp-504650,La3CuSiS7,
mp-27199,AuSeBr,
mp-27210,RbTlF4,
mp-23489,CsIO4,
mp-504701,CsTiF4,
mp-23496,CsAg2I3,
mp-30102,BaPdCl4,
mp-28737,K2(CuTe)5,
mp-17621,CsReO4,
mp-17623,SmCo9Si2,
mp-31898,K3FeO2,
mp-504742,Pr8Ga3Co,
mp-23522,BaZnCl4,
mp-27231,Li2TeO3,
mp-23526,KClO4,17
mp-34591,NbFeO4,
mp-20234,Li2BPt3,
mp-17660,SrPrCuSe3,
mp-23558,Ag2BiO3,99.60153327
mp-27250,CsTcO4,
mp-504790,LiYSn,
mp-23563,SiCl2O,
mp-27260,CsAlCl4,
mp-28778,KScF4,
mp-27264,NaTiF4,
mp-23587,HoSeClO3,
mp-28121,La3ReO8,
mp-17756,RbAg2SbS4,
mp-17696,Ba2VN3,
mp-17697,KSmF4,
mp-23632,Ca2BN2Cl,
mp-17701,Sr2NbN3,71.33173551
mp-27302,TmCl2,
mp-504891,La3MnGaS7,
mp-28813,Si3CCl8,
mp-17719,La3SiAgS7,
mp-23672,PH6NO4,
mp-3488,Na2Ti3O7,
mp-17722,PrTaO4,
mp-17730,K2SnO3,
mp-23683,H2CO,
mp-17743,Sr3Sn2O7,
mp-504922,UPbO4,
mp-23690,CaH4SO6,
mp-17747,Y3CuSnS7,
mp-30206,CsClO4,
mp-30209,LiBH4,15.74655601
mp-28845,OsO3F2,
mp-504935,K2PbO3,38.04450487
mp-17783,Mg3Au,57.11518787
mp-504968,RbFeCl4,
mp-30219,KGaCl4,
mp-31286,K3Bi,
mp-504678,CoSeO4,
mp-30231,RbGaCl4,
mp-28874,Hg2P3Br,
mp-27356,AsO2,
mp-28894,Ba2P3Pd,
mp-20416,SmFeB4,
mp-28898,BaCN2,
mp-17827,Nd3SiAgSe7,
mp-23799,NaZnP2HO7,
mp-17850,K3NaTh2O6,
mp-20450,YCrB4,
mp-30286,Hg2SeO3,
mp-30287,LuPS4,
mp-23843,LiHSeO3,
mp-3540,Li2SnO3,
mp-27398,TlBr2,
mp-17875,Ca6GaN5,71.34600608
mp-28941,HfAg2S3,
mp-505161,TmCu(WO4)2,
mp-505162,LuCu(WO4)2,
mp-27411,TlP5,
mp-17892,Ca2VN3,94.17376194
mp-505167,ErCu(WO4)2,
mp-505171,NaTiCuS3,
mp-505172,NaZrCuSe3,
mp-505173,NaZrCuTe3,
mp-27428,KBrO4,
mp-28970,Nd2NCl3,
mp-3563,Ba5Nb4O15,
mp-505190,TbCu(WO4)2,
mp-17906,PrF3,
mp-505207,Sm2Co7B3,
mp-28987,NaPt2Se3,
mp-17911,Ba2ZnO3,
mp-22067,Ba2CuGe2O7,
mp-17914,CaGa4O7,
mp-22070,CeF3,
mp-22071,SbO2,
mp-20525,CuSO4,60.46250488
mp-28997,Y2AlGe3,
mp-29001,NaLuCl4,
mp-27456,BaBr2,20.58054889
mp-22098,CePO4,
mp-30370,Cd3Au,
mp-17947,BaCu2GeS4,
mp-23957,SrH2I2O7,
mp-27472,NbSbF10,
mp-976578,NdH3,
mp-3584,NdPO4,
mp-359,Cu3P,
mp-17986,TiTl2O3,
mp-20594,CeS2,
mp-15011,NaBS2,
mp-505341,Ni2W3N,
mp-505344,U3Co7B2,
mp-31358,RbBO2,
mp-18026,SrZn11,
mp-29081,P4SO7,
mp-18040,KPrF4,
mp-18059,ZrMnSi2,
mp-27570,CsFeCl4,
mp-20657,Li2BPd3,
mp-29103,CsAlBr4,
mp-11025,ZnP2,68.20505896
mp-18068,Ag2TeO3,
mp-18071,Ce3SiAgSe7,
mp-22225,CeSiBO5,
mp-18073,K7TaAs4,
mp-18079,BaLaCuS3,
mp-505431,K2LiInAs2,
mp-18093,Al2Mo3C,226
mp-505435,Gd2Br3N,
mp-505448,NaHfCuSe3,
mp-18105,CsAgSe4,8.613653074
mp-505467,YSiPd,
mp-505483,SmGePt,
mp-505484,PrGePt,
mp-18126,Tb3CuSnSe7,
mp-24212,RbP(HO)2,
mp-29144,KTe2F9,
mp-505510,NiAs2,
mp-505511,CoAsSe,
mp-27642,PaBr5,
mp-24230,HCNO,
mp-27648,Te2Br,
mp-27653,LiAlH4,
mp-29160,TiAg2O3,
mp-27655,Te2I,
mp-24266,Ca2BHN2,
mp-36779,PNO,51.1686536
mp-18189,LiTmSn,
mp-29179,SnCl2,
mp-505558,Dy3CuGeSe7,
mp-27690,Sr3Zr2O7,
mp-22342,PbSeO4,
mp-22361,CeReB4,
mp-30527,TaS3,
mp-18253,SrGa4O7,
mp-20778,Dy2Be2GeO7,
mp-27734,CrBr3,8.457031158
mp-27755,KAlCl4,
mp-37509,NbFeO4,
mp-18299,UF3,
mp-18303,Nd3CuSnSe7,
mp-22420,CuTeO4,
mp-29249,GeAsSe,
mp-29252,Sn2ClF3,
mp-37747,LiHS,
mp-22430,BAsPbO5,
mp-31430,Na2In,
mp-27787,NbPCl10,
mp-29289,BaPt2S3,
mp-27788,TaPCl10,
mp-18008,Ba2HgS3,
mp-27804,Rb3Cu2Cl7,
mp-29279,CuClF10,
mp-29286,TlSbF4,
mp-18361,K7NbAs4,
mp-18365,RbCuSe4,
mp-30548,TlBF4,
mp-18399,Dy3Ni7B2,
mp-27854,TaCl4F,
mp-18433,NdTaO4,
mp-29312,InI2,
mp-18440,Rb7NbAs4,
mp-18445,Ba2MnS3,
mp-18449,K2ZrO3,
mp-29320,Te3SeO8,
mp-27866,MoS2Cl3,
mp-22528,ThCrB4,
mp-18480,Na3Ca2TaO6,
mp-27895,ErNiB4,
mp-18484,La3MnFeS7,
mp-3889,NaBO2,45.81722153
mp-18503,Al2Re3B,
mp-27911,BiAsO4,
mp-18511,NdF3,
mp-29370,Na3BP2,
mp-757145,SmH2ClO2,
mp-622861,CsDy(MoO4)2,
mp-29373,KAlSb4,
mp-18513,Ba2MnSe3,35.58446338
mp-29374,KGaSb4,21.35047663
mp-22569,InPO4,
mp-18536,AgF3,
mp-39066,CsU2F9,
mp-29391,SbCl3F2,
mp-18567,CaZn11,
mp-29395,NaAlI4,
mp-29397,SiTePt,
mp-31472,Rb5Hg19,
mp-3919,KBO2,
mp-29402,KGaI4,
mp-18585,RbAgSe4,
mp-18596,Ca2ZnGe2O7,
mp-31476,CsHC2,
mp-18635,Sr6GaN5,
mp-554710,AgAsC4S8(N2F3)2,
mp-31487,NbI5,
mp-18685,SrCu2GeS4,
mp-3962,LaPO4,
mp-18707,Mg3Pt,69.63773374
mp-640080,FeSiGe,
mp-18712,Mg3Pd,59.4124012
mp-3967,NaNO,
mp-18713,Ba2Li(CuO2)3,
mp-18785,CrWO4,
mp-39933,TaFeO4,
mp-18996,TlV3O8,
mp-4057,CsBF4,
mp-40668,NaCoP2HO7,
mp-4068,Na2GeS3,
mp-4092,SrSeO4,
mp-571376,Dy4CdCo,
mp-31576,Na3CoO2,
mp-31577,K3CoO2,27.23774393
mp-31578,Rb3CoO2,22.86959535
mp-4136,CePO4,
mp-4138,Rb2CO3,23.87325296
mp-559062,KP(OF)2,
mp-559061,K2Hg2SCl4O3,
mp-542488,MgCo,77.25611045
mp-559065,NaI3O8,
mp-542614,VCo3,
mp-556896,Ba4AgAuO6,
mp-571377,TiCl3,
mp-567060,AlSeBr3N,
mp-559119,IN2O4F5,
mp-567106,KIn(WO4)2,
mp-571394,KC2N3,
mp-601661,FePH5CO4,
mp-542627,Fe2AgS3,
mp-567145,Ba2Co2ClF7,
mp-559187,NaVF4,
mp-559212,RbReSO3,
mp-567228,Na2PSe3,
mp-559268,OsXe(O2F3)2,
mp-542765,EuDyCuS3,
mp-540093,CoPO4,
mp-540111,FePO4,11.73419774
mp-542806,Ce3CuSnSe7,
mp-540146,MnPO4,
mp-571440,K2CuBr3,14
mp-540192,Li2MnP2O7,
mp-561257,LiPr2C2N4F3,
mp-571445,HfHg3(SeCl3)2,
mp-542839,TlSbAu,
mp-556961,SiO2,15.73803238
mp-556962,Pr3CuGeS7,
mp-561260,Na2CaP2O7,
mp-559301,SbP(Cl2F3)2,
mp-567342,Nd4MgIr,
mp-540256,NiPO4,
mp-567351,Tb4MgIr,
mp-540257,Li2CoP2O7,
mp-542888,La3AgSnS7,
mp-561277,K2PbO3,
mp-571468,Ho3CuSiSe7,
mp-556975,Nd3CuSiS7,
mp-542933,TbMg2Cu9,
mp-542934,CeMg2Cu9,
mp-540320,FePO4,
mp-559313,SiO2,
mp-542967,SnSO4,
mp-555022,LuSeO3F,
mp-567428,Tb3CuGeSe7,
mp-561291,SiO2,
mp-778568,V2O3F,
mp-770187,Cr3TeO8,
mp-758715,Li2CuSiO4,
mp-851022,Na2VO3,
mp-770032,Li2CrFeO4,
mp-777875,LiFeF4,
mp-777629,Mn2OF3,
mp-777785,LiFeF4,
mp-765940,LiV(OF)2,
mp-850970,Co2O3F,
mp-850767,Mn4O7F,
mp-773269,MnFe3(PO4)4,
mp-770025,Na2MnBPO7,
mp-850933,Fe4O7F,
mp-773266,Li7Ni5O12,
mp-777605,CoOF,
mp-773263,MnFe(PO4)2,
mp-765932,VF5,
mp-17682,Zr2Fe,
mp-765934,Li2FeP2O7,
mp-763315,Co2OF3,
mp-765929,Li5Mn5(FeO6)2,
mp-767172,Mn2OF3,
mp-777566,LiVF4,
mp-773259,Mn3Cr5O16,
mp-773245,TiMn3O8,
mp-773240,MnO2,
mp-777550,LiFeF4,
mp-773258,K2CrPCO7,
mp-769987,LiCoBO3,
mp-773229,Mn3FeO8,
mp-770013,Li2CrFeO4,
mp-562672,Ba2CuGe2O7,
mp-770007,LiCoBO3,
mp-777559,LiFeF4,
mp-624191,CuBiPbS3,
mp-773244,Al3Cr3(SbO8)2,
mp-765914,LiV(OF)2,
mp-770003,Na2VBPO7,
mp-769998,Li2CrFeO4,
mp-623984,PbSO4,
mp-623854,NaNb3O8,
mp-777460,MnPO4,
mp-773181,Cr3WO8,
mp-773227,Li5Cr2Cu5O12,
mp-777525,LiFeF4,
mp-773222,Li5Cr2Fe5O12,
mp-773221,Li5Cr2Co5O12,
mp-773167,Mn3CoO8,
mp-777428,Na3NiO2,
mp-773217,Li5Cu5(NiO6)2,
mp-769976,Li2FePCO7,
mp-773216,Li2MnCSO7,
mp-763213,FeOF,
mp-850447,V2O3F,
mp-765823,Co3WO8,
mp-777499,MnOF,
mp-756927,Li5Nb2Cu5O12,
mp-777495,Li2VP2O7,
mp-773208,Li7Co5O12,
mp-769895,TaFeO4,
mp-773140,Co3NiO8,
mp-756897,DyTe3O8,
mp-773120,Mn3CrO8,
mp-756587,TiO2,
mp-769880,LiVOF3,
mp-763189,Li2CoO3,
mp-773202,Li5Mn5(SbO6)2,
mp-773198,Mn5Fe3O16,
mp-765790,LiV(OF)2,
mp-769867,ZrCrO4,
mp-777477,LiFeF4,
mp-21181,YbNiB4,
mp-621928,LiEu(SO4)2,
mp-777472,LiFeF4,
mp-850404,Li2FeO2F,
mp-773190,Na2VBAsO7,
mp-769942,LiMnBO3,
mp-756817,Li5Cu5(SbO6)2,
mp-769939,LiMnBO3,
mp-769938,TbPrO4,
mp-769929,MnCrO4,
mp-756769,Na2TlPCO7,
mp-850107,LiMnO2,
mp-773178,Na2CrCSO7,
mp-773176,Li2CrAsCO7,
mp-763229,VOF,
mp-769919,CrFeO4,
mp-777444,Li3Fe2F7,
mp-763221,FeOF,
mp-773170,Cr3SbO8,
mp-769790,VGeO4,
mp-777434,Na2NiO3,
mp-769913,Mn2Co3Te3O16,
mp-765833,Li6Fe5NiO12,
mp-850363,Ti2Co3Te3O16,
mp-769911,MnCrO4,
mp-756703,CdSeO4,
mp-769910,V2Co3Te3O16,
mp-850359,Li5Fe5(CoO6)2,
mp-850341,Fe4O3F5,
mp-619067,U3Cu2S7,
mp-765819,Li2VO2F,
mp-763205,Li2VO2F,
mp-763204,MnOF,
mp-763198,Li2VO2F,
mp-707138,Ag2PHO4,
mp-617871,CsMnF4,
mp-762765,Li2FeSiO4,
mp-617632,La3AgGeS7,
mp-765687,VOF,
mp-765681,Co2O3F,
mp-763190,Li2VO2F,
mp-773119,Na2MnAsCO7,
mp-769879,LiVOF3,
mp-622126,CuSb(MoO4)2,
mp-756565,Li2Ti7O15,
mp-617230,MnF3,
mp-756560,Li2Ti3O7,
mp-763182,Li2VO2F,
mp-756550,TmAsO4,
mp-769872,Ti2Mn3Te3O16,
mp-756522,CuTe(PO4)2,
mp-769866,Ti2Ni3Te3O16,
mp-849935,Mn2O3F,
mp-769849,CoO2,
mp-755880,WN2,
mp-765782,VF5,
mp-756495,Li3CuO2,
mp-772660,NbCrO4,
mp-777252,LiFeF4,
mp-777026,FePO4,
mp-777025,CoPO4,
mp-772999,Na2SiBiBO7,
mp-777238,Mn8O13F3,
mp-755654,NaSb3O8,
mp-765753,NaMnO4,
mp-776975,NbO2,
mp-769829,Li5V2Ni5O12,
mp-765751,Mn2O3F,
mp-777220,LiFe3(OF3)2,
mp-765521,LiVOF3,
mp-762838,Fe4O5F3,
mp-850137,CrAgO4,
mp-769823,Li5Mn5V2O12,
mp-765744,Mn4O7F,
mp-755486,Na2SnO3,
mp-777211,Mn2OF3,
mp-673845,NbO2F,
mp-765739,VOF,
mp-755401,Na3CuO2,
mp-765733,Mn4O7F,
mp-769805,Li5Co5(SnO6)2,
mp-608543,Sc2CrC3,
mp-776624,LiVF4,
mp-754848,Na2SnO3,
mp-777195,LiFe7(O3F5)2,
mp-770643,GeWO4,
mp-763345,Li2VO2F,
mp-756241,PrBiO4,
mp-650532,Cs2K2Cd3O5,
mp-850877,Mn8O13F3,
mp-777188,VOF,
mp-769787,LiCr2O3,
mp-703470,AsH6NO4,
mp-619475,RbFeF4,
mp-673070,LiNb(PO4)2,
mp-619206,SrCa2In2Ge,
mp-781696,Fe2O3F,
mp-850761,Li2MnFe(BO3)2,
mp-624483,YbBeF4,
mp-754769,TiO2,
mp-781692,Mn2OF3,
mp-866635,CuH3NCl,
mp-752419,SrCaI4,
mp-768970,Li2BiO3,
mp-756176,Li2CrS3,
mp-764659,Na3NiO2,
mp-672688,YbSeClO3,
mp-850746,Fe4O3F5,
mp-781615,HfCrO4,
mp-770012,Li2MnPCO7,
mp-605878,La4MgRu,
mp-605873,Pr4MgRu,
mp-776404,ZrO2,195.3245364
mp-761663,Li2CoP2O7,
mp-618688,Ba2CoSi2O7,
mp-605835,Nd4MgRu,
mp-850064,Mn4O7F,
mp-777760,TbCeO4,
mp-764638,Li2FeO3,
mp-771989,Mn3NbO8,
mp-618075,InCu(MoO4)2,
mp-777531,Ti3Nb2Cr3O16,
mp-675724,BiTeO4,
mp-756076,TbTaO4,
mp-763292,Ti3Mn3(SbO8)2,
mp-756073,Rb2ZrO3,
mp-777101,Co2O3F,
mp-756052,Ca3Zr2O7,
mp-765680,CoOF,
mp-756981,K2SbPCO7,
mp-769972,Li2FePCO7,
mp-765677,Li6V5SbO12,
mp-672240,TbNi,
mp-617167,CoI(NO)2,
mp-755991,AgBrO4,
mp-672214,BePbF4,
mp-769731,VBO4,
mp-755985,Eu3ReO8,
mp-771867,Ti3VO8,
mp-761579,FeCo3O8,
mp-777494,VOF2,
mp-849967,Mn4O7F,
mp-505546,GdMnB4,
mp-756912,LiZnBO3,
mp-706912,K2HS2NO6,
mp-764568,Mn2O3F,
mp-777079,LiNiBO3,
mp-604498,NdTl(MoO4)2,
mp-772692,Li2MnBAsO7,
mp-764565,Na2MnO3,
mp-772691,Na2VSiCO7,
mp-850406,Mn8O13F3,
mp-645130,Pr4MgCo,
mp-645124,ZnWO4,
mp-669692,NbPd3,196.103322
mp-780932,Li2MnSiO4,
mp-780929,LiMnF4,
mp-765619,Li6NbFe5O12,
mp-755864,TiCu(PO4)2,
mp-769690,LiFeBO3,
mp-776104,K2O,
mp-669547,Re2Si,
mp-772665,BeCrO4,
mp-765615,Li6Fe5SbO12,
mp-769686,Li4TiCrO6,
mp-780919,LiMnF4,
mp-776082,Ti3NbO8,
mp-772664,Na2CoAsCO7,
mp-769683,LiFeBO3,
mp-849702,CrAgO4,
mp-616468,ReC5IO5,
mp-780913,Na2VO3,
mp-850364,Fe4O3F5,
mp-850362,Li4MnFe3(BO3)4,
mp-763212,Li2VO2F,
mp-777037,Li2CrPCO7,
mp-753868,SbOF,
mp-756683,HfBiO4,129.4457806
mp-772635,Mn3Cr2Co3O16,
mp-850340,Fe4O3F5,
mp-763209,Li2VO2F,
mp-850329,Fe4O3F5,
mp-849688,Co2O3F,
mp-773144,Mn3V2Cr3O16,
mp-755760,CuBi(PO4)2,
mp-756647,K2YPCO7,
mp-849683,FeTe(PO4)2,
mvc-15995,Mg3Sn2O7,
mp-669426,SiO2,
mp-763203,Li2VO2F,
mp-772603,Li2VAsCO7,
mp-756632,NbO2F,
mp-765821,VCo3O8,
mp-777008,LiFeF4,
mp-622195,CsSO3F,
mp-753741,Li3CuS2,
mp-753737,Li3CuS2,
mp-763192,V2OF5,
mp-643451,BaMg2H8Ru,
mp-643439,BaMg2H8Os,
mp-505432,SmBeF4,
mp-765800,Li2Ni3OF6,
mp-780870,Fe4O7F,
mp-850235,Mn8O13F3,
mp-616175,EuSO4,
mp-849587,MnOF,
mp-769635,Li2VCrO4,
mp-669554,Mn3SiNi2,
mp-778510,LiFeF4,
mp-615746,RbBiF4,
mp-772576,Na2FeSiCO7,
mp-776923,Ti3V5O16,
mp-757777,LiSiBi3O7,
mp-778347,LiFeF4,
mp-769620,Li2VCrO4,
mp-769617,Li2VCrO4,
mp-754699,NaTi2O3,
mp-769616,Na2CrPCO7,
mp-756451,CaPbI4,
mp-763100,LiMnF4,
mp-763096,VO2F,
mp-568230,TiCl3,
mp-850162,Mn8O13F3,
mp-776905,LiFe2F9,
mp-765509,LiV(OF)2,
mp-755530,Na3CuO2,
mp-765501,Li2NiO2F,
mp-769840,CoPO4,
mp-763048,V2OF5,
mp-772495,Na2SnAsCO7,
mp-763041,Fe2O3F,
mp-600002,SiO2,
mp-600000,SiO2,
mp-697135,H2S,
mp-12221,CaTeO4,
mp-772482,Mn3Sn3(TeO8)2,
mp-763017,Fe2O3F,
mp-772477,CrSn(PO4)2,
mp-763013,Fe2OF3,
mp-772476,Na2CrSiCO7,
mp-755448,Rb2SnO3,
mp-772473,Li2FeSiCO7,
mp-763010,Fe4O5F3,
mp-777215,Mn4O7F,
mp-765498,LiVOF3,
mp-772458,Mn3Cr3(TeO8)2,
mp-769565,Na2VPCO7,
mp-772296,ZnCrO4,
mp-762989,Mn2O3F,
mp-769239,CeReO4,
mp-765735,VO2F,
mp-764746,Li5V7O12,
mp-764745,Fe4OF7,
mp-609092,MnAgO4,
mp-776679,LiVF4,
mp-772265,MnPO4,
mp-772263,Li2MnBPO7,
mp-772835,K2NdPCO7,
mp-772254,Li2VBPO7,
mvc-13223,VO2,
mp-777186,Na2CoO3,
mp-764731,Li2NiO2F,
mp-673071,Li2SnP2O7,
mp-754967,BaTeO4,
mp-761802,Mn2Cr3Co3O16,
mp-772802,K2TmPCO7,
mp-776654,Li7V5O12,
mp-772799,K2SnPCO7,
mp-619071,PbCl2,
mp-770711,GeWO4,
mvc-5834,CrO2,
mp-772782,K2CePCO7,
mp-672695,KAgCO3,
mp-850070,MnOF,
mp-761782,Li7Fe3(SiO6)2,
mp-618807,KSb(MoO4)2,
mp-776644,Ti3Mn3(SnO8)2,
mp-772765,K2PrPCO7,
mp-867501,Sc2Ni,
mp-754891,Zr5N5O2,
mp-777116,Na2Ni3O7,
mp-776629,LiVF4,
mp-754876,SmAsO4,
mp-761749,CoP2WO8,
mp-607818,GeTeRh,
mp-776621,LiVF4,
mp-781737,FeOF,
mp-769026,Li2BiO3,
mp-607738,CeZnRh,
mp-607721,NdZnRh,
mp-607715,PrZnRh,
mp-772155,Li2BiAsCO7,
mp-607711,NdNO4,
mp-769738,Li3Al2VO6,
mp-781703,Fe2O3F,
mp-607436,ReCl3O2,
mp-772129,Mn3Sb(PO4)4,
mp-672251,CsGaBr4,
mp-764685,LiVOF3,
mp-772705,Li5Nb2Fe5O12,
mp-769732,Li3Cr(BO3)2,
mp-764682,LiVOF3,
mp-772096,TmTe3O8,
mp-781689,Co2OF3,
mp-761712,Cr3Co3(TeO8)2,
mp-769717,Li2MnPCO7,
mp-703295,SrH2I2O,
mp-616597,ReHgO4,
mp-764676,MnOF,
mp-1006328,LiCeSn,
mp-769694,Li2FePCO7,
mp-776494,LiVF4,
mp-861898,Rb3GePSe7,
mp-769693,Li2FePCO7,
mp-761701,Fe3Co3(SbO8)2,
mp-849697,LiCo3(OF3)2,
mp-772045,SnSb3(PO4)4,
mp-781634,HfZrO4,
mp-772046,NbCu3(PO4)4,
mp-761686,Na2BiO3,
mp-556999,ErSeO3F,
mp-567452,KFe(MoO4)2,
mp-567459,AgC2N3,
mp-555029,Ca2Fe9O13,
mp-567685,Er4InIr,
mp-567471,HgI2,
mp-567479,Ho4InIr,
mp-559332,BiTeIO3,
mp-557012,Li3Sc(BO3)2,
mp-540391,CoPO4,
mp-567534,CdI2,
mp-567539,MgGa2,
mp-540393,CrPO4,
mp-571514,CdI2,
mp-559366,PBrNF,
mp-540421,Li2MnP2O7,
mp-571535,CdI2,
mp-569388,Te2Ir,
mp-567669,Na2Te3Mo3O16,
mp-567671,VCdClO3,
mp-571539,CdI2,
mp-567690,TbMg4Cu,
mp-559379,SbTeClO3,
mp-555081,Er3CuGeS7,
mp-567714,Rb2AgBr3,
mp-557055,CuClF10,
mp-567753,La3CuSnSe7,
mp-557057,NbO2,
mp-540450,LiV(PO4)2,
mp-547887,Cs2CoO3,
mp-568366,Tb4CdRh,
mp-555093,CuB4O7,
mp-571567,CdI2,
mp-571568,CdI2,
mp-540463,CrPO4,
mp-555100,NbBiO4,
mp-567878,AlTlBr4,
mp-569478,Ho4CdRh,
mp-540481,Li2CrP2O7,
mp-561383,CsOsNO3,
mp-567945,SnTePd,
mp-571592,CdI2,
mp-567957,Sm4MgRh,
mp-567967,LiGaI4,2.31470164
mp-567983,ErCuPbSe3,
mp-568156,Y4CdRu,
mp-583463,FeCl3,
mp-568036,La2GaN3,
mp-568082,La3CuSiSe7,
mp-571617,Sr2LiInGe2,
mp-568108,InBr2,
mp-561424,KAlF4,
mp-568148,PrZn11,
mp-568157,H8C2BrN,
mp-568189,Gd3CuGeSe7,
mp-569531,Rb2CuBr3,
mp-561449,OsOF4,
mp-561454,KAu(SO4)2,
mp-540567,BaFe4O7,117.5503188
mp-568315,CdCu2,
mp-569557,Dy3CuSiSe7,
mp-540586,Tl2SnO3,
mp-553963,YbSeO3F,
mp-568419,Mg3Ir,75.58844383
mp-557250,HgINO3,
mp-555199,TlHgAsS3,
mp-559545,SeO2,
mp-5540,SrB4O7,
mp-569582,La4MgCo,
mp-10368,CoPSe,
mp-572758,ReS2,27.53578435
mp-31750,CrPO4,
mp-568441,MgH2,
mp-568449,Sm2AlGe3,
mp-557343,Zn3BPO7,
mp-554057,KPr(SO4)2,
mp-554063,SmSeClO3,
mp-554076,BaLiBS3,
mp-561499,Dy3CuSnS7,
mp-554097,Sm3CuSiS7,
mp-554110,CSNO3,
mp-557401,Na6PbO5,
mp-573114,Gd3CuGeS7,
mp-568483,NbCl5,
mp-554150,Nd3CuGeS7,
mp-557450,Na2PtO3,
mp-557457,TmSeO3F,
mp-554172,Ba3Zr2S7,
mp-554183,ZrHg3(SCl3)2,
mp-557485,RbFeF4,
mp-557484,BiS4N3Cl4,
mp-573581,Na2TeSe3,
mp-557506,Na3Ca2BiO6,
mp-554227,CaU(SeO4)2,
mp-554229,CsAs3O8,
mp-557517,Tb3CuGeS7,
mp-573702,CsTlBr4,
mp-12797,BaBe2Si2O7,
mp-573815,ReI3,
mp-555271,Ba2Zn2ClF7,
mp-554289,AsS3(NF3)2,
mp-568531,Bi2Pt,
mp-561582,WSBr4,
mp-540673,Ba2MnO3,
mp-540677,UFeO4,
mp-554344,Li3Al(BO3)2,
mp-574138,Cs2Te3As,
mvc-11561,MnO2,38.07330654
mp-31809,Li2FeP2O7,
mp-557637,Hg2SeO3,
mp-568543,Na2SnSe3,
mp-557644,Ag2P2PbO7,
mp-554382,K2CdP2O7,
mp-569744,UAl2,
mp-557689,CaAl2B2O7,
mp-554442,LiAuF4,
mp-557705,OsO2F3,
mp-540700,LiV3O8,
mp-557720,CeF3,
mp-554472,PNClF,
mp-554479,Ba3BPO7,
mp-569764,RbCu2I3,
mp-540704,MgCrO4,
mp-555305,NaNb(OF)2,
mp-554543,SiO2,
mp-554553,Ho3CuSnS7,
mp-540719,PbWO4,69.20985084
mp-557807,CsK2AuO2,
mp-557812,Ti3O,
mp-579071,BaEu2Mn2O7,
mp-554605,Rb2SbCl3F2,
mp-557840,NaLa(SO4)2,
mp-557845,Na2TiS2O,
mp-561725,CsBO2,
mp-561735,Cs7O,
mp-554648,Ag5IO6,
mp-559691,Ca2Al2SiO7,102.4707344
mp-569810,Sr2BIN2,
mp-554665,SiO2,
mp-569815,Si2Ru,185
mp-540747,Nb3SiNi2,
mp-557930,SiO2,
mp-568620,CsFeI4,
mvc-11541,FeO2,
mp-557962,SrLiBS3,
mp-554762,KXeO3F,
mp-554774,RbLu(SO4)2,
mp-557992,InTeClO3,
mp-554781,Tb3CuSnS7,
mp-557998,Dy3CuSiS7,
mp-558014,S,
mp-569842,Ba3SiI2,
mp-558022,SrBPO5,
mp-568636,TiCr2,197.628175
mp-558042,Sm3CuSnS7,
mp-558054,SrLi2Ta2O7,
mp-555388,K2S2NO7,
mp-580354,CeNi3,
mp-558085,KNaGeO3,
mp-558116,KMnF4,
mp-580931,MgZn5,62
mp-558162,RbP(OF)2,
mp-558191,Na2ZrSi2O7,
mp-558195,Ba2HoB2ClO6,
mp-558200,SiO2,
mp-581258,ZnS,
mp-569890,CrCl3,
mp-558257,DySeClO3,
mp-581412,ZnS,
mp-582278,Tm4InRh,
mp-562065,PO2,
mp-581476,ZnS,
mp-558279,Tl2Te3O7,
mp-582259,Li7VN4,
mp-581510,La4CdCo,
mp-540856,Tm8Ga3Co,
mp-558303,Ce3CuGeS7,
mp-568742,HgI2,
mp-581601,ZnS,
mp-581602,ZnS,
mp-570015,Ho4InRh,
mp-562137,KLiCO3,
mp-558375,Ce3CuSiS7,
mp-581693,BiS,
mp-554878,PrSbO4,
mp-559805,HoTeClO3,
mp-569943,K2AgI3,
mp-540881,Cs2AgI3,
mp-569952,K2CuCl3,
mp-569954,SrCd11,
mp-568779,Tb3CuSiSe7,
mp-562260,CaSO4,
mp-558456,Hg3Se4O5,
mp-569970,ZrHg3(SeBr3)2,
mp-581857,KBiF4,
mp-558516,TmSeClO3,
mp-558523,PAuClF3,
mp-558538,HoSeO3F,
mp-555495,K3Y(BO3)2,
mp-554903,TbSeClO3,
mvc-303,Sr2GaMo2O7,
mp-568801,Pr3CuSiSe7,
mp-581941,SmI2,
mp-568811,Gd3CuSnSe7,
mp-540927,UPCl10,
mp-555509,Ho3CuGeS7,
mp-558597,NaLiY2F8,
mp-570019,CdI2,
mp-559860,SiO2,
mp-558625,SrZr(PO4)2,
mp-558629,Ba2ZnSi2O7,
mp-555515,CuAg4TeO6,
mp-559871,AlF3,
mp-582119,Tb4InRh,
mp-558669,SrAl2B2O7,
mp-558690,ZnB4O7,
mp-568836,Ba3GeI2,
mp-558712,Ag2BiO3,
mp-558731,Li2TeS3,
mp-570045,Sm3CuSiSe7,
mp-558740,Dy3CuGeS7,
mp-558753,BiB2O4F,
mp-568848,GaCl2,2.498559417
mp-568851,LuNiGe,
mp-582394,Nd2Co7B3,
mp-570054,CdI2,
mp-558777,KNd(SO4)2,
mp-555544,SiO2,
mp-558847,AlSBr3N,
mp-558861,KI(OF)2,
mp-570080,Li2TeSe3,
mp-570082,CdI2,
mp-555561,BaU(SiO4)2,
mp-541001,LiInI4,
mp-582767,La3CuGeS7,
mp-541004,YbCu(WO4)2,
mp-772014,NbCo3(PO4)4,
mp-616255,In2Sn3S7,
mp-1005955,Tm3Ni7B2,
mp-647226,TaSbO4,
mp-772003,Li5Co7O12,
mp-772002,CrCu3(PO4)4,
mp-772001,Mn3Cu(PO4)4,
mp-772000,FeP2WO8,
mp-781606,Fe4O5F3,
mp-781605,Co2O3F,
mp-761654,TiCo(PO4)2,
mp-761652,Mn3Co(PO4)4,
mp-1019734,EuBN2,
mp-862840,Pr11In9Ni4,
mp-605663,AlPd5,161.610995
mp-771982,Mn3Ni(PO4)4,
mp-755621,BaNb3NO7,
mp-761638,Li2CoP2O7,
mp-605485,Fe2CuS3,
mp-768592,Na2SnBPO7,
mp-771969,Li2CuCSO7,
mp-755592,K2TbO3,
mp-761635,Li2CoP2O7,
mp-771927,Li7Ni5O12,
mp-776879,Ti3Mn2Cr3O16,
mp-761621,VCo3(PO4)4,
mp-771924,Cr3Co5O16,
mp-781080,Fe4O5F3,
mp-19654,SnWO4,
mp-761614,CoCu(PO4)2,
mp-771910,Ti2Mn3Co3O16,
mp-766365,BaCaI4,
mp-766349,BaCaI4,
mp-761589,NbCo3O8,
mp-781048,Fe4O3F5,
mp-608516,CsGaCl4,
mp-761807,Cr3Co3(SbO8)2,
mvc-866,Sr2Cu2WO7,
mp-604647,TiAs2,
mp-781965,V2OF5,
mp-764572,VO2F,
mp-766308,BaCaI4,
mp-772241,Li3MnAl2O6,
mp-761436,Li7Ni5O12,
mp-776645,Li2MnP2O7,
mp-764715,V2OF5,
mp-771860,Mn3Ni3(TeO8)2,
mp-781771,Co2O3F,
mp-761569,Li2MnP2O7,
mp-754885,SrCaI4,
mp-764558,VOF2,
mp-754079,GdAsO4,
mp-781710,NbNO,
mp-764553,Mn3OF8,
mp-761540,Co3SbO8,
mp-765694,Li3Co(NiO3)2,
mp-753714,Li3CuS2,
mp-604008,CeAlRu,
mp-771805,Na2FeBAsO7,
mp-603934,Fe2CuS3,
mp-771801,Na2FeBPO7,
mp-771800,MnSn3(PO4)4,
mp-781683,LiFeP2HO7,
mp-771799,Mn3V(PO4)4,
mp-675690,Ba2PtAu,
mp-1013911,Na2CoP2O7,
mp-772048,Na2BiBSO7,
mp-764530,Na2FeO3,
mp-776461,BaNb3NO7,
mp-780907,Mn2OF3,
mp-776448,BaNb3NO7,
mp-754613,K2ErPCO7,
mp-761588,MnCo3O8,
mp-764584,Na2FeO3,
mp-644101,H8C2IN,
mp-771774,Na2SiSnCO7,
mp-605863,AgSbPbS3,
mp-768797,Li3Bi(BO3)2,
mp-644015,KVHSe2O7,
mp-781604,VOF2,
mp-781603,Li4Mn3Fe(BO3)4,
mp-781602,Mn8O13F3,
mp-761660,Li2CoP2O7,
mp-676317,Rb2ZnCl3,
mp-764521,VOF,
mp-781601,Mn8O13F3,
mp-643898,CaP2H2O7,
mp-761658,Li2CoP2O7,
mp-771758,Mn3Fe2Sb3O16,
mp-780895,Fe4O7F,
mp-643794,HSO3F,
mp-768738,Li3Bi(BO3)2,
mp-771749,NiSn3(PO4)4,
mp-780891,Fe4O7F,
mp-781507,Fe4O5F3,
mp-695383,K2HS2NO6,
mp-776357,Li2SbP(OF3)2,
mp-781503,VOF2,
mp-780886,Mn3Cr3(CoO8)2,
mp-776006,VCo(PO4)2,
mp-761463,Li2FeP2O7,
mp-780880,Rb2CoO3,32.18609774
mp-771723,Mn3Co5O16,
mp-1080343,CeSe2,
mp-775991,CrCo3(PO4)4,
mp-645774,SnSO4,
mp-645740,SnSO4,
mp-850529,SrCaI4,
mp-764599,VO2F,
mp-763174,Li2VO2F,
mp-540007,MnPO4,
mp-745159,MoPH3O7,
mp-778513,LiFeF4,
mp-763170,FeOF,
mp-781069,Li2MnFe(BO3)2,
mp-765341,LiCuF4,
mp-1020633,RbMgBO3,
mp-627355,CeGePt,
mp-849533,TiO2,
mp-1019601,CeZr7O16,
mp-601286,TbCuPbSe3,
mp-558366,SiO2,
mp-764578,MnOF,
mp-601257,DyCuPbSe3,
mp-771853,Mn3Nb2Cr3O16,
mp-780978,Fe4O3F5,
mp-695805,Li2FeP2O7,
mp-695780,Li2MnP2O7,
mp-603959,SrCrO4,
mp-753891,ZrTiO4,
mp-626558,Ti3H2O7,
mp-626550,Ti3H2O7,
mp-768218,Li2TmPCO7,
mp-768216,Li2BiPCO7,
mp-768207,Li2SbPCO7,
mp-756313,CaPbI4,
mp-602355,Cr3HO8,
mp-763108,FeOF,
mp-768172,Na2SnPCO7,
mp-697858,NaFe2O3,
mp-849475,VO2F,
mp-763105,FeOF,
mp-768160,Li2BiPCO7,
mp-643666,InH5NOF4,
mp-768153,Li2AsPCO7,
mp-756136,CaPbI4,
mp-768146,Na2AlPCO7,
mp-768141,Na2DyPCO7,
mp-768140,Na2BiPCO7,
mp-768137,Na2SnPCO7,
mp-761460,Li2FeP2O7,
mp-768132,Na2GePCO7,
mp-707060,NbCl4F,
mp-780875,Mn8O13F3,
mp-753673,BiOF,
mp-849460,Mn2OF3,
mp-768120,Na2GaPCO7,
mp-3491,NbSbO4,
mp-755980,SrCaI4,
mp-755977,CaPbI4,
mp-697761,MnPO4,
mp-755943,CaPbI4,
mp-763177,Li2VO2F,
mp-698396,CuH4C2NCl3O,
mp-763175,Li2VO2F,
mp-763070,Fe4O3F5,
mp-657749,MnAgO4,
mp-763068,Fe4OF7,
mp-568916,K6InTe4Cl,
mp-583052,LuCuPbSe3,
mp-558980,Er3CuSiS7,
mp-558984,GaTeO3F,
mp-570125,Hg2TeBr3,
mp-570127,CdI2,
mp-570130,AlH3,
mp-555587,K2SmP2S7,
mp-541040,Y2Be2GeO7,
mp-568954,Nd3CuGeSe7,
mp-32096,TlMo6O17,
mp-583771,Ce4MnSe6O,
mp-585297,Li2NiP2O7,
mp-568985,La2B3Br,
mp-568986,KAuCl4,
mp-560001,NaCrF4,
mp-5881,CoSbS,115.8195933
mp-560014,Pr3CuSnS7,
mp-541111,AlGaCl4,
mp-569015,MgCuAs,
mp-6097,Li3Al(BO3)2,
mp-555649,MoF5,
mvc-2262,Cu5O7,
mp-565327,Ba2MnNiClF7,
mp-570226,Sm3CuGeSe7,
mp-763928,Co2OF3,
mp-555692,Rb2CO3,
mp-570254,ThBC,
mp-565372,LiY(MoO4)2,
mp-569103,Mg3Hg,40.39402105
mp-555740,SiO2,
mp-560098,SbO2,
mp-569121,La2B3Cl,
mp-569129,TlCuPSe3,
mp-570306,TlGaI4,
mp-565402,TeWNCl4F5,
mp-570404,Ho4CdCo,
mp-569158,Dy2Co7B3,
mp-541244,CeVO4,
mp-541250,VSeO4,
mp-32420,Li2VP2O7,
mp-541259,SbBr5F6,
mp-32422,LiV(PO4)2,
mp-570351,Na2Sn3Au,
mp-570356,Ca5Ir,
mp-565444,BaTb2Mn2O7,
mp-569186,LaMgRh,
mp-541283,InGaBr4,
mp-555818,Cu2SiPbS4,
mp-570388,H8C2NCl,
mp-555838,SnPO3F,
mp-32499,BaV3O8,
mvc-14196,Zn3Sb2O7,
mp-3252,SrTe3O8,
mp-565509,KMo2Cl7O2,
mp-32532,VRe2O9,
mp-565569,NaAl(MoO4)2,
mp-555893,Pr3CuSiS7,
mp-7638,LiTa3O8,
mp-32760,LiP5,
mp-32662,WO3,149.7714799
mp-560261,TaBiO4,
mp-541420,GdCu(WO4)2,
mp-541430,BaLaCuSe3,
mp-555918,Hg2SeO3,
mp-570525,LaZnRh,
mp-570520,ZrHg3(SeCl3)2,
mp-555933,Na2P2PbO7,
mp-505600,Ta3SiNi2,
mp-541501,VInO4,
mp-541511,NiMoO4,
mp-570592,Tb4CdCo,
mp-541547,CrHg5O6,
mp-560300,Nd3CuSnS7,
mp-505627,Nb3Co2Si,
mp-505629,Cr3SiNi2,
mp-541610,GeBr2,
mp-541619,Na2TeO3,
mp-570557,NbCo3,198.7273543
mp-570564,Ce3CuGeSe7,
mp-570571,ThMg2,
mp-555966,BaTi2O5,
mp-565706,KNa2NiO2,
mp-555978,Sm3CuGeS7,
mp-570594,Sm3CuSnSe7,
mp-541843,FeMoO4,
mp-570609,TlGaCl4,
mp-505747,TlIn5S6,
mp-565752,KGd(WO4)2,
mp-541966,KAgCO3,
mp-505767,K2NaInSb2,
mp-556006,OsCl4O,
mp-556014,Li3Ga(BO3)2,
mp-542031,CrPbO4,
mp-565782,TlCr3O8,
mp-542154,Mo3Pd2N,
mp-565795,LiGa(MoO4)2,
mp-570666,Mo3Pt2N,
mp-560417,SnO2,
mp-542220,Cs3As,
mp-542239,Cs5Hg19,
mp-3963,K2CO3,25.40513106
mp-542316,Co2Mo3N,270.1761037
mp-560441,BaZn2Si2O7,
mp-542382,ThTl,
mp-556058,Na2RuO3,
mp-542429,Mg3Rh,66.01066025
mp-510011,La3CuGeSe7,
mp-565846,RbV(IO4)2,
mp-565854,RbNd(WO4)2,
mp-565869,SrVClO3,
mp-566299,RbCrClO3,
mp-566848,MnB4O7,
mp-566304,VPbClO3,
mp-566857,VTeO4,
mp-566311,Na2MnP2O7,
mp-566321,BaVClO3,
mp-566335,FeTeO3F,
mp-560748,SbCl3F2,
mp-510727,InTeO3F,
mp-556098,NaFeF4,
mp-763054,Fe2OF3,
mp-566988,FeMoO4,
mp-570997,RuCl3,
mp-559090,VBiO4,
mp-571006,YbP5,
mp-769632,Mn7CrO16,
mp-556118,BaHgO2,
mp-556821,RbEu(SO4)2,
mp-510188,HfGa,
mp-561166,Na2ZrGe2O7,
mp-525,NbSe3,
mp-570768,Dy4CdRh,
mp-561173,Y3CuSiS7,
mp-556481,SrU(SeO4)2,
mp-570765,YMg4Cu,
mp-556132,SiO2,
mp-561179,Ba2CuIO2,
mp-571107,Er4InRh,
mp-556843,NdAsO4,
mp-510264,KY(WO4)2,
mp-560805,Ba2CuSi2O7,
mp-566706,MnAsO4,
mp-561190,NaAu(SO4)2,
mp-570788,Yb3Ni7B2,
mp-510276,SmTl(WO4)2,
mp-570799,EuI2,
mp-566781,LiFe(MoO4)2,
mp-565881,RbVOF3,
mp-556169,YSeO3F,
mp-570820,La4CdRu,
mp-565891,Ba2Ni2ClF7,
mvc-7369,WO2,
mp-565901,RbPr(MoO4)2,
mp-565905,Ba3Fe2Br2O5,
mp-556532,CaAlB3O7,
mp-571134,Se2NCl3,
mp-560848,AgSbPbS3,
mp-570850,LiCa2InGe2,
mp-565937,NaP(WO4)2,
mp-560860,Na2PtO3,
mp-556551,GdSeClO3,
mp-560493,Ba2V(CuS2)3,
mp-556560,MnF3,
mp-560501,Tb3CuSiS7,
mp-560870,BaGa2B2O7,
mp-565952,Ba3Fe2Cl2O5,
mp-560527,SiO2,
mp-556046,SrGa2B2O7,
mp-560898,NaPr(SeO4)2,
mp-559175,WO3,169.83501
mp-571208,Dy4MgRh,
mp-566014,FePO4,
mp-560549,AuSeClO3,
mp-566034,KNd(WO4)2,
mp-566031,TlMo2Cl7O2,
mp-560909,NaLiYb2F8,
mp-556266,HoCu(WO4)2,
mp-570940,Ho7In(CoGe3)4,
mp-571230,Dy4InRh,
mp-570953,HoGa3,
mp-510539,Dy3CuSnSe7,
mp-560954,SiO2,
mp-571260,AlInI4,
mp-510560,CeF3,
mp-510566,La3CuSnS7,
mp-560602,O2,
mp-510567,Ce3CuSnS7,
mp-556695,NaSrBO3,
mp-556696,Ba2YbB2ClO6,
mp-25703,Sr2MnGe2O7,
mp-691132,NbFeO4,
mp-19579,PrTl(MoO4)2,
mp-19591,Mn4SiO7,
mp-19592,Nd4MnSe6O,
mp-19610,Ca3Mn2O7,
mp-19613,KBaFeO3,
mp-2754,Hf2Fe,
mp-553981,RbMnF4,
mp-19640,SmTl(MoO4)2,
mp-554225,CsFeF4,
mp-19646,K2MnV2O7,
mp-18851,NaCr(WO4)2,
mp-19651,La4MnSe6O,
mp-19652,Ba3V2S4O3,
mp-19655,ErAg(WO4)2,
mp-19662,BaCrO4,
mp-19668,LaCrO4,
mp-19678,RbMnO4,
mp-19680,RbLa(WO4)2,
mp-19682,LiFe(WO4)2,
mp-19687,RbLa(MoO4)2,
mp-19695,LiGa(WO4)2,
mp-19698,RbV3O8,
mp-556362,BiSeClO3,
mp-18932,LiPr(WO4)2,
mp-10234,Sr2BN2F,
mp-556378,BiSeClO3,
mp-2125,TeO2,23.27557959
mp-618350,UCrO4,
mp-32482,VTeO4,
mp-18989,LaVO4,
mp-3269,NaTh2F9,
mp-18994,CsMnO4,
mp-3472,PbSO4,40.15463225
mp-556419,ReO2F3,
mp-865902,YbB4Os,
mp-19046,KMnO4,
mp-865177,GdNiB4,
mp-3943,BaTi2O5,
mp-4091,Ni2Mo3N,273.483573
mp-19077,CrAsO4,
mp-19080,Na2Mn3O7,77.18611014
mp-4289,Er2Si3Rh,
mp-24896,Ba5Co5O14,
mp-19104,LiYb(WO4)2,
mp-735519,KHoCoSi2O7,
mp-4630,Li2RuO3,107.6040895
mp-867323,Pr3MnAlS7,
mp-556755,K2Cu3Ge5O14,
mp-24949,FeAsO4,
mp-19146,CrPbO4,33.46697601
mp-763169,V2(OF)3,
mp-765191,LiAgF4,
mp-849400,Co2OF3,
mp-763043,Fe2OF3,
mp-744347,RbVH4(OF2)2,
mp-771168,Na2SiBiCO7,
mvc-11500,TiO2,
mp-765143,Li2NiP2O7,
mp-763141,LiMn2F9,
mp-774257,Ni3Sn(PO4)4,
mp-763022,FeOF,
mp-763020,Fe4OF7,
mp-697087,SbH2(NF2)3,
mp-755061,SrCaI4,
mp-771122,Na2CuBSO7,
mp-774245,Li5Mn5(NiO6)2,
mp-763011,LiMnF4,
mp-774237,Li5Cr2Ni5O12,
mp-778350,Li2MnFe(BO3)2,
mp-607987,CsInI4,
mp-626647,TlHO,
mp-607829,AlTlI4,
mp-696983,KGaH4,
mp-763124,Fe4OF7,
mp-626569,Ti3H2O7,
mp-763002,Fe4O3F5,
mp-626567,Ti3H2O7,
mp-626566,Ti3H2O7,
mp-771105,Li5Cu2Ni5O12,
mp-626565,Ti3H2O7,
mp-754730,SrCaI4,
mp-696842,NaH3(SeO3)2,
mp-696805,H2S,
mp-765267,Li3Fe(BO3)2,
mp-771103,Li5Fe5(SbO6)2,
mp-647366,KICl4,
mp-754630,BaSrI4,
mp-626547,Ti3H2O7,
mp-849332,V2O3F,
mp-771095,Mn3Cr3(SnO8)2,
mp-768012,Co3Sb(PO4)4,
mp-669699,Nb5Ni,
mp-696396,NaHCO3,
mp-652425,LiFe6Ge5,
mp-569964,CdI2,
mp-754388,BaSrI4,
mp-774178,Mn3Co2Te3O16,
mp-696288,LiH3(SeO3)2,
mp-767999,Ti3Mn2Co3O16,
mp-778279,NaLiMnP2O7,
mp-697726,Li2CoP2O7,
mvc-3669,Zn3Mo2O7,
mp-774151,VSb(PO4)2,
mp-762922,Li2VO2F,
mp-767992,LiNi2O3,
mp-774140,TiNi(PO4)2,
mp-765081,Li2MnO2F,
mp-774131,V3Sb(PO4)4,
mp-777935,MnOF,
mp-767984,Li2NiP2O7,
mp-763049,MnOF,
mp-657176,YbBeF4,
mp-763040,Fe4O3F5,
mp-774119,CrNi3(PO4)4,
mp-757480,Ti5Pb5O14,
mp-763032,Fe4O3F5,
mp-774104,FeNi(PO4)2,
mp-777918,Cr3Sb5O16,
mp-763031,Fe4O3F5,
mp-774094,Li5V5(CoO6)2,
mp-777907,Li5FeOF5,
mp-771032,Na2CuAsCO7,
mp-765144,Li2NiP2O7,
mp-774091,MnSb3(PO4)4,
mp-774089,Li5Nb2V5O12,
mp-771025,Na2SiBSbO7,
mp-771002,Li2TiVO4,
mp-757089,LiIO4,
mp-1020658,NaB(SO4)2,
mp-1020628,SrGe(PO4)2,
mp-626690,TlHO,
mp-1019897,LaNO4,
mp-773449,Fe4OF7,
mp-1006371,CePS,
mp-849325,SbH4NCl6,
mp-762980,VO2F,
mp-776516,FeSb3(PO4)4,
mp-696308,B3H7CO,
mp-777474,LiFeF4,
mp-696195,YSeF,
mp-767985,Li2NiP2O7,
mp-1029959,Ca2MnN3,
mp-761655,Li2CoP2O7,
mp-4967,MgSO4,
mp-19155,CrHgO4,
mp-556781,Y3CuGeS7,
mp-556782,Gd3CuSnS7,
mp-505061,LaCu(WO4)2,
mp-781060,Mn2OF3,
mp-505062,SmCu(WO4)2,
mp-605026,CsFeF4,
mp-19209,LiAl(MoO4)2,
mp-19254,FeSO4,
mp-773968,LaCrO4,
mp-25088,LiIn(MoO4)2,
mp-864652,Nd3MnAlS7,
mp-510643,LaMg2Cu9,
mp-510667,KBi(WO4)2,
mp-510669,CoPO4,
mp-254,NdF3,
mp-25482,Li2CoPCO7,
mp-25497,KCrClO3,
mp-25504,Li2CrPCO7,
mp-19397,Ba2Na(NiO2)3,
mp-25528,Li2FePCO7,
mp-25534,NaFe(WO4)2,
mp-25563,Li2MnPCO7,
mp-17954,BaCu2SnS4,
mp-25584,LiMo3O8,
mp-18290,Sr6Ga5N,
mp-25611,Li2NiPCO7,
mp-18719,KLu(WO4)2,
mp-25639,Li2VPCO7,
mp-25649,NaIn(WO4)2,
mp-25650,Li2PWCO7,
mp-866500,Ce3MnAlS7,
mp-866516,Ce3AlCrS7,
mp-866517,Ce3MgAlS7,
mp-866604,Ce3AgGeS7,
mp-866605,Ce3SiAgS7,
mp-561113,Ag2BiO3,
mp-540008,NiPO4,
mp-566132,KEr(WO4)2,
mp-566135,NiB4O7,
mp-541962,KGd(WO4)2,
mp-542209,Ba2CoSi2O7,
mp-542797,EuTl(MoO4)2,
mp-542808,RbGd(WO4)2,
mp-542885,SrCrO4,
mp-571347,Pr3CuGeSe7,
mp-6227,Ca2ZnSi2O7,
mp-6300,RbHgSbSe3,
mp-763118,Li2VO2F,
mp-767975,Li2NiP2O7,
mvc-665,AlSb(WO4)2,
mvc-670,AlCo(WO4)2,
mvc-675,YSb(WO4)2,
mvc-679,YBi(WO4)2,
mvc-680,YNi(WO4)2,
mvc-685,AlMo(WO4)2,
mvc-684,AlCr(WO4)2,
mvc-691,AlTe(WO4)2,
mvc-694,AlNi(WO4)2,
mvc-704,AlV(WO4)2,
mvc-702,AlW3O8,
mvc-709,AlBi(WO4)2,
mvc-706,YV(WO4)2,
mvc-721,YCo(WO4)2,
mvc-703,YMn(WO4)2,
mvc-738,YFe(WO4)2,
mvc-742,YMo(WO4)2,
mvc-732,AlSn(WO4)2,
mvc-735,AlRe(WO4)2,
mvc-705,YSn(WO4)2,
mvc-765,YTa(WO4)2,
mvc-784,YW3O8,
mvc-785,YTi(WO4)2,
mvc-807,YCr(WO4)2,
mp-25654,PWO4,
mvc-832,Sr2Cu2MoO7,
mvc-836,AlFe(WO4)2,
mvc-839,Sr2FeCu2O7,
mvc-845,Sr2CrCu2O7,
mvc-853,YRe(WO4)2,
mvc-875,YTe(WO4)2,
mvc-887,Sr2VCu2O7,
mvc-890,Sr2GaNi2O7,
mvc-908,Sr2Cu2NiO7,
mp-641441,PbWO4,
mvc-9477,SbO2,
mvc-9788,CrO2,
mvc-16327,YCu(WO4)2,
mvc-16363,Ca6FeN5,
mvc-16454,Ca6MnN5,
mvc-16508,Ca2CoSi2O7,
mvc-16564,Mn9Zn2O13,
mvc-1915,Ca2Ti9O13,
mvc-1926,Mg2Cu9O13,
mvc-1904,Mg2Ti9O13,
mvc-1943,Zn2Cu9O13,
mvc-1930,Ti9Zn2O13,
mvc-2048,Zn2Sn9O13,
mvc-2063,Ca2Sn9O13,
mvc-1950,Ca2Cu9O13,
mvc-2075,Mg2Sn9O13,
mvc-2283,Ca2Co9O13,
mp-981247,Zn7Sb8Ru9,
mvc-2282,Sn5O7,
mvc-2270,Ca2Mn9O13,
mvc-2276,Mg2Mn9O13,
mvc-2275,Mn9Zn2O13,
mvc-2315,Mg2Ni9O13,
mvc-2294,Zn2Ni9O13,
mvc-2284,Zn2Co9O13,
mvc-2422,Zn2Fe9O13,
mvc-2319,Ca2Cr9O13,
mvc-2307,Mg2Cr9O13,
mvc-2381,Ca2Ni9O13,
mvc-2470,Mg2Fe9O13,
mvc-2285,Mg2Co9O13,
mvc-2547,V5O7,
mvc-2419,Zn2W9O13,
mvc-2344,Mg2V9O13,
mvc-2450,Mg2W9O13,
mvc-2560,Mn5O7,
mvc-2412,Zn2Cr9O13,
mvc-2602,Ni5O7,
mvc-2764,SrTi(PO4)2,
mvc-2723,SrSb(PO4)2,
mvc-2773,SrSn(PO4)2,
mvc-273,Sr2Cu2SbO7,
mvc-269,Sr2TiCu2O7,
mvc-274,Sr2Cu2TeO7,
mvc-277,Sr2Cu2SnO7,
mvc-2846,W5O7,
mvc-2772,SrBi(PO4)2,
mvc-2865,Ca2W9O13,
mvc-285,Sr2Cu2BiO7,
mvc-3000,SrMo(PO4)2,
mvc-3006,SrV(PO4)2,
mvc-3007,SrCr(PO4)2,
mvc-3014,SrCo(PO4)2,
mvc-3015,SrMn(PO4)2,
mvc-3028,SrP2WO8,
mvc-3031,SrFe(PO4)2,
mvc-3235,MgMo3O8,
mvc-337,Sr2GaW2O7,
mvc-340,Sr2Cr2GaO7,
mvc-405,Sr2V2GaO7,
mvc-429,Sr2GaCo2O7,
mvc-5806,MoO2,
mvc-572,Sr2Mn2GaO7,
mvc-5965,WO2,
mvc-445,Sr2YMn2O7,
mvc-431,Sr2YNi2O7,
mvc-409,Sr2YCo2O7,
mvc-640,TaAl(WO4)2,
mvc-634,TiAl(WO4)2,
mvc-641,AlAg(WO4)2,
mvc-448,Sr2YV2O7,
mvc-571,Sr2YMo2O7,
mvc-449,Sr2YFe2O7,
mvc-648,MnAl(WO4)2,
mvc-647,AlCu(WO4)2,
mvc-9397,BiO2,
mp-15514,NaSe2,
mvc-10772,Sr2GaBi2O7,
mvc-10751,Sr2GaSb2O7,
mvc-10810,Sr2GaSn2O7,
mvc-10750,Sr2Ti2GaO7,
mvc-1208,BaSn4O7,
mvc-1178,BaSb4O7,
mvc-1176,BaTi4O7,
mvc-1130,BaCu4O7,
mvc-10836,Sr2YSb2O7,
mvc-1183,BaAg4O7,
mvc-1315,BaCr4O7,
mvc-1328,BaFe4O7,
mvc-10814,Sr2YTi2O7,
mvc-1332,BaV4O7,
mvc-1347,BaNi4O7,
mvc-13535,MgMo3O8,
mvc-13320,Sr2YCr2O7,
mvc-1335,BaMn4O7,
mvc-1361,BaMo4O7,
mvc-1351,BaW4O7,
mvc-13301,Sr2YSn2O7,
mvc-10835,Sr2YBi2O7,
mvc-13321,Sr2YW2O7,
mvc-16173,Y3CuSiSe7,
mvc-16179,Y3CuGeSe7,
mp-644281,Mg7TiH16,
mp-770359,TaAsO4,
mp-18129,La2ZnGa2S6O,
mp-861608,PrNiB4,
mp-763199,LiMnF4,
mp-861904,La3AlCrS7,
mp-862679,TaZn2,151.579946
mp-863730,KTl,
mp-862995,Er8Ga3Co,
mp-864676,Yb2AlGe3,
mp-864767,YbZn11,
mp-865018,CuBiPtS3,
mp-864699,NdRh3,
mp-865423,UB4W,
mp-865491,LuNiB4,
mp-865190,Lu3Ni7B2,
mp-865727,YReB4,
mp-865689,Y11In9Ni4,
mp-866208,Yb4MgPd,
mp-866692,La3MnAlS7,
mp-866873,Ca3Sn2S7,
mp-866656,GdFeB4,
mp-867230,TbB4Ru,
mp-867309,TbVB4,
mp-867965,Sm3MnAlS7,
mp-866461,Ce4MgRu,
mp-867967,La3AlVS7,
mp-1073330,MgSi2,
mp-1073367,MgSi2,
mp-1073366,MgSi2,
mp-1073298,MgSi2,
mp-1073326,MgSi2,
mp-1073363,MgSi2,
mp-1073455,MgSi2,
mp-1073398,MgSi2,
mp-1073395,MgSi2,
mp-1073454,MgSi2,
mp-1073599,MgSi2,
mp-1073493,MgSi2,
mp-1073539,MgSi2,
mp-1073693,MgSi,
mp-1073590,MgSi2,
mp-1073722,MgSi,
mp-1073630,MgSi2,
mp-1073655,MgSi2,
mp-1073647,MgSi2,
mp-1073728,MgSi,
mp-1073672,MgSi2,
mp-1073739,MgSi,
mp-1073702,MgSi,
mp-1073695,MgSi,
mp-1073721,MgSi,
mp-1073795,MgSi,
mp-1073754,MgSi,
mp-1073750,MgSi,
mp-554360,CoSO4,
mp-1073864,MgSi,
mp-1073819,MgSi,
mp-651814,CsV3O8,
mp-1074637,Mg2Si,
mp-1080341,CeSe2,
mp-510637,EuSbO4,
mp-19595,Sm4FeSe6O,
mp-1029923,Sr2CrN3,89.56329027
mp-1029872,Sr2ReN3,
mp-1029843,Ba2CrN3,
mp-1019600,CeZr3O8,
mp-1029832,Ca2NbN3,79.35817336
mp-1019595,Ce5Zr3O16,
mp-1029773,Ca2TaN3,
mp-1019591,Ce3ZrO8,
mp-1029771,Ca2ReN3,60
mp-850109,Li2FeP2O7,
mp-1019589,Ce3Zr5O16,
mp-1029689,Ca2MoN3,
mp-1019896,La5S4NO2,
mp-765034,Mn2OF3,
mp-1029627,Mg2ReN3,
mp-1029801,CsMn2N3,
mp-1029756,K3BN2,29.57307502
mp-1029550,Ca2CrN3,
mp-1029595,Na3OsN2,40.84029947
mp-1012835,SmCu(WO4)2,
mp-1029569,Na3IrN2,
mp-776016,K2O,
mp-776050,LiFe2F9,
mp-776321,WN2,
mp-776386,ZrO2,
mp-690617,LiMn3Al2(HO2)6,
mp-776711,Li2FeO2F,
mp-776712,Li2FeO2F,
mp-776719,Mn2O3F,
mp-776725,V3Cr3(SbO8)2,
mp-10080,PrGeBO5,
mp-11613,Ba2CuSi2O7,
mp-2779,FeS,
mp-16227,Zn3Ni2Ge,
mp-1361,IrSe2,105.5187222
mp-1015,ZrMn2,
mp-13680,BaBOF3,
mp-13740,AgAsS2,
mp-10233,Ca2BN2F,
mp-1389,PuAl3,
mp-118,P,1.384687301
mp-1840,TiO2,191.1240211
mp-13866,SbO2,
mp-1392,ZnP2,
mp-12010,BaSeO4,
mp-12022,HgB4O7,
mp-2798,SiP,
mp-2180,HfSb2,84.17649978
mp-1858,HfO2,
mp-10476,NaEr(SO4)2,
mp-12112,CdP2,
mp-12180,NaS2,
mp-12240,Na2LiBe2F7,
mp-673172,FeS,
mp-1435,SrZn5,
mp-14355,Cs2SrP2O7,
mp-12350,SiO2,
mp-14415,Pr2Be2GeO7,
mp-14416,Sm2Be2GeO7,
mp-14420,Er2Be2GeO7,
mp-12372,CaSO4,
mp-12431,BaBeF4,
mp-1244,SrGe2,
mp-14531,NaNb3O8,
mp-14532,NaTa3O8,
mp-12485,NaSm3SiS7,
mp-14591,LiSbS2,
mp-1462,Sn2Au,58.42845281
mp-14629,Li2EuSiO4,
mp-14734,CsCOF3,
mp-10814,SrLiBO3,
mp-2804,LaP2,
mp-2651,PrF3,
mp-10983,ErVB4,
mp-15012,KBS2,
mp-15013,RbBS2,
mp-11000,CaB4O7,
mp-2223,GaPt2,
mp-1508,LaS2,
mp-15113,Na2Si3O7,100.0925222
mp-2675,MgNi2,126.8572751
mp-11152,SiSbPt,
mp-15397,Ti7Al2O15,196.9444337
mp-13096,Y3AlNi8,
mp-15511,CaTe3O8,
mp-15521,Ba2LiSi3,
mp-15551,Sr2LiSi3,
mp-1557,Mg3Au,57.36754694
mp-13194,PrSbO4,
mp-13195,NdSbO4,
mp-13196,SmSbO4,
mp-13218,YMg2Cu9,
mp-13220,PrMg2Cu9,
mp-13221,NdMg2Cu9,
mp-13222,SmMg2Cu9,
mp-13223,EuMg2Cu9,
mp-13226,HoMg2Cu9,
mp-13227,YbMg2Cu9,
mp-13252,SnB4O7,
mp-2412,LiP5,
mp-13341,YB4Rh,
mp-13342,ErB4Rh,
mp-13343,TmB4Rh,
mp-13344,YbB4Rh,
mp-1573,Sn2Pd,80.65010825
mp-15748,Sr2CuSi2O7,
mp-15840,BaBPO5,
mp-1759,UF5,
mp-583800,Zr2Cu,
mp-1760,UF5,
mp-556060,NdTeBrO3,
mp-2843,SnF2,
mp-29423,TlFeBr4,
mp-27944,TlAgSe2,
mp-19047,MgMoO4,
mp-19064,Yb2Fe3O7,
mp-22622,YbCoB4,
mp-29432,NaScCl4,
mp-19088,Ba5V5O14,
mp-19081,MnMoO4,
mp-24337,MgH2Cl2O,
mp-24340,K3GeH3S3O2,
mp-30795,Na2Tl,
mp-29454,Na3TlO2,
mp-30798,NbZn2,140.6736645
mp-570203,MnCoSb,
mp-27996,H2SeO3,
mp-27998,KNb3O8,
mp-19172,KV3O8,
mp-3311,SrUO4,
mp-30802,NdZn11,
mp-29473,LiIO4,
mp-4274,SrTeO4,
mp-29489,P4SeO7,
mp-24421,BaH2Cl2O7,
mp-22665,AgAsPbS3,
mp-761564,Li2MnP2O7,
mp-28048,KTlBr4,
mp-29514,PHF4,
mp-4309,BaGa4S7,
mp-28064,SbS8Cl3,
mp-29519,KAuI4,
mp-24479,SrH2Br2O7,
mp-24510,BaH2I2O7,
mp-28087,Pb4IF7,
mp-24534,CaH4SeO6,
mp-19379,CoSO4,
mp-8977,Ca2PN3,
mvc-1177,BaBi4O7,
mp-29565,PrSiPd,
mp-28123,H7NF4,
mp-29568,RuS3Cl8,
mp-28060,LiGeTe2,
mp-28128,SCl2,
mp-21081,ScNiB4,
mp-4421,LaTaO4,
mp-29595,CeBN2,
mp-29597,LaBN2,
mp-29598,NaP4N7,
mp-28158,K4Be3O5,
mp-29602,K2ZrTe3,
mp-29603,Rb2ZrTe3,
mp-19587,UCrO4,
mp-19608,SnWO4,
mp-16837,Nb3AgO8,
mp-19629,La4MnS6O,
mp-22785,SmMnB4,
mp-19630,CrCdO4,
mp-19637,KYb(WO4)2,
mp-542327,Ce5Co19,
mp-19644,CoMoO4,
mp-28195,SiAg2O3,
mp-24810,NaBH4,
mp-24814,KBH4,
mp-16870,Ba2CdSe3,
mp-4544,Ba2CoS3,
mp-19688,VCrO4,
mp-16871,K2ZrGe2O7,
mp-16877,Re2W3C,
mp-16904,Ba2CdTe3,
mp-16905,Ba2MnTe3,28.53905438
mp-29642,ZrBi2,
mp-16913,Ag2SeO3,29
mp-18309,Ba2CdS3,
mp-4589,PrPO4,
mp-16960,AlPt2,206.4852059
mp-28255,LaHO,
mp-22874,PBr5,
mp-28263,KH3O2,
mp-28279,Gd2NCl3,
mp-28278,Na2GeSe3,
mp-16988,SrCu2SnS4,
mp-29692,K2TeS3,
mp-21230,GdCoB4,
mp-29693,Rb2AgCl3,
mp-29694,KAuBr4,
mp-334,LaF3,100.720352
mp-17004,UOF4,
mp-3344,CeAlRh,
mp-17012,Sr2VN3,
mp-4693,RbAlF4,
mp-22932,KInBr4,
mp-17024,Ba2NbN3,
mp-561730,Na3CoO2,
mp-17036,Tb2Si3Rh,
mp-33508,TaGaO4,
mp-28326,LiGaBr4,
mp-1714,FeSi2,180.6599031
mp-21266,BPPbO5,
mp-3612,NbSbO4,
mp-17063,BaLaCuTe3,
mp-28332,CsTlI4,
mp-28341,LiGaCl4,
mp-22983,LiAlCl4,
mp-4762,TlAg3S2,
mp-17093,ErSiPd,
mp-28352,YSiRh2,
mp-17095,CsCuSe4,11.85246048
mp-25400,Li2TiPCO7,
mp-30900,TaBiO4,
mp-25456,Li2CuPCO7,
mp-28365,Na3AuO2,
mp-17123,Si2Os,
mp-28373,BaP3Pt2,
mp-28378,HfFeSi2,
mp-28384,GaBr2,
mp-17155,La3AgSnSe7,
mp-17168,Er3Ni7B2,
mp-17171,LaF3,
mp-17172,Tl2TeS3,
mp-4867,CaAl4O7,114.367184
mp-29791,Nd4PdO7,
mp-28419,K2TeSe3,
mp-30959,LiHS,
mp-23086,ErSeClO3,
mp-28429,Na2PrO3,
mp-28430,Na2TbO3,
mp-23096,LuSeClO3,
mp-28433,RbClO4,
mp-28432,Tl3Cd2I7,
mp-28435,KFeCl4,
mp-4917,LaAsO4,
mp-19926,La2Be2GeO7,
mp-29815,LaAs2,
mp-4929,KBF4,
mvc-2589,Co5O7,
mp-4937,SNF,
mp-30979,GaPS4,
mp-23131,Sr2BN2Cl,
mp-30982,Ag2SO3,
mp-17243,Pr3CuSnSe7,
mp-557058,ZnS,
mp-17244,Ba2ZnGe2S6O,
mp-19094,VO2,233.0574742
mp-556167,SrAl4O7,
mp-771773,Na2BiBPO7,
mp-505229,Al3FeSi2,
mp-570543,Mg2Sn,
mp-11310,CdNi,
mp-1080256,CeSe2,
mp-1080262,CeSe2,
mp-1080278,CeSe2,
mp-1080301,CeSe2,
mp-1080298,CeSe2,
mp-1080333,CeSe2,
mp-1080327,CeSe2,
mp-1080331,CeSe2,
mp-1080344,CeSe2,
mp-1080354,CeSe2,
mp-1080357,CeSe2,
mp-1080360,CeSe2,
mp-1080358,CeSe2,
mp-1080364,CeSe2,
mp-1080366,CeSe2,
mp-1080368,CeSe2,
mp-1080853,CeSe2,
mp-1094010,ZnGa4S7,
mp-1094079,PAuS,
mp-1094109,Na6MnNi3(SbO6)2,
mp-1094290,Zr2Sn,
mp-1094291,ZrSn,
mp-1094359,MgTi2,
mp-1094364,MgTi,
mp-1094417,MgTi,
mp-16916,Ca6FeN5,76.22680657
mp-1094386,Mg2Ti,
mp-5710,Ag3Te2Au,
mp-849091,FeS,
mp-1096919,CrN2,
mp-642332,Nd11In9Pd4,
mp-769287,Li2TiS2O,
mp-2139,BaGe2,
mp-25050,MnSeO4,
mp-18003,CsCuS4,
mp-505375,CsB(CF4)2,
mp-556485,ZnS,
mvc-2169,Ti5O7,
mvc-2584,Cr5O7,
mp-1073743,MgSi,
mp-1096908,CrN2,
mp-1096918,CrN2,
mvc-5967,FeO2,
mp-1096967,FeF3,
mp-6610,K3Cu(CN)4,
mp-1096960,CsY(MoO4)2,
mp-1096832,Al4ZnS7,
mp-1096430,CeSe2,
mp-1097020,HfTe3Se8,
mp-557722,LaSO,
mp-27514,NaFeCl4,
mvc-11564,CoO2,
mp-561979,CoMoO4,
mvc-3343,Zn3Sn2O7,
mp-562750,CuTeO4,
mp-19042,Ca3Mn2O7,
mp-627406,NaVF4,
mp-616731,KMnF4,
mp-566973,MnPO4,
mp-624662,FeMoO4,
mp-614050,RbFeF4,
mp-17577,Ca6MnN5,76.59605356
mp-686962,FePO4,
mp-573044,SmBeF4,
mp-18786,Ca2CoSi2O7,
mp-190,ReO3,243.2296937
mp-699369,NbFeO4,
mp-850033,FeS,
mp-608646,NaCrF4,
mp-616766,RbMnF4,
mp-697731,NiPO4,
mp-618239,NaFeF4,
mp-555991,CoSeO4,
mp-568772,WCl3,
mp-763053,Fe4O3F5,
mp-694829,CoPO4,
mp-565300,BaV3O8,
mp-585350,CoPO4,
mp-1098707,CeSe2,
mp-1097875,H2O,
mp-868326,Li6Mn5CoO12,
mp-694538,MnPO4,
mvc-12466,TiO2,
mp-694839,TaFeO4,
mp-695774,MnPO4,
mp-230,SbO2,91.85498907
mp-762994,LiMnF4,
mp-766919,Li8MnCr3O12,
mp-555676,SiO2,
mp-675418,BH6N,
mvc-3672,Ca3Fe2O7,125.3768692
mp-557465,SiO2,
mp-1073387,MgSi2,
mp-769050,Li2NbS3,
mp-28582,CsB3H8,
mp-18074,NdF3,
mp-4163,Ca3Ti2O7,129.8118705
mp-571626,Mg3Ga7Co2,
mp-14354,Rb2SrP2O7,
mvc-11576,Ca3Mn2O7,
mp-769995,VSO4,
mp-765119,Li8Mn3CrO12,
mp-560670,MgSeO4,
mp-554397,SiO2,
mp-1073820,MgSi,
mp-638061,AlInCl4,
mp-755542,K2TiPCO7,
mp-756936,Sr3Li4La5O12,
mp-18687,NbF5,
mp-696482,H2SeNO4,
mp-621182,TlMo2Cl7O2,
mp-567716,AlTlCl4,
mp-773453,K2FePCO7,
mp-770111,PrBiO4,
mp-12021,AgBF4,
mvc-12071,VO2,
mvc-3816,WF5,
mp-1477,BaSi2,31.15701447
mp-2565,S2N,
mp-679630,Ba2BeS(OF)4,
mp-643586,CsHS2(O3F)2,
mp-771166,Na2SbAsCO7,
mp-555411,SiO2,
mp-23413,NbBiO4,
mp-606470,RbMnO2,
mp-561368,NaClO4,
mp-754351,K2CuPCO7,
mp-766868,CrCoO4,
mp-773260,K2VPCO7,
mp-557857,SrLi2Nb2O7,
mp-640053,Rb2CuCl3,
mp-768867,Na2SnCSO7,
mp-771026,Na2BSbSO7,
mp-3258,Ca3Ru2O7,
mp-769604,K2MnPCO7,
mp-765783,VF5,
mp-29269,NaSbF4,
mp-32777,WO3,162.0196494
mp-504831,La3ReO8,
mp-609356,CrWO4,
mp-655656,TiO2,
mp-555717,K2Nd2IrO7,
mp-861562,CrCo3O8,
mp-764237,LiVOF3,
mp-775029,VSb3(PO4)4,
mvc-3453,SbF5,
mp-32472,LiV(PO4)2,
mp-541392,K3NiO2,
mp-567141,Ca5W(N2O)2,
mp-767533,Na2LaPCO7,
mp-985556,CdNi,
mp-540474,MnPO4,
mp-583168,NaSn2,
mp-540436,LiMo(PO4)2,
mp-13225,DyMg2Cu9,
mp-28500,UTe5,
mp-504616,Ce2Co7B3,
mp-25435,TiPO4,
mp-29911,Ba3Sb2O,
mp-555268,K2Sm2IrO7,
mp-540098,Li2FeP2O7,53.26067772
mvc-567,Sr2GaFe2O7,
mp-542680,Na3In2Au,
mp-540249,NiPO4,
mp-31139,TbNi,
mp-570989,UCl5,
mp-16859,Ba6Ga5N,
mp-32453,VPO4,
mp-540118,MnPO4,
mp-31163,Ce2Si3Rh,
mp-571576,LaTe2,49.38039974
mp-1864,LaP5,
mp-583684,EuCd11,
mp-31158,Ca7Ni4Sn13,
mp-566325,KEu(MoO4)2,
mp-10772,CeAsO4,
mp-541587,U3Cu2Se7,
mp-540426,LiMo(PO4)2,
mp-510719,SrGaH4,
mp-504670,LiCa2Ge3,
mp-505686,GdH3,
mvc-3749,VF5,
mp-18316,Mg2Pd,69
mp-570078,La4MgIr,
mp-569756,TiCl3,
mp-567576,HfFeSi2,
mp-571191,LaZn11,
mp-567831,YbGa2Ge3,
mp-571381,Tb2AlGe3,
mp-540132,Li2CoP2O7,
mp-571472,Ce3CuSiSe7,
mp-554040,CuSeO4,
mp-22074,CeTaO4,
mp-570463,TaCo2,
mp-1021522,VO2,
mp-559909,Sr3Ru2O7,
mp-763197,Li2VO2F,
mp-581143,RuOF4,
mvc-309,Sr2TaCu2O7,
mp-579779,Pr2P3Au,
mp-39105,MgTa2N3,276.302615
mvc-653,YAg(WO4)2,
mp-22652,FeS,
mp-38200,Li2PS3,
mp-567543,UHg3(TeCl3)2,
mp-703256,NaCoP2HO7,
mp-689968,Li2MnP2O7,
mp-608126,MoF5,
mp-868385,Li6Mn5CoO12,
mp-30301,LiClO4,27
mp-561660,CeTaO4,
mp-554077,TeO2,
mp-567440,Ho2Si3Rh,
mp-554967,Li3Al(BO3)2,
mp-562157,Rb2PbO3,
mp-868352,CrCo3O8,
mp-765995,Ba(WO3)6,
mp-761178,CsMgP(H6O5)2,
mp-775402,Li4(NiO2)7,
mp-675156,K3NO,
mp-690129,BaMnO3,
mp-863971,K2Mn3P4(HO3)4,
mp-696290,CuH8C4N8(ClO)2,
mp-685056,Cu9S16,
mp-771608,Li3V6O16,
mp-684853,Ba2Yb2Al4Si3(N5O2)2,
mvc-13332,Mn2Nb4Zn3O16,
mvc-13145,Zn3Cu2(AsO4)4,
mvc-12018,Ta4Mn2Zn3O16,
mp-676933,CeAl8O16,
mp-6287,Cu6Hg3(AsS3)4,
mp-771172,Li5Cu4(BO3)4,
mp-676814,Cr4(Ga2Se5)3,
mp-770045,Na5Mn2P2(CO7)2,
mp-632692,LiFe4(PO4)4,
mvc-15106,Sr2ZnNi2(PO4)4,
mp-685050,Nb16N9,
mp-675600,Hf6PbO18,
mp-690117,K(WO3)6,
mp-775450,Na5Ni2P2(CO7)2,
mp-753148,Li2Cu7F16,
mp-694897,Cr6PbO18,
mp-705457,Ba3La2Ti3Cr2O15,
mp-705476,Ba2La3Ti2Cr3O15,
mp-771427,V2P4H3O16,
mp-752852,BaTi8O16,
mp-752826,Al2O3,165.9469654
mp-752584,Na5Cu7O13,
mp-752785,Sm4U4O17,
mp-761402,Li2Fe5(Si2O7)2,
mp-761381,Li2Mn5(Si2O7)2,
mp-868281,Li2Cr5(Si2O7)2,
mp-684950,KNaZr2Be(PO4)4,
mp-770824,Nb2P4H3O16,
mp-690149,Li(CoO2)8,
mp-761136,NaTi8O16,
mp-863883,Mn8PbO16,
mp-759754,Ti11O14,
mp-753585,Li14Fe2S9,
mp-766452,La9ErO15,
mp-764326,Fe12O13,
mp-677065,TaOF3,
mp-758382,Li7(CuO2)6,
mp-770049,Li5Fe2P2(CO7)2,
mp-767189,Li2Mn7F16,
mp-770530,Li14Mn2O9,
mp-770419,Sr2Zr7O16,
mp-853264,Na14Co2O9,
mp-28559,Na6Be8O11,
mp-34278,K(WO3)6,
mp-27221,Ca2Hf7O16,
mp-28771,Sr2FeN2,
mp-27559,Na14Cd2O9,
mp-31408,Al4(B2O5)3,
mp-29339,Lu(NbCl3)6,
mp-40677,KBa4Ti5O14F,
mp-40873,Ba3Na2Ti3Nb2O15,
mp-561245,Sr8Si2PtO14,
mp-675944,ErH9C5(NO4)2,
mp-770021,Li5Mn2P2(CO7)2,
mp-756270,Lu4(B2O5)3,
mp-756198,Li14Mn2S9,
mp-756194,Tm4(B2O5)3,
mp-756180,Ba2Hf7O16,
mp-770047,Li5Mn2P2(CO7)2,
mp-763306,CrH10S2(NO2)4,
mp-765911,Mn7F18,
mp-769982,Li5Fe2P2(CO7)2,
mp-764496,Na14Ni2O9,
mp-778419,Na14Cu2O9,
mp-768268,Li14Co2S9,
mp-793783,Na5Fe2P2(CO7)2,
mp-756306,Li5Zn4(BO3)4,
mp-757149,Sr2Hf7O16,
mp-1020011,Li14P2(N2O)3,87
mp-777090,LiV2P4(HO8)2,
mp-769701,Li5Fe2P2(CO7)2,
mp-557002,Pr9O16,
mp-540446,Cr5(PO4)4,
mp-554014,Li2Cu5(Si2O7)2,
mp-573024,Na2Cu5(Si2O7)2,
mp-559620,Cu5Bi2(B2O7)2,
mp-540734,Na14Mn2O9,
mp-755681,Te2P4H3O16,
mp-765539,Li2Si4Ni5O14,
mp-771965,Sb2P4H3O16,
mp-699137,Li4(CoO2)7,
mp-698454,DyH9C5(NO4)2,
mp-780935,Ca2FeP2(H2O3)4,
mp-674506,NdPb7F17,
mp-771727,P4H3(WO8)2,
mp-582988,Bi12PtCl12,
mp-555953,Na2Cu2Si4H4O13,
mp-570630,Tb2In16Pt7,
mp-510050,Dy2In16Pt7,
mp-510717,Ba2Co9O14,
mp-620471,Cs3Te22,
mvc-12155,Ba3Y4(NiO5)3,
mp-767994,BaV8O16,
mp-743906,La5MnRe3O16,
mp-769802,Ba2Zr7O16,
mp-566172,MnH10S2(NO2)4,
mp-542789,Li14Cr2N8O,
mvc-16026,Ca(TiS2)8,
mp-644707,La5MnOs3O16,
mp-699243,La5MgRe3O16,
mp-743931,La5FeRe3O16,
mp-743924,La5CoRe3O16,
mp-744078,La5Re3NiO16,
mp-767966,Na5Fe2P2(CO7)2,
mp-776748,Cr2P4H3O16,
mp-20897,Ba4Y2Cu6O13,94.37760539
mp-19150,BaVO3,
mp-33436,Tl(WO3)6,
mp-775246,Cr5(PO4)4,
mp-863752,K2ZnH4(I2O7)2,
mp-772817,Ba4Y2Cu5O14,
mp-770762,La7(FeO8)2,
mp-32329,Ni5(PO4)4,
mp-540432,Fe5(PO4)4,
mp-510765,Li3Cu2(WO4)4,
mp-778224,La4CoO8,
mp-690170,YbV4O8,
mp-673129,Sn(PO3)3,
mp-761502,Cu2Ni11O13,
mp-765028,Mg11Mn2O13,
mp-690123,BaW6O19,
mp-6606,SrYSi4N7,170.5270969
mp-685002,Sr2Er2Al3Si5N11O3,
mp-684989,W9C4,
mp-767782,Mg4Mn9O13,
mp-684935,Ba2Ho2Al3Si5N11O3,
mp-684728,Ba2Tm2Al3Si5N11O3,
mp-9071,Na8TiAs4,
mvc-12134,Mn2Nb2O9,
mvc-11650,Nb2Ni2O9,
mp-763386,Li2Co2Si2O7,
mvc-10961,V4O9,
mp-764905,Li2Mn3F8,
mp-675238,Na3Ce5Cl18,
mp-6778,BaYbSi4N7,
mp-764889,Li9Fe5O12,
mp-756768,Li3BePCO7,
mp-756598,ErTa3O9,
mp-754855,CaAsH5O6,
mp-767552,Na3CaPCO7,
mp-767545,Na3ZnPCO7,
mp-867077,TiMnH12(OF)6,
mp-699315,Ni(PO3)3,
mp-767815,Ni6O7,
mp-767728,Li6Mn(OF)3,
mp-767295,Li3ZnPCO7,
mp-767043,Ca5Mn8O13,
mp-9646,La(PO3)3,
mp-24136,Cs(BH)6,
mp-769964,Cd6(CoO3)5,
mp-764903,Li6FeO5F,
mp-601326,Sr6Ge5N2,
mp-756968,K3CaPCO7,
mp-756801,K3GePCO7,
mp-776809,Li2Mn3F8,
mp-675009,Y4CuTe8,48.69366773
mp-755771,Sr3(AsO4)2,
mp-853189,V3(PO4)2,
mp-754251,K3SnPCO7,
mp-767324,LiVSi3O8,
mp-753429,Li4Bi2S7,
mp-772754,Li3YbPCO7,
mp-772726,Na3CuCSO7,
mp-772713,Na3SiSbCO7,
mp-767083,LiMn2(PO4)2,
mp-559875,K3Na2LiTeO6,
mp-696416,NaSi3BO8,
mp-767237,LiFe2(PO4)2,
mp-761733,Li2VSi7O16,
mp-766251,LiTiSi3O8,
mp-7264,Nd(PO3)3,
mp-662575,Sr2EuGaCu2O7,
mp-950995,Li6PS5I,26.62760945
mp-849084,Cr5S8,
mp-765827,LiCrSi3O8,
mp-761513,LiFeSi3O8,
mp-761459,LiFeSi3O8,
mp-8439,Ca5(AlSb3)2,39.20257928
mp-761347,Li2CrSi7O16,
mp-568621,Mg8BRh4,
mp-6507,Na2Zn2Si2O7,
mvc-12121,Ta2MnZn2O8,
mp-1019578,Ca5(SiN3)2,
mp-771604,Li3CrPCO7,
mp-763069,Li2Fe3Co5O16,
mp-771602,Li3NiPCO7,
mp-771601,Li3VPCO7,
mp-771600,Na3FePCO7,
mp-771599,Li3FePCO7,
mp-771594,Na3VPCO7,
mp-771592,Li3CoPCO7,
mp-771590,Na3CrPCO7,
mp-771589,Na3NiBAsO7,
mp-771581,Na3FeSiBO7,
mp-859137,Li2Mn2Si2O7,
mvc-15067,Nb2Co2O9,
mp-771561,Na3CrSiBO7,
mp-771560,Na3VAsCO7,
mp-771558,Na3CoPCO7,
mp-780595,Na3VBPO7,
mp-23691,Tl(BH)6,
mp-771551,Li3VSiBO7,
mp-771547,Na3NiAsCO7,
mp-771542,Li3FeAsCO7,
mp-604429,NaFe3H6(SO7)2,
mp-771526,Li3FeSiBO7,
mp-771525,Li3MnPCO7,
mp-771513,Na3FeSiCO7,
mp-771494,Na3FeAsCO7,
mp-771492,Li3CoSiBO7,
mp-771491,Na3VSiBO7,
mp-861535,Li2Mn(PO4)2,
mp-771483,Na3NiBSO7,
mp-771480,Na3CoBAsO7,
mp-771476,Na3MnAsCO7,
mp-977569,NaH6CN2ClO2,
mp-771468,Na3CoSiCO7,
mp-771341,Li3BePCO7,
mp-771324,Na3CaPCO7,
mp-771264,Na3ZnPCO7,
mp-640555,Sr2GdCoCu2O7,
mp-770795,Na3CuBSO7,
mp-706620,H6S2N2O3,
mp-6397,Na2Ca(SO4)2,
mp-5306,Nb4CrS8,
mp-867930,NaSi2BH2O7,
mp-770741,Mg3(AsO4)2,
mp-762711,Li2Fe(PO4)2,
mp-762653,LiCo2P4H3O16,
mp-780548,Li3Mn3(PO4)4,
mp-866728,K2CrH2F8,
mp-771493,NaLi2MnPCO7,
mp-771467,Na3Li3Mn2P2(CO7)2,
mp-780246,Na2Bi4O7,
mp-762277,LiFeP2HO8,
mp-6296,K6Cd4Sn3Se13,
mp-771331,BaNa3PCO7,
mp-541122,MnFeH4O2F5,
mp-997499,TbTa3O9,
mvc-15207,Ta2Bi2O9,
mp-30002,Sc(IO3)3,
mvc-15008,MnNb2Zn2O8,
mp-770646,Na3SnAsCO7,
mvc-14843,Al(BiO3)3,
mp-675734,Li7B18O,127.6558027
mp-5843,Ce(PO3)3,
mp-541496,MnVH4O2F5,
mp-989179,Mo4HS8,
mp-761967,LiMnSi3O8,
mp-629701,Ba2CoSe2(ClO3)2,
mp-649479,Ca5(InSb3)2,35.57674596
mp-615760,Ba5(InSb3)2,
mp-600193,Cs2PtC2(OF)4,
mp-689966,Mn(PO3)3,
mp-1006617,ZnP2NO9,
mp-769390,Ca3Ta2O8,
mp-769381,Ca3Ta2O8,
mp-972439,Zn3(PO4)2,
mp-775511,KLi(WO3)6,
mp-540543,Mn3(CoO4)2,
mp-976402,NaZnAs(H2O3)2,
mp-768609,Li3SiBiCO7,
mp-689973,Li2Fe(PO4)2,
mp-753572,Li2Cu3F8,
mp-780160,Li2Cr(PO4)2,
mp-772378,Na3CrBAsO7,
mp-767800,Li2Mn(PO4)2,
mp-705481,FePH5NO4F,
mp-677597,Ta4AgS8,
mp-690765,MgH2(SO4)2,
mp-771447,Na3Li3Fe2P2(CO7)2,
mp-771441,NaLi2MnPCO7,
mp-771438,Na3Li3Fe2P2(CO7)2,
mp-771424,NaLi2FePCO7,
mp-771421,Na3Li3Mn2P2(CO7)2,
mp-771416,Na3Li3Mn2P2(CO7)2,
mp-771454,Na3CrAsCO7,
mp-771448,Na3SiNiCO7,
mp-764273,Na2LiMnPCO7,
mp-690650,ZnH4(ClO3)2,
mp-771444,Li3MnAsCO7,
mp-767530,BaNa3PCO7,
mp-771436,Li3MnBAsO7,
mp-771435,Na3CrSiCO7,
mp-764261,NaLi2NiPCO7,
mp-771423,Li3FeBAsO7,
mp-764251,NaLi2CoPCO7,
mp-771420,Na3VSiCO7,
mp-771419,Li3NiAsCO7,
mp-771415,Li3CoSiCO7,
mp-771405,NaLi2FePCO7,
mp-771403,Na3CoBSO7,
mp-771393,Na3FeBAsO7,
mp-767424,KLiSb3O8,
mp-767416,K3BiPCO7,
mp-771385,Na3MnPCO7,
mp-767526,Na3CuPCO7,
mp-686038,Y(PO3)3,
mp-770914,Na3Li3Fe2P2(CO7)2,
mp-770907,Gd2W2O9,
mp-651271,Co3(PO4)2,
mp-771336,Na3MgPCO7,
mp-771334,Li3TlPCO7,
mp-761910,Li3Cu2F8,
mp-643074,Cs2P2H2O7,
mp-767430,Na3CdPCO7,
mp-752515,YTa3O9,
mp-770968,Na3NiPCO7,
mp-775230,Li3CoPCO7,
mp-767364,Li2Mn2Si2O7,
mp-684804,MgC2S2(OF3)2,
mp-861486,Li6V(OF)3,
mp-684785,BaYbAl2Si2N5O2,
mp-684746,LiAlSi2H2O7,
mp-770948,Na3CoPCO7,
mp-767353,Li6CrCoP2(CO7)2,
mp-649905,V2Te2O9,
mp-767347,Li3FePCO7,
mp-770935,Na3CuPCO7,
mp-767343,Li3CrPCO7,
mp-767336,Li3MnPCO7,
mp-761405,Li2Fe2Si2O7,
mp-643277,SiH6(NF2)2,
mp-767202,Li6Mn(OF2)2,
mp-767326,Li3NiPCO7,
mp-767318,Li6MnCoP2(CO7)2,
mp-767310,Li3VPCO7,
mp-767298,Li6FeCoP2(CO7)2,
mp-767294,Li6VCoP2(CO7)2,
mp-767293,Li6MnNiP2(CO7)2,
mp-767291,Li6CoNiP2(CO7)2,
mp-767290,Li6CrNiP2(CO7)2,
mp-767289,Li6FeNiP2(CO7)2,
mp-767288,Li6VCrP2(CO7)2,
mp-767287,Li6MnCrP2(CO7)2,
mp-767286,Li6CrFeP2(CO7)2,
mp-767285,Li6MnFeP2(CO7)2,
mp-767284,Li6VFeP2(CO7)2,
mp-767431,Na3SrPCO7,
mp-767242,LiCo2(PO4)2,
mp-767230,LiMn2(PO4)2,
mp-767281,Li6MnVP2(CO7)2,
mp-697756,Fe(PO3)3,
mp-767139,LiCr2(PO4)2,
mp-767135,LiCr2(PO4)2,
mp-761318,Li3FePCO7,
mp-774754,KRe4O8F13,
mp-698728,Ba2CaY(Co4O7)2,
mp-770672,Na2LiMnPCO7,
mp-640825,Sr5(InBi3)2,
mp-767236,LiFe2(PO4)2,
mp-767232,LiV2(PO4)2,
mp-767227,LiMn2(PO4)2,
mp-863000,SnH6(NF2)2,
mp-761297,Na5LiCo2P2(CO7)2,
mp-767225,LiFe2(PO4)2,
mp-767221,LiFe2(PO4)2,
mp-770765,Na3MnBAsO7,
mp-767211,LiMn2(PO4)2,
mp-863017,RbZnH2Se2BrO6,
mp-770756,Li3SiSnBO7,
mp-863023,RbZnH2Se2ClO6,
mp-767052,Ni(PO3)3,
mp-705510,Rb4NaW2N5O,
mp-763832,Li3MnPCO7,
mp-767028,Li6Mn(OF)3,
mp-675780,KNb3F9,
mp-767167,LiCo2(PO4)2,
mp-774992,Fe4OF8,
mp-770708,Na3SiBSbO7,
mp-767153,LiCo2(PO4)2,
mp-763790,Mn(PO3)3,
mp-767144,SrLa3MnO8,
mp-763780,Fe(PO3)3,
mp-767105,LiFe2(PO4)2,
mp-767094,LiFe2(PO4)2,
mp-767093,LiFe2(PO4)2,
mp-767080,LiMn2(PO4)2,
mp-767074,LiMn2(PO4)2,
mp-767051,LiNi2(PO4)2,
mp-774073,LiV2(SiO4)2,
mp-866312,CaReH4ClO6,
mp-763786,Li6Mn(OF2)2,
mp-673681,Ta11O2,
mp-757172,Na3SnPCO7,
mp-773957,Na3MnSiBO7,
mp-770465,Ba4Ce2O7,
mp-770380,Ta3InO9,
mp-770326,Na5LiCo2P2(CO7)2,
mp-677613,Ba3Si3N5ClO,
mp-721988,NaAlSi3O8,
mp-766722,Li2Mn3F8,
mp-770324,Na5LiNi2P2(CO7)2,
mp-759095,LiSn2P4H3O16,
mp-763561,Li2P2WO8,
mp-677121,KBaAl3Si5O16,
mp-763511,Li2P2WO8,
mp-972032,Tl(IO3)3,
mp-851038,NaLi2MnPCO7,
mp-766217,Sr4Cu2O7,95.33844733
mp-770147,Li3FePCO7,
mp-758475,Li4(CuO2)3,
mp-770144,Na5LiFe2P2(CO7)2,
mp-770899,Li2V3O8,
mp-685281,TiZnH12(OF)6,
mp-628808,Cu7Hg6,
mp-770088,Li3VSiCO7,
mp-777704,Li2Mn3F8,
mp-763369,Li2Co2Si2O7,
mp-770066,Na3NiBPO7,
mp-676095,Na3Pr5Cl18,
mp-758331,NdTa3O9,
mp-758317,YTa3O9,
mp-770710,Li3Mn7O16,
mp-8075,NaBe4SbO7,
mp-735523,Fe3PH6PbSO14,
mp-866807,TiZnH12(OF)6,
mp-763793,Li2Mn3F8,
mp-17598,Cu2Te3O8,
mp-636105,MnGa,
mp-778789,Li4V(BO3)2,
mp-631631,Mn5V2Pb3O16,
mp-770034,Li3CrBPO7,
mp-28485,Sb5IO7,
mp-17262,BaCu2(AsO4)2,
mp-31005,Zn3(PO4)2,
mp-28535,Ca2Se3O8,
mp-21548,Er(SiNi5)2,
mp-21565,Tb(FeGe)6,
mp-28620,Zr3SO9,
mp-20109,Th2NiB10,
mp-21581,Tb(FeSn)6,
mvc-14995,CaFe5O7,
mp-28653,NdTa3O9,
mp-21601,Tb(SiNi5)2,
mp-27132,Zr2P2O9,
mp-23400,In(IO3)3,
mp-30063,C2S9N2,
mp-27197,Na4As2O7,
mp-27218,Ge(BrF5)2,
mp-31252,La5(AlBr)4,
mp-504811,Rb2Pb4O7,
mp-28805,Tl2Pt5S6,
mp-504898,Nb2Pd3Se8,
mp-30221,Ba5P5I3,
mp-19582,V2Zn3O8,
mp-505014,Cs4Sn2Te7,
mp-21902,Th2FeB10,
mp-23768,AlZnH4O2F5,
mp-505070,CeTa3O9,
mp-28926,Ba5(TiN3)2,
mp-17865,Nb4CrSe8,
mp-30311,Zn3(PS4)2,
mp-505179,NaH6BrO5,
mp-505187,K6Pb2O5,
mp-28995,Cu4SiP8,
mp-30361,Zn8Ag5,
mp-3581,Ta4MnS8,
mp-27482,Ag4P2S7,
mp-23986,NaH6ClO5,
mp-17985,Ca5(GaSb3)2,
mp-24026,Si3H9N,
mp-18010,Ta2Pd3Se8,
mp-505368,As2Pb3O8,41.38844698
mp-24104,LiAlSi2H2O7,
mp-24120,CaAsH5O6,
mp-505400,BaZr2F10,
mp-24142,MgAlH4O2F5,
mp-30499,Th6Cd7,
mp-29177,BaTe2F10,
mp-770033,K3NiPCO7,
mp-29204,P4(S2O)3,
mp-31418,La(SbO3)3,
mp-27749,K2Sb4S7,
mp-18308,CaZn2(PO4)2,
mp-22471,Nd2NiB10,
mp-29301,Ba4Ga2S7,
mp-18458,Sr5(SnP3)2,
mp-22517,EuYSi4N7,
mp-27887,Ba3(Si2P3)2,
mp-22548,Th2CoB10,
mvc-318,Sr2YV2GaO7,
mp-27932,Li9Ge4,33.75486718
mp-18575,Nb2Zn3O8,
mp-18633,K8SnSb4,
mp-31484,K4GaAu8,
mp-30597,Cu10Sn3,
mp-18855,Co2Te3O8,
mp-40134,ZnSiH12(OF)6,
mp-40144,SiNiH12(OF)6,
mp-4048,Sr6(RhO3)5,
mp-4049,U2P2O9,
mp-568681,Mg8BPt4,
mp-567052,LiMo2AsO9,
mp-559134,Eu3(AsS4)2,
mp-554952,Te2Pb3(ClO3)2,
mp-559288,Gd(PO3)3,
mp-30747,Zn11Ir2,
mp-542883,SrYbSi4N7,
mp-542912,FeH12Pt(ClO)6,
mp-540287,Li2Cr(PO4)2,
mp-540296,Li2Mo(PO4)2,
mp-540312,Li2V(PO4)2,
mp-540314,Fe(PO3)3,
mp-569326,Zr4(AlC2)3,
mp-540343,Li2Cr(PO4)2,
mp-620000,K4V5CuClO15,
mp-628593,Yb5(InSb3)2,
mp-770026,Na5LiMn2P2(CO7)2,
mp-770015,Na3MnBPO7,
mp-770014,Li3VBPO7,
mp-19151,BaYCo4O7,
mp-566271,Cs3Mo4P3O16,
mp-769946,Li4Mn(BO3)2,
mp-773241,Na3NiPCO7,
mp-22703,Ni8Ge2B3,
mp-773211,Li3FeSiCO7,
mp-756919,Mg3(AsO4)2,
mp-773206,Li3CrSiBO7,
mp-675555,Na3Nd5Cl18,
mp-763259,Mn3(PO4)2,
mp-773188,Na3MnBSO7,
mp-773177,Na3CoAsCO7,
mp-756704,LuTa3O9,
mp-777424,LiFe4OF7,
mp-756631,Nb2P2O9,
mp-769746,Li4V5CuClO15,
mp-777085,Li4Ni(BO3)2,
mp-756517,Na3CuBPO7,
mp-669546,AlPd,150.3429388
mp-756494,Na3GePCO7,
mp-769681,Li4Fe(BO3)2,
mp-762856,Li2Fe(PO4)2,
mp-769846,Na2Mn(SO4)2,
mp-769598,La4MnO8,
mp-850119,Li3FePCO7,
mp-850112,LiMn2(PO4)2,
mp-770048,K3VPCO7,
mp-770044,K3FePCO7,
mp-770027,Na5LiMn2P2(CO7)2,
mp-769757,Li6CrO6,
mp-772755,Li3CuPCO7,
mp-772753,Li3ZnPCO7,
mp-772750,Li3MgPCO7,
mp-772734,Na3VBAsO7,
mp-675678,Nd4Ag2Se7,
mp-772733,Li3CrBAsO7,
mp-772722,Na3CuBAsO7,
mp-772711,Na3SiBiBO7,
mp-769735,Li3MnPCO7,
mp-756876,K3BaPCO7,
mp-769718,Na5LiFe2P2(CO7)2,
mp-769945,Li3FePCO7,
mp-769944,Li3FePCO7,
mp-675430,Sm4Ag2Se7,
mp-675420,Pr4Ag2Se7,
mp-540833,V2Co3O8,
mp-772668,Li3MnSiCO7,
mp-644318,NaV3H6(SO7)2,
mp-675223,La4Ag2Se7,
mp-756642,K3SbPCO7,
mp-765570,Li2Mn(PO4)2,
mp-769649,GdTa3O9,
mp-765555,Li2Mn(PO4)2,
mp-765801,Mn3F10,
mp-615850,Pb2Se(NO4)2,
mp-707866,SrZnH6O5,
mp-769634,Na3CrPCO7,
mp-762576,Li2Fe2Si2O7,
mp-763093,Li2Mn3F8,
mp-769592,Na3VPCO7,
mp-772480,Na3MnSiCO7,
mp-625886,Ta2H4O7,
mp-769580,V3(PO4)2,
mp-673801,Ca3NdF9,
mp-696384,K2CuH4(Cl2O)2,
mp-772848,K3ZnPCO7,
mp-619571,ScU8S17,
mp-772819,K3CuPCO7,
mp-776648,Li2Fe3F8,
mp-772780,K3BePCO7,
mp-777138,LiVP2HO8,
mp-781865,Ca5BC4Cl3,
mp-772777,K3SrPCO7,
mp-776642,Li2Fe3F8,
mp-672345,Cu4W(SCl)4,
mp-764700,Li9Cr5O12,
mp-30067,Te3Pd10,
mp-772153,Na3CuAsCO7,
mp-1019796,K4P2O7,
mp-772706,NaLi2FePCO7,
mp-765656,Na5V7O14,
mp-769708,Li3MnPCO7,
mp-769704,Li3MnPCO7,
mp-772682,Dy2W2O9,
mp-772051,Li3CuSiCO7,
mp-5439,Th2Ru6C5,
mp-561315,Cs3AlGe2O7,
mp-569373,Li8Zn2Ge3,
mp-567596,In6Se7,
mp-557027,Rb2Be2Si2O7,
mp-571526,Rb2PtC4(BrN2)2,
mp-776657,Li2Fe3F8,
mp-540439,Mn(PO3)3,
mp-559388,U8FeS17,
mp-555088,Nd4(SBr2)3,
mp-540472,Mn(PO3)3,
mp-31669,Cr(PO3)3,
mp-568039,Cs(WCl3)3,
mp-568105,Ba2Zr6BCl17,
mp-540544,U8CrS17,
mp-568299,K2PtC4(BrN2)2,
mp-553956,P2Pb3O8,
mp-557269,Ba2Hg3(PdO2)7,
mvc-2601,CaCo5O7,
mp-554041,Na2Al2B2O7,
mp-540620,Mn2Mo3O8,
mp-568468,Yb5(AlSb3)2,
mp-568495,Cu10Sn3,110
mp-557467,Li4Ca(BO3)2,
mp-560358,Zr2P2O9,
mp-557543,K3LuSi2O7,
mp-540665,Cu7As6Se13,
mp-557577,K3ScSi2O7,
mp-554303,La3U(ClO2)3,
mp-557658,RbZnB(PO4)2,
mp-574279,TlIn5Se7,
mp-554401,BaCu2Te2(ClO3)2,
mp-554416,Ta4FeS8,
mp-554432,ReSbOF10,
mp-542928,MnGaH4O2F5,
mp-1004762,LiMn4O8,
mp-557730,Dy(PO3)3,
mp-540724,Fe4Cu2S7,
mp-554614,Cu3(AsO4)2,
mp-554627,Cu6PS5Br,
mp-554646,TeS4(NCl)4,
mp-31859,Fe3(SiO4)2,
mp-555344,Hf2P2O9,
mp-557920,Zn3(PO4)2,
mp-554719,Mg3B(HO2)3,
mp-557946,Cu3Se2(ClO3)2,
mp-555369,SrCuH6O5,
mp-558068,Tl(MoO3)3,
mp-569866,Cs6K7,
mp-568693,Gd(Al3Ni)3,
mp-558198,Na2Cd(SO4)2,
mp-558248,PrTa3O9,
mp-558360,AlAs3S5Cl4,
mp-562155,Ba6(NiO3)5,
mp-558399,P3RuO9,
mp-558533,Nd3U(ClO2)3,
mp-558582,In(PO3)3,
mp-558609,Ce3Ta(ClO2)3,
mp-562480,TlIn5S7,
mp-562537,Ta2Ni3S8,
mp-558708,Nd2Cu(GeO4)2,
mp-540977,Bi5IO7,
mp-558870,P3RuO9,
mp-776432,Na2LiCuPCO7,
mp-849669,Li2Mg2MnFe(PO4)4,
mp-768663,Na3SiBiCO7,
mp-1005666,Sc3Al3C2O5,
mp-768589,Li3CuAsCO7,
mp-768585,HoTa3O9,
mp-765511,Li6VO5F,
mp-772529,Y2W2O9,
mp-768556,Na3BSbPO7,
mp-762568,Li2Mn(PO4)2,
mp-761624,LiFeSi3O8,
mp-705680,La2Mo2O9,
mp-769589,LiV3CrO8,
mp-23559,In(IO3)3,
mp-1004375,MgMn4O8,
mp-769252,Sr3Ta2O8,
mp-761820,LiFeSi3O8,
mp-766358,Bi5O7F,
mp-649033,Sr5(InSb3)2,
mp-771859,Li3MnSiBO7,
mp-754871,Na3BiAsCO7,
mp-781753,Li3CuP2O7,
mp-771843,Mn3(PO4)2,
mp-776500,Li3V2(OF)4,
mp-761518,Li2Fe(PO4)2,
mp-606901,Sr2CoSe2(ClO3)2,
mp-770173,Mg2Mn3O8,
mp-603575,KFe3H6(SO7)2,
mp-625920,Ta2H4O7,
mp-771760,Na3CoSiBO7,
mp-771752,Na3CrBPO7,
mp-754500,LiSn2P4H3O16,
mp-753794,Hf2P2O9,
mp-771751,Na3CoBPO7,
mp-771744,Li3FeBPO7,
mp-771743,Na3FeBPO7,
mp-768670,K3MgPCO7,
mp-676128,Si3NCl9,
mp-771732,Li3MnBPO7,
mp-771304,Li3SiSbCO7,
mp-773278,K3CoPCO7,
mp-757793,Li2Nb(PO4)2,
mp-768262,V3F10,
mp-757745,Ba4In2O7,
mp-600273,V2Cu3O8,
mp-768190,Li3MgPCO7,
mp-771250,Na3SiSnCO7,
mp-768169,Li3CaPCO7,
mp-768154,Na3MgPCO7,
mp-763092,Li2Mn3F8,
mp-768125,Na3GePCO7,
mp-753653,LiTi2P4H3O16,
mp-675015,Yb6U3O17,
mp-570105,K2PtC4(IN2)2,
mp-568970,K3SnIrCl8,
mp-541071,KZrP2HO8,
mp-585383,Li2V(PO4)2,
mp-6081,Ba2Ti(SiO4)2,
mp-541143,Ni3(AsO4)2,
mp-560046,Ta2Pt3S8,
mp-569102,Al7(CN)3,
mp-541213,Cs(MoO3)3,
mp-555771,CrHg5S2O5,
mp-565445,MgGaMo4O7,
mp-541314,FeSnH12(OF)6,
mp-560193,SnSe2(Cl4O)2,
mp-541323,Sr2NdGaCu2O7,
mp-541324,Sr2ErGaCu2O7,
mp-541325,Sr2HoGaCu2O7,
mp-541327,Sr2TbGaCu2O7,
mp-541330,Sr2SmGaCu2O7,
mp-555853,In6S7,
mp-32538,La2W2O9,
mp-541331,Sr2PrGaCu2O7,
mp-541332,Sr2LaGaCu2O7,
mp-555903,Al(IO3)3,
mp-560244,CsZnB(PO4)2,
mp-541509,Ta2Ni3Se8,
mp-565657,Mn3(PO4)2,
mp-560303,BaCa2C2(O3F)2,
mp-541671,TiMnH12(OF)6,
mp-565410,Tl4V5CdClO15,
mp-556017,Th2P2O9,
mp-505799,P2Pb3O8,
mp-542150,Fe2Mo4O7,
mp-542152,P2Pb3O8,
mp-505805,Pr2Ni7P4,
mp-510001,Ca2Ni7P4,
mp-542389,Dy(SiNi5)2,
mp-542390,Ho(SiNi5)2,
mp-542391,Tm(SiNi5)2,
mp-570693,SbSe3N2Cl7,
mp-570723,La5Si5I3,
mp-566827,K4V5CdClO15,
mp-510713,K3Mn2O8,
mp-566373,K3Mo2BrO7,
mp-510099,In3Au10,
mp-570943,LaFe5H7,
mp-566592,CsMn2V2ClO7,
mp-571046,Sr5(GeN3)2,
mp-556498,Sr2Be2B2O7,
mp-566683,K2Cr3(ClF3)2,
mp-566761,Cr(PO3)3,
mp-566776,Cr(PO3)3,
mp-570801,Y3(Ge3Pt2)2,
mp-566796,Sr2NiSe2(ClO3)2,
mp-570804,SiC,
mp-556868,SrCu2Te2(ClO3)2,
mp-556183,Pr3U(ClO2)3,
mp-510357,La4B4Br5,
mp-571180,Rb(WCl3)3,
mp-560528,K2Ce(PO4)2,
mp-560559,TeC4(ClF3)2,
mp-510519,Rb2V3O8,
mp-566060,Pr3W(ClO2)3,
mp-571253,Er(Al3Ni)3,
mp-560585,P3IrO9,
mp-25712,Ni3(PO4)2,
mp-24123,Rb(BH)6,
mp-25726,V2Pb3O8,
mp-25727,La3W(ClO2)3,
mp-25737,BaInCo4O7,
mp-19596,K2V3O8,
mp-18804,BaDyCo4O7,
mp-19607,K(MoO3)3,
mp-19609,Fe2Ni(PO4)2,
mp-19612,Co2Mo3O8,
mp-19624,BaLuCo4O7,
mp-25775,Tl3(MoO4)2,
mp-19647,SrNi2(PO4)2,
mp-19666,BaTeW2O9,
mp-19702,Mn2Te3O8,
mp-18935,K2V(PO4)2,
mp-30052,Ni6Mo6C,
mp-30075,Ti4FeS8,
mp-556389,UTl2(TeO4)2,
mp-3138,Na8SnSb4,18.15642539
mp-32481,LaV3O9,
mp-3669,Mn(NbS2)4,
mp-19049,BaTeMo2O9,
mp-11670,BaYSi4N7,
mp-771162,Na3CuSiCO7,
mp-601322,Ba6Ge5N2,
mp-625957,Ta2H4O7,
mp-761454,Sn(WO3)3,
mp-765294,SrP2(H2O3)2,
mp-774247,Na3FeBSO7,
mp-774236,Li3CrSiCO7,
mp-648179,Cs3Mn3V4O16,
mp-698018,LiAlSi2H2O7,
mp-778032,LiV2(SiO4)2,
mp-696618,CaB2(H2O3)2,
mp-653925,Sr2DyGaCu2O7,
mp-699008,Rb2MnV2(ClO3)2,
mp-744674,KVH4O7,
mp-743926,FeH4(CO3)2,
mp-697670,KAlSi3O8,
mp-757457,LaNb3O9,
mp-762897,Li2V(PO4)2,
mp-771028,Li3SiBiBO7,
mp-774255,K3CrPCO7,
mp-770998,GdTa3O9,
mp-774240,Na3Li3Mn2P2(CO7)2,
mp-1020164,Na3LiP2O7,
mp-1019794,K3LiP2O7,
mp-696683,K3SnHF8,
mp-696651,K3NbHOF7,
mp-771060,Na5LiNi2P2(CO7)2,
mp-504848,K4Rb2Co2O5,
mp-504963,K2Na4Co2O5,
mp-504964,Rb2Na4Co2O5,
mp-504974,Fe2Mo3O8,140.8085257
mp-24993,Fe(IO3)3,
mp-19179,Ba2V(SiO4)2,
mp-560623,Mg3(PO4)2,
mp-624243,Fe6W6C,
mp-19235,Sr6(CoO3)5,
mp-19261,Na3MnPCO7,
mp-510642,CuNi2(PO4)2,
mp-19329,Na2V(PO4)2,
mp-25154,V(PO3)3,
mp-19346,Fe3(PO4)2,
mp-694867,SiNiH12(OF)6,
mp-25492,CoH4(CO3)2,
mp-25490,Li3CoPCO7,
mp-25506,KCr3H6(SO7)2,
mp-25536,Li3FePCO7,
mp-25540,MnH4(CO3)2,
mp-25566,MnH2(SO4)2,
mp-19139,Mg2Mo3O8,
mp-561051,Rb2Sb4S7,
mp-25607,NiSnH12(OF)6,
mp-25612,Li3NiPCO7,
mp-25638,Li3VPCO7,
mp-25656,Li3PWCO7,
mp-25666,Li3MnPCO7,
mp-31903,Ta2MnZn2O8,
mp-561104,Ga(IO3)3,
mp-566258,Ba2MnSi2ClO7,
mp-571333,Ca5(SiN3)2,
mp-6637,MnAg4(SbS3)2,
mvc-10,TaNb2Zn2O8,
mvc-70,Ca2Nb2BiO8,
mvc-71,Ca2TiNb2O8,
mvc-7568,Mg2Ti3O8,
mvc-7646,Mg2Sn3O8,
mvc-7627,Mg2Bi3O8,
mvc-7639,Mg2Sb3O8,
mvc-7679,Ti3Zn2O8,
mvc-7701,Zn2Sn3O8,
mvc-7709,Ca2Ti3O8,
mvc-7691,Zn2Sb3O8,
mvc-7689,Zn2Bi3O8,
mvc-7743,Ca2Sb3O8,
mvc-7761,Ca2Sn3O8,
mvc-774,Sr2YGaFe2O7,
mvc-7738,Ca2Bi3O8,
mvc-771,Sr2YFeCu2O7,
mvc-7943,Mg2Mn3O8,
mvc-7942,Mg2Cr3O8,
mvc-7944,Mg2V3O8,
mvc-789,Sr2YCu2NiO7,
mvc-7951,Mg2Fe3O8,
mvc-7958,Mg2Ni3O8,
mvc-7952,Mg2Co3O8,
mvc-8003,Mn3Zn2O8,
mvc-8027,Zn2W3O8,
mvc-795,Sr2AlFeCu2O7,
mvc-8,Nb2Zn2SnO8,
mvc-8034,V3Zn2O8,
mvc-8030,Ca2Mn3O8,
mvc-8028,Zn2Cr3O8,
mvc-7980,Mg2W3O8,
mvc-8058,Ca2Mo3O8,
mvc-8051,Ca2V3O8,
mvc-8002,Zn2Co3O8,
mvc-8059,Ca2Cr3O8,
mvc-8040,Zn2Ni3O8,
mvc-81,Ca2Nb2SnO8,
mvc-8110,Ca2W3O8,
mvc-8041,Ca2Co3O8,
mvc-8049,Zn2Fe3O8,
mvc-8104,Ca2Ni3O8,
mvc-8063,Ca2Fe3O8,
mvc-808,Sr2MnAlCu2O7,
mvc-812,Sr2AlCoCu2O7,
mvc-824,Sr2YMnCu2O7,
mvc-833,Sr2YCrCu2O7,
mvc-848,Sr2YCu2MoO7,
mvc-85,Ca2TaNb2O8,
mvc-864,Sr2AlCu2NiO7,
mvc-87,Ca2Nb2SbO8,
mvc-89,Ca2Nb2CuO8,
mvc-883,Sr2AlCrCu2O7,
mvc-893,Sr2AlCu2MoO7,
mvc-910,Ca2Nb2WO8,
mvc-10603,Mo4O9,
mvc-16413,Zn2Mo3O8,129.8364098
mvc-16315,Sr2YCoCu2O7,
mvc-16397,ScZnMo3O8,
mvc-16391,Sr2AlGaW2O7,
mvc-16452,SrZnNi(PO4)2,
mvc-16556,Ca4Mn2O7,
mvc-2,Nb2Zn2BiO8,
mvc-2292,CaSn5O7,
mvc-2305,ZnSn5O7,
mvc-2377,Mg2Ta2SnO8,
mvc-2362,Ta2Zn2SnO8,
mvc-2394,Ca2Ta2SnO8,
mvc-2345,Ta2TiZn2O8,
mvc-2374,Ta2Zn2CuO8,
mvc-2355,Mg2Ta2TiO8,
mvc-2379,Mg2Ta2CuO8,
mvc-2603,CaV5O7,
mvc-2391,Ca2Ta2TiO8,
mvc-261,Sr2YCr2GaO7,
mvc-2663,Mg2Ta2CoO8,
mvc-2667,Mg2Ta2VO8,
mvc-2659,Mg2Ta2CrO8,
mvc-2641,SrMgTi(PO4)2,
mvc-260,Sr2YTiCu2O7,
mvc-2633,Ta2VZn2O8,
mvc-2649,Mg2Ta2MnO8,
mvc-2643,ZnW5O7,
mvc-2664,Mg2Ta2FeO8,
mvc-2645,Ta2Zn2FeO8,
mvc-2668,Mg2Ta2NiO8,
mvc-2652,Ta2Zn2CrO8,
mvc-2564,CaMn5O7,
mvc-2665,SrTiZn(PO4)2,
mvc-2670,Ta2Zn2NiO8,
mvc-2592,ZnCr5O7,
mvc-2716,SrMgSn(PO4)2,
mvc-2669,Ta2Zn2CoO8,
mvc-2684,SrMgCu(PO4)2,
mvc-2726,Ca2Ta2NiO8,
mvc-2715,SrZnCu(PO4)2,
mvc-2740,Ca2Ta2MnO8,
mvc-2753,Ca2Ta2CoO8,
mvc-2739,Ca2Ta2VO8,
mvc-270,Sr2YCu3O7,
mvc-259,Sr2YGaNi2O7,
mvc-2777,SrZnSn(PO4)2,
mvc-2725,Ca2Ta2CrO8,
mvc-272,Sr2YCu2SnO7,
mvc-2805,Mg2Ta2WO8,
mvc-280,Sr2YCu2BiO7,
mvc-2827,Ca2Ta2FeO8,
mvc-2825,SrCaSn(PO4)2,
mvc-2806,SrCaCu(PO4)2,
mvc-2829,Ta2Zn2WO8,
mvc-286,Sr2YCu2SbO7,
mvc-2770,SrCaTi(PO4)2,
mvc-288,Sr2YCu2AgO7,
mvc-2864,Ca2Ta2WO8,
mvc-2987,SrMgMn(PO4)2,
mvc-2989,SrMgCo(PO4)2,
mvc-297,Sr2AlCu3O7,
mvc-2988,SrZnCo(PO4)2,
mvc-294,Sr2AlCu2SbO7,
mvc-2995,SrMnZn(PO4)2,
mvc-2997,SrMgV(PO4)2,
mvc-2996,SrMgNi(PO4)2,
mvc-296,Sr2AlCu2AgO7,
mvc-3001,SrMgCr(PO4)2,
mvc-2998,SrVZn(PO4)2,
mvc-3004,SrCaCo(PO4)2,
mvc-3010,SrCaV(PO4)2,
mvc-3009,SrCaNi(PO4)2,
mvc-3,Nb2Zn2SbO8,
mvc-3019,SrMgFe(PO4)2,
mvc-3016,SrZnFe(PO4)2,
mvc-3005,SrZnCr(PO4)2,
mvc-3008,SrCaMn(PO4)2,
mvc-3018,SrCaCr(PO4)2,
mvc-300,Sr2AlCu2SnO7,
mvc-3024,SrCaP2WO8,
mvc-3052,SrCaFe(PO4)2,
mvc-306,Sr2AlCu2BiO7,
mvc-312,Sr2AlCr2GaO7,
mvc-311,Sr2YGaCo2O7,
mvc-3145,SrZnP2WO8,
mvc-3226,Mg2Mo3O8,
mvc-317,Sr2TaAlCu2O7,
mvc-3358,Mg2Nb2SnO8,
mvc-3391,Mg2Nb2CoO8,
mvc-322,Sr2YAlCr2O7,
mvc-3393,Nb2Zn2FeO8,
mvc-3366,Mg2Nb2TeO8,
mvc-3349,Mg2Nb2AgO8,
mvc-3395,Mg2Nb2WO8,
mvc-377,Sr2AlGaNi2O7,
mvc-331,Sr2TiAlCu2O7,
mvc-3397,Sr2AlGaCo2O7,
mvc-3345,TiNb2Zn2O8,
mvc-359,Sr2YGaW2O7,
mvc-378,Sr2AlGaW2O7,
mvc-411,Mg2Nb2VO8,
mvc-415,Mg2Nb2CrO8,
mvc-402,Mg2MnNb2O8,
mvc-349,Sr2YAlNi2O7,
mvc-418,Mg2Nb2NiO8,
mvc-350,Sr2AlV2GaO7,
mvc-335,Sr2YAlCo2O7,
mvc-356,Sr2YAlW2O7,
mvc-424,Nb2Zn2CrO8,
mvc-417,Nb2Zn2CoO8,
mvc-423,Nb2VZn2O8,
mvc-4,Nb2Zn2CuO8,
mvc-399,Mg2Nb2MoO8,
mvc-3361,Sr2Y2Sn2O7,
mvc-493,Nb2Zn2NiO8,
mvc-530,Ca2Nb2NiO8,
mvc-544,Ca2Nb2CoO8,
mvc-439,Sr2YAlFe2O7,
mvc-546,Ca2Nb2CrO8,
mvc-551,Nb2Zn2WO8,
mvc-521,Ca2Nb2MoO8,
mvc-453,Sr2Y2Fe2O7,
mvc-566,Sr2YMn2GaO7,
mvc-535,Sr2Y2Cr2O7,
mvc-357,Sr2YMn2AlO7,
mvc-6,Nb2Zn2TeO8,
mvc-364,Sr2YAlV2O7,
mvc-625,Ca2MnNb2O8,
mvc-452,Sr2Y2Co2O7,
mvc-552,Sr2Y2W2O7,
mvc-398,Sr2Y2V2O7,
mvc-644,Ca2Nb2FeO8,
mvc-10374,Bi4O9,
mvc-10366,Sb4O9,
mvc-10495,Cr4O9,
mvc-10713,W4O9,
mvc-10801,Sr2AlGaSn2O7,
mvc-10827,Sr2YAlSn2O7,
mvc-10760,Sr2Ti2AlGaO7,
mvc-10745,Sr2AlGaCu2O7,
mvc-10830,Mg2Nb2SbO8,
mvc-10821,Mg2TiNb2O8,
mvc-10716,Sr2YTi2GaO7,
mvc-1114,BaYTi4O7,
mvc-1120,BaTi4AlO7,
mvc-1094,BaYCu4O7,
mvc-10747,Sr2YTi2AlO7,
mvc-1123,BaAlCu4O7,
mvc-10753,Sr2Y2Ti2O7,
mvc-12163,Ba3Y5(NiO5)3,
mvc-1305,BaAlFe4O7,
mvc-1299,BaAlV4O7,
mvc-1323,BaYFe4O7,
mvc-1308,BaYMn4O7,
mvc-1316,BaYV4O7,
mvc-1306,BaAlCo4O7,
mvc-1314,BaAlNi4O7,
mvc-10780,Sr2Y2Cu2O7,
mvc-1329,BaAlW4O7,
mvc-1309,BaYNi4O7,
mvc-1326,BaYW4O7,
mvc-1310,BaYCr4O7,
mvc-13297,Mg2Nb2BiO8,
mvc-13319,Mg2Nb2FeO8,
mvc-13298,Mg2TaNb2O8,
mvc-1331,BaMn4AlO7,
mvc-13325,Sr2AlGaFe2O7,
mvc-1349,BaAlCr4O7,
mvc-13322,Sr2Y2Mn2O7,
mvc-14199,Mg2Nb2CuO8,
mvc-13323,Sr2Y2Ni2O7,
mvc-1162,BaAlSn4O7,
mvc-16182,Sr2YGaCu2O7,
mvc-1155,BaYSn4O7,
mp-643741,Sr2YAlCu2O7,
mp-865528,Ba5Cd2Sb5F,
mp-867155,Sr5Cd2Sb5F,
mvc-282,Sr2YTaCu2O7,
mp-1019517,Ba4Mg(SiN3)2,
mp-757127,LiSi3BiO8,
mp-1020797,Y(PO3)3,
mp-1020666,Li4P2O7,
mp-757173,Sb5O7F,
mp-1019520,Ba3Ca2(SiN3)2,
mp-1029899,Ca5(OsN3)2,
mp-1029868,Sr5(SiN3)2,
mp-1019602,Cs2Al2B2O7,
mp-772986,Na3SiSnBO7,
mp-690772,V5S8,
mp-11532,Zn11Ni2,
mp-13448,Zn11Rh2,
mp-1368,Zn8Cu5,
mp-16511,Mn3Al10,
mp-14324,K2Na4Be2O5,
mp-16744,Y(Al5Fe)2,
mp-14396,Mg3(PO4)2,
mp-12789,Yb(Al5Fe)2,
mp-19611,ScZnMo3O8,
mp-15819,Mn3Al9Si,117.0897219
mp-2004,Cu10Sb3,
mvc-12140,BaYCo4O7,
mp-24389,CaPH5O6,
mp-565431,Rb(WO3)3,
mp-19264,Co3(PO4)2,
mp-24502,ZnH2(SO4)2,
mp-28088,Ca5(AlBi3)2,
mp-24546,MgH2(SeO4)2,
mp-24559,Rb2CuH4(Cl2O)2,
mp-24547,ZnH2(SeO4)2,
mp-4425,Ta2Pt3Se8,
mp-24714,ZnH4(CO3)2,
mp-19601,Ni2Te3O8,
mp-19617,Rb(WO3)3,
mp-16834,Zn3(AsO4)2,
mp-19672,SrCo2(PO4)2,
mp-19692,Mn3V2O8,
mp-21169,Ce2NiB10,
mp-28251,Ta2Zn3O8,
mp-24996,Na3FePCO7,
mp-29710,Hg4P2O7,
mp-25248,Li4(CuO2)3,
mp-25460,Li3CuPCO7,
mp-25510,Li3CrPCO7,
mp-4818,Rb2Sb4S7,
mp-25682,U2Co3O8,
mp-30957,Pr(PO3)3,
mp-30972,Na2Sb4O7,
mp-25738,BaYbCo4O7,
mp-28450,Li4P2O7,
mp-23112,AsS3(ClF2)3,
mp-19954,Al8Cr5,
mp-767331,Li2Si2Ni2O7,
mp-625959,Ta2H4O7,
mp-763834,K2LiMnPCO7,
mp-1094018,Zn4Ga2S7,
mp-1094100,Nb4CoS8,
mp-1016107,Hf6Zn6N,
mp-605175,FeH12Pt(ClO)6,
mp-757365,LaTa3O9,
mp-763244,ZnFeH4O2F5,
mp-773738,LiV2(SiO4)2,
mp-770475,Na3BiBAsO7,
mp-505499,Ta4BTe8,
mp-567429,Ba3Fe3Se7,
mp-557698,K4Na2TeO6,
mvc-2562,V5ZnO7,
mvc-2600,ZnFe5O7,
mvc-10742,Sr2YGaSn2O7,
mp-754061,Na3SnPCO7,
mp-504565,CaFe5O7,
mp-697746,Li2Cr(PO4)2,
mp-699314,Li2V(PO4)2,
mp-608109,Co3(PO4)2,
mp-18952,Ca4Mn2O7,
mp-632614,Li3CrPCO7,
mp-675257,Mn(NbS2)4,
mp-19216,Zn2Mo3O8,
mp-566625,K4V5CuClO15,
mp-620294,MnNb2Zn2O8,
mp-697748,Li2Mo(PO4)2,
mp-555705,V2Co3O8,
mp-698637,CrSiH12(OF)6,
mp-636724,Sr2YCoCu2O7,
mp-18670,Ca5(SnAs3)2,
mp-569185,K(WCl3)3,
mp-756045,Li4Sn(BO3)2,
mp-757073,Ba4LiY2Cu5O14,
mp-767147,LiCr2(PO4)2,
mvc-10920,CaFe2F10,
mp-768155,Na3TlPCO7,
mp-23671,LaNi5H7,
mp-769077,Mg2Te3O8,
mp-770738,Na3BSbAsO7,
mp-643683,Ba5(Ga3H)2,
mp-770423,Mg2Mn3O8,
mp-570807,Sr4In13Au9,
mp-27127,Te4O9,
mp-3502,Zn2Te3O8,
mp-1022720,Ni6Cl7,
mp-1029860,Ca5(RuN3)2,
mp-771343,Na3TlPCO7,
mp-762039,Fe2H4O2F5,
mp-624130,Rb4V5CdClO15,
mp-768582,Na3BiBPO7,
mvc-2234,Ti5ZnO7,
mp-19034,Mg3V2O8,
mp-723145,K2P2H2O7,
mp-556762,BS2N2OF7,
mp-542377,Na9Sn4,
mp-771335,Na3SnPCO7,
mp-557100,Lu(PO3)3,
mp-767164,Mn4OF8,
mp-1080213,CaMn4O8,
mp-1080218,MgMn4O8,
mp-764310,KLi2MnPCO7,
mp-542151,V2Ni3O8,
mp-569688,Rb,
mp-505789,Ce2Ni7P4,
mp-569339,Cu10Sn3,
mvc-2210,CaTi5O7,
mp-540327,Li2Fe(PO4)2,
mp-540227,Li2Mo(PO4)2,
mp-567528,Li17(AgSn2)3,
mvc-2591,ZnCo5O7,
mp-31564,Co(PO3)3,
mp-542551,K6Co2O5,
mp-25485,CoSiH12(OF)6,
mp-25462,Li3TiPCO7,
mp-540254,Li2V(PO4)2,
mp-540168,Li3Co3(PO4)4,
mp-39540,CrSiH12(OF)6,
mp-31364,Ce(Al5Ru)2,
mvc-1257,Sr2YVCu2O7,
mp-568634,Yb3(Ga2Ge3)2,
mp-20548,U(Al5Fe)2,
mp-17558,Ca5(GaAs3)2,
mp-540479,Li2V(PO4)2,
mvc-2427,Ca2Ta2CuO8,
mp-568030,Th(Al5Fe)2,
mp-540986,Nd2Ni7P4,
mp-540368,Li2Ni(PO4)2,
mp-20295,YbEuSi4N7,
mp-567857,Cd8Ag5,
mvc-2873,CaW5O7,
mp-540259,Li2V(PO4)2,
mp-555814,Sr2Cu2Te(BrO3)2,
mp-26721,Li2Nb(PO4)2,
mp-19620,BaHoCo4O7,
mp-540435,Li2Mo(PO4)2,
mp-505208,CoSnH12(OF)6,
mp-26172,Sn(PO3)3,
mp-562439,AsS3(ClF2)3,
mp-615697,Tl(MoO3)3,
mp-554145,Na3SrPCO7,
mp-24239,K(BH)6,
mp-628308,CrHg5S2O5,
mvc-16103,Sr2TaAlCu2O7,
mvc-16139,Sr2TiAlCu2O7,
mp-558661,Ba2Ti(GeO4)2,
mp-764823,Li5Mn6O16,
mp-686003,Ce4Y6O17,
mp-685926,Nd10US16,
mp-618750,NaMnCrF6,
mp-675336,Pr10US16,
mp-675137,Cu4Sn7S16,
mp-984696,Hf(TlTe)4,
mp-676749,Li2UCl6,
mp-782821,LiV2(OF)3,
mp-675278,Cu11S16,
mp-675195,Li13(Mn3As4)2,
mp-694965,Li3(NiO2)8,
mp-850155,NiH12S2(NO5)2,
mp-667,Tl2S,
mp-759265,Li2Cu5(PO4)4,
mvc-13329,Sr9Zn2(CuO7)2,
mp-6031,Li16Nb2N8O,
mp-684605,Cu17Se10,
mp-780688,LiCo2OF5,
mp-676880,Ce10US16,
mp-3775,Na2SiF6,
mp-762351,Li4Ti7O16,
mp-674187,Ba(IrO3)2,
mp-676105,Ba8Bi2F17,
mp-675749,Sm6Th4O17,
mp-675741,La10US16,
mp-699375,Co8As3O16,
mp-676402,Ti8Cu3S16,
mp-762279,K2Ti8O17,
mp-684869,Te16Rh11,
mp-862678,Sb2H8Pt(OF3)4,
mp-775496,Li3Mn5Cr3O16,
mp-764476,Li4Fe7(OF7)2,
mp-765048,LiV2OF5,
mp-8504,Yb2TeO6,
mp-694856,V2Bi8O17,
mp-558273,Ca3SiO5,
mp-764264,Li4Co7O3F13,
mp-775388,Li5Mn7O15,
mp-767433,LiV2OF5,
mp-761849,Na5Li3Ti5O14,
mp-752695,SrCa2I6,
mp-752671,Ba2SrI6,
mp-767338,V(SiO3)2,
mp-770959,Ba3GeO5,
mp-752439,BaSr2I6,
mp-767246,Li2Mn7F18,
mp-676450,Li2UBr6,
mp-743511,CaV2P2(H4O7)2,
mp-859156,Li4Ni7(OF7)2,
mp-643060,ZnH4(BrO)2,
mp-779308,SrLiLa7(CoO8)2,
mp-868136,Li4V7O9F7,
mp-774609,Na5Li3Ti5O14,
mp-859128,Ba2CaI6,
mp-735541,NiSn2H12(OF)6,
mp-760467,ThU8O18,
mp-761140,Na4Ti7O16,
mp-760863,Na4Ti7O16,
mp-779071,LiV2(OF)3,
mp-767099,Li4Mn7O9F7,
mp-779054,LiV2(OF)3,
mp-755317,Y2TeO6,
mp-763694,Li13Mn2O12,
mp-763678,Li13(FeO6)2,
mp-722864,H12PtN6(ClO3)2,
mp-766658,LiV2OF5,
mp-763552,Li2V5(PO4)4,
mp-705414,Fe13O14,
mp-558608,Nb2PbO6,
mp-763504,Li3Mn8(OF3)4,
mp-12766,Mg13Al14,48.90512985
mp-766313,BaCa2I6,
mp-777860,Li2FeF6,
mp-777810,Ge11N11O5,
mp-763380,Li4Mn7O16,
mp-850961,LiFe2OF5,
mp-767252,LiMn2F6,
mp-676333,Ga11NO15,
mp-760795,Al10ZnO16,
mp-766738,Co(BiO3)2,
mp-853148,Na6(NiO2)7,
mp-29846,Tb10B2Br15,
mp-17297,Na2GeF6,
mp-17438,Na2GeF6,
mp-504908,In2TeO6,141.615884
mp-28861,CsC8,
mp-17939,Na2SiF6,
mp-17944,NaCaAlF6,
mp-18075,Na2TiF6,
mp-18191,Tl2TeO6,
mp-18929,BaV2O6,
mp-542654,RbIn3S5,
mp-567173,K2Mn2Zn4Si4O15,
mp-5368,Li2GeF6,
mp-555001,LiMnFeF6,
mp-777887,Li3VF5,
mp-773318,Mg(Fe5O8)2,
mp-850918,Li2Mn5(PO4)4,
mp-765925,Li2VOF5,
mp-765917,LiV2OF5,
mp-624399,CdI2,
mp-777529,Li2VF6,
mp-756639,Li2NbOF5,
mp-777198,LiFe2OF5,
mp-777443,Li2FeF6,
mp-756637,Ba3GeO5,
mp-621624,Tl7Sb2,
mp-777052,LiV2OF5,
mp-765566,LiAg2F6,
mp-755515,Lu2TeO6,
mp-755376,Er2TeO6,
mp-772191,Tm2TeO6,
mp-769039,Dy2TeO6,
mp-756238,Sr2CaI6,
mp-763324,Li2Mn2P4H3O16,
mp-765918,LiV2OF5,
mp-756104,Ge11N11O5,
mp-754512,Ge11N11O5,
mp-772739,Fe2CoO6,
mp-675682,Al11NO15,
mp-754341,Ho2TeO6,
mp-850443,LiV2OF5,
mp-763238,Li2Cr2P4H3O16,
mp-763237,Li2Fe2P4H3O16,
mp-622217,V2CoO6,
mp-757911,MgAl10O16,
mp-669326,CdI2,
mp-778052,Sm2TeO6,
mp-649492,V2PbO6,
mp-777191,LiFe2OF5,
mp-625374,H6N2O,
mp-765676,Li4Co7(OF7)2,
mp-777086,LiV2OF5,
mp-777084,LiV2OF5,
mp-765667,Li4Co7(OF7)2,
mp-567567,CdI2,
mp-540431,Li2Fe5(PO4)4,
mp-569413,K2Sr(NbCl3)6,
mp-571569,CdI2,
mp-554141,Ca3SiO5,
mp-569465,Cs2Nb6PbCl18,
mp-571598,Ga2Au7,
mp-559442,Ba2Ru7O18,
mp-561486,Na2Mg5(PO4)4,
mp-560685,K2Ge(IO3)6,
mp-568478,Nb6Tl2VCl18,
mp-568524,Cu5Sn4,
mp-557580,CdHg4C6S6(Br2N3)2,
mp-557773,Sc2TeO6,
mp-554688,Ba6Hf5S16,
mp-569825,Dy10Si17,
mp-569851,Ho10Si17,
mp-554827,NaMnCrF6,
mp-569879,Cs2Ta6PbCl18,
mp-568694,Na2UBr6,
mp-558228,Li2MnF6,
mp-540842,U2CoO6,
mp-581536,U4Al18Ni5,
mp-555476,Na3OsO5,
mp-554886,Ba3Nb2(P2O9)2,
mp-558590,U2NiO6,
mp-558655,Re2PbO6,
mp-558902,LiMnGaF6,
mp-27917,Ca3SiO5,
mp-755707,K3LiTi7O16,
mp-764637,Li3Fe8O3F13,
mp-776908,RbLiMn3O4,
mp-676909,NaEu2Cl6,
mp-677152,Ho10Te7S10,
mp-677056,Na2UI6,
mp-764675,Li4Fe7(OF7)2,
mp-776310,La8Cu3O16,
mp-698721,MnV2P2(H4O7)2,
mp-627557,CdI2,
mp-765304,Li3Ni8(OF3)4,
mp-707735,MgH12(I4O3)2,
mp-603285,Cs2Cr4Cu(HO4)4,
mp-603267,Rb2Cr4Cu(HO4)4,
mp-778300,LiV2OF5,
mp-849463,Li11(FeO3)4,
mp-601806,K2Cr4Co(HO4)4,
mp-570165,CdI2,
mp-569030,BeCl2,
mp-570263,CdI2,
mp-32382,V2NiO6,
mp-570314,CdI2,
mp-570410,CdI2,
mp-541553,La10Os2I15,
mp-541827,Ba2Zn7F18,
mp-560365,Rb2Zr(IO3)6,
mp-556024,Na2TiF6,
mp-570972,K2Mn(NbCl3)6,
mp-570981,Ce2Al16Pt9,
mp-566418,LiMnFeF6,
mp-556129,Cs2Zr(IO3)6,
mp-556516,Tl2S,
mp-570955,Na2UCl6,
mp-27585,K2Zr7Cl18,
mp-30066,Sb7Pd20,140
mp-19145,Ca4Al6WO16,
mp-601403,CoSn2H12(OF)6,
mp-614325,Re2Pt(CO)12,
mp-697253,SiH12C2(NF)6,
mp-752682,Ba2Sr7I18,
mp-697121,MgZn2H12(BrO)6,
mp-652402,Mn2Pt(CO)12,
mp-696940,TiH12C2(NF)6,
mp-697796,Li2Cr5(PO4)4,
mp-766303,Ba2Ca7I18,
mp-602267,Cs2Cr4Cd(HO4)4,
mp-626197,Sr(H8O5)2,
mp-626210,Sr(H8O5)2,
mp-849401,Li4Co7(OF7)2,
mp-757479,Li2Sn(PO3)6,
mp-757403,Na7Cu7O13,
mp-777966,LiV2(OF)3,
mp-757282,Li2Sn5(PO4)4,
mp-777952,Na4Ni7O16,
mp-560626,Ba2Ni7F18,
mp-25043,Mn(SbO3)2,
mp-19259,Sr4Al6WO16,
mp-25478,V2CoP2(H4O7)2,
mp-25608,V2NiP2(H4O7)2,
mp-866538,Ca6Sn5S16,
mp-554497,CuSb2(XeF5)4,
mp-566228,Rb2Mo(IO3)6,
mvc-16033,Ca3(TiS2)8,
mp-690769,CuP2H12N2(O4F)2,
mp-743866,K2ZnCr4(HO4)4,
mp-1020715,Sr6Y2Al4O15,
mp-1020650,Sr3Ge2(B3O8)2,
mp-1019526,Ba3Si2(B3O8)2,
mp-776705,LiV2OF5,
mp-776714,Li3V2P4(HO8)2,
mp-776722,LiFe2OF5,
mp-640873,U2CoO6,
mp-704995,LiMnGaF6,
mp-14150,Ca4Al6SO16,
mp-14161,Sr4Al6SO16,
mp-14871,Li16Ta2N8O,
mp-1967,TaTe2,
mp-23998,ZnH12N4(ClO4)2,
mp-24345,ZnH12(SO6)2,
mp-42458,SrAl3P2(HO2)7,
mp-28205,Na3ReO5,
mp-29639,Te7Pd20,
mp-676129,NaSm2Cl6,
mp-1094026,Y3AgO5,
mp-542904,Mn2ZnH12(NO2)4,
mp-689980,Li2Fe5(PO4)4,
mp-601439,U2NiO6,
mp-648400,LiMnFeF6,
mvc-12133,V2Zn3(P2O9)2,
mp-763819,Li4Mn7(OF7)2,
mp-556717,Tl3Ga9S13O2,
mp-721342,MgH12(SO6)2,
mp-27405,SnAsF7,
mp-626216,Sr(H8O5)2,
mp-556715,LiTiMnF6,
mp-540465,Li2Ni5(PO4)4,
mp-765003,Li2MnF6,
mp-652786,Ba2Ni7F18,
mp-974038,Ni2W4C,
mp-722912,Hf3Zn3C,
mp-675142,Yb3DySb3,
mp-775687,Li3Fe2F9,
mp-7471,Li3AuO3,
mp-775936,Na3LiCuPCO7,
mp-774473,LiNbCuO4,
mp-9483,Zr9V4S,
mp-9478,BaSi4O9,
mp-777222,LiFeBO4,
mp-765613,Li(CuO)3,
mp-973612,Hf9CoMo4,
mp-765024,LiVF5,
mp-8376,MgAlBO4,
mp-672265,Cu3Pd,148
mp-775847,V2O5,
mp-9191,Na3SbTe3,
mp-772348,Li3FeO3,
mp-772333,Li2Ni3SbO8,
mp-768658,La(HO)3,
mp-541097,Zr3Pb(O2F3)2,
mp-764980,LiMnF5,
mp-6661,BaTi(SiO3)3,
mp-775960,Li4V5Sb3O16,
mp-764977,Li2FeOF3,
mp-771976,Rb2Be2O3,
mp-8351,NaAlSiO4,
mp-767785,Li4Mn2Cr3Sb3O16,
mp-767786,Li4Ti2Fe3Ni3O16,
mp-640562,KYb3F10,
mp-764963,Li2CoSi3O8,
mp-720995,Sr2C2N3,
mp-780808,Li2V3TeO8,
mvc-13231,Nb2(CoO3)3,
mp-861574,LiMnNbO4,
mp-767719,Li4Ti2Mn3Ni3O16,
mvc-12658,Zn(NiO2)2,
mp-850488,LiCoSiO4,
mvc-12227,Mn3Nb2O9,
mp-771620,Li3Fe3O8,
mp-783903,Li2Fe3NiO8,
mvc-12117,Mg(CoO2)2,
mp-775755,Li4Ti3Ni3(SbO8)2,
mp-775754,Li4Nb3V2Co3O16,
mp-767702,Li4Ti3Ni2Sn3O16,
mp-758955,LiCuPO4,
mp-861183,LiNi(PO3)3,
mp-758856,LiCuPO4,
mp-764934,Na(NiO2)2,
mp-771583,LiMn2O4,
mvc-11618,Mg(CoO2)2,
mp-768211,Cs3HoO3,
mp-767687,Li4Si2NiO7,
mp-768597,SrLaCl5,
mp-686947,EuMoO4F,
mp-768194,Li3SbS3,
mp-758520,LiCuPO4,
mp-767680,Li4Mn3Fe3(CoO8)2,
mp-775717,Li4Fe2Co3Sn3O16,
mp-765002,Li7FeO5F,
mvc-11109,Mn2Nb2ZnO9,
mp-767672,LiVF5,
mvc-11009,Y2Mn3O9,
mp-771549,Li2Ti3VO8,
mp-758071,LiCuPO4,
mp-775703,Li4Cr3Cu3(WO8)2,
mp-776263,Na3CoO3,
mp-771507,Li(FeO2)2,
mp-775702,Li4Cr2Co3Sn3O16,
mp-775701,Li4Fe2Co3Ni3O16,
mp-767664,Li4CuNi3(PO4)4,
mp-775700,Li4Ti3Nb2V3O16,
mp-775698,Li4Cr2Fe3Co3O16,
mp-542028,Ti3Al2NiN,
mp-771481,Li(CoO2)2,
mp-767657,Li4Ti2Nb3Co3O16,
mp-775694,Li4Cr3Ni2Sn3O16,
mp-780226,Li3LaO3,
mp-644742,Ni2Mo4N,
mp-775690,Li4Cr3Ni3(SnO8)2,
mp-762428,LiCrSiO4,
mp-677135,Li2CoCl4,
mp-757219,LiSiBiO4,
mp-775686,Li4Fe3Ni3(SnO8)2,
mp-2943,KY3F10,
mp-775680,Li4Fe3Ni2Sn3O16,
mp-782652,Li4Ti3Cr3(NiO8)2,
mp-756273,Lu(HO)3,
mp-767636,LiMn2O3F,
mp-984697,EuLu2O4,
mp-775657,Li4Ti2Co3Sn3O16,
mp-775655,Li4Mn3Cr2Sn3O16,
mp-754993,SbSeO5,
mp-674940,La12Au3I13,
mp-971684,C3N4,
mp-697072,CuHIO4,
mp-767807,Mn(CoO2)2,
mp-775804,Li3SbS3,
mp-761321,LiVPO4,
mp-866745,La3CrW(SO2)3,
mp-1713,CsCd13,
mp-505125,BaNa2V2CuO8,
mp-767707,Li2Fe5Si5O16,
mp-775748,Li4Cr3Fe2Sn3O16,
mp-767685,LiMn2P2HO8,
mp-696221,KAl(H2N)4,
mp-758497,LiCuPO4,
mvc-5595,Mg(CuO2)2,
mp-9607,Li2UO4,
mp-761816,Li3Co11O14,
mp-775715,Li4V3Co3(SnO8)2,
mp-758170,LiCuPO4,
mp-757982,In(HO)3,
mp-775705,Li4Ti2Fe3Sn3O16,
mp-764902,Li4Fe2Co3Sb3O16,
mp-775699,Li6V3Sb3O16,
mp-765980,Li4CuSi2O7,
mp-850232,Na(FeO2)2,
mp-767658,Li4Mn2Co3Te3O16,
mp-775695,Li4Mn3V2Sb3O16,
mp-767653,LiNi6O7,
mp-19665,NaCoPO4,
mp-777249,Li4V3Cr3(SbO8)2,
mp-697818,Sr2Pr2MnCuO8,
mp-685992,Li2CrCl4,
mp-765628,Li4Cu3Bi(PO4)4,
mp-950,NaZn13,
mp-764792,Li4Ni8O9F7,
mp-756474,Rb3YO3,
mp-685968,Ba6Nb5S17,
mp-761410,Li4MnV3(PO4)4,
mp-756448,LaMgI5,
mp-761391,LiCrPO4,
mp-756122,Cs3TlO3,
mp-760697,GaH7(NF2)2,
mp-776805,Li4Mn3Cr3(SnO8)2,
mp-775656,Li4Mn3Nb2V3O16,
mp-17862,Ag3Ge5P6,64.90887161
mp-776801,Li6Nb3V3O16,
mp-776800,Li4Ti3Nb2Co3O16,
mp-853172,Li2VF4,
mp-773970,Li4Ti2Mn3Sn3O16,
mp-851283,LiFeSiO4,
mp-773891,LiCuPO4,
mp-767621,Li4Mn8O9F7,
mp-776780,Li4Ti3Cr3(SnO8)2,
mp-696986,CsH2CO3,
mp-776772,Li4Ti2Cr3Sn3O16,
mp-697018,SrZnP2(HO4)2,
mp-984052,Ba(LuS2)2,
mp-773576,LiZn2Fe9O16,
mp-9682,Na3AlSe3,
mvc-12643,ZnCr2O4,
mp-775441,Li4V3Fe3(SbO8)2,
mp-675462,Mo2RuSe4,
mp-764308,Li4Fe3Co3(NiO8)2,
mp-6712,NaLuGeO4,
mp-752730,Ba2GeO4,64.04206637
mp-766808,Li4Mn8O13F3,
mp-669435,KLaCO4,
mp-696467,UH2Se2O9,
mp-766756,Mn2CrO4,154.3426654
mp-669308,Cs3Tm2I9,
mp-775279,Li4Mn3Cu3(SbO8)2,
mp-764323,Li7Mn(OF)3,
mp-9113,CsBeAsO4,
mp-849527,Rb3InO3,
mp-554546,Eu2SiO4,
mp-9018,LiCdPO4,
mp-676308,Li2MnBr4,
mp-762276,Li2NbCr3O8,
mp-774793,LiLa8Cu3O16,
mp-3417,Ca(BO2)2,
mp-673128,LiCuPO4,
mp-673096,Li3Sn(PO3)6,
mp-780863,Li4V2Fe3Cu3O16,
mp-6615,C2Se(SN)2,
mp-540852,Ti3Co3O,
mp-765755,Li2VO3F,
mp-669703,EuZn13,
mp-6597,CsLiSO4,
mp-761441,Li4Mn2Fe3Co3O16,
mp-672227,CaZn13,
mp-29136,Sr6Cu3N5,61.11761528
mp-6557,Cs2PO3F,
mp-773267,LiZn(Fe5O8)2,
mp-776847,Li4Nb3V2Fe3O16,
mp-761025,Rb3InO3,
mp-776806,Li4V3Fe3(SnO8)2,
mp-6726,CsLiSO4,
mp-754925,BaLaI5,
mp-767049,LiVSiO4,
mp-771688,Li4Mn3Nb2Cr3O16,
mp-684769,Sr2La6TiCu3O16,
mp-780810,Li4Ti3V3(TeO8)2,
mp-760825,LiCu3F10,
mp-776768,Li4V5Fe3O16,
mp-691128,Sr2V3O9,
mp-743840,CoPH6NO5,
mp-9680,Na3AlTe3,
mvc-12722,Al2(BiO3)3,
mp-18844,CaMn2O4,
mvc-12661,Zn(FeO2)2,
mp-772821,Rb3LuO3,
mvc-12659,Zn(FeO2)2,
mp-6708,RbNb2PS10,
mvc-12642,CaMn2O4,
mvc-12634,Ca(NiO2)2,
mp-764306,Li3Mn2F9,
mvc-12622,CaV2O4,
mp-22432,Ti4Cu2O,
mvc-12618,V2ZnO4,
mp-772702,Li6Fe3Co3O16,
mvc-12607,ZnCr2O4,
mp-763390,LiCoCO4,
mp-669378,Ce3Si2S8Br,
mp-780754,Li2VP2HO8,
mvc-12563,Mn2ZnO4,
mvc-12562,MgMn2O4,
mvc-12557,Mg(FeO2)2,
mp-771634,KLi(WO3)3,
mvc-12500,Ti2ZnO4,
mp-771633,Li3Mn(PO4)2,
mvc-12491,Ti2ZnO4,
mvc-12486,CaTi2O4,
mvc-12484,CaTi2O4,157.1603166
mp-780748,LiVCoO4,
mp-772170,CaLaI5,
mp-771623,Li5Mn3(PO4)4,
mp-8947,Sr(BS2)2,
mvc-12162,Y2Mn3O9,
mvc-12110,MgMn2O4,
mvc-12055,Mn2ZnO4,
mvc-12053,CaV2O4,
mvc-12043,Ca(FeO2)2,
mvc-12027,MgV2O4,
mp-662549,Cs2GeTe4,
mvc-11997,Ca(CoO2)2,
mp-762244,Li2AgF4,
mp-763071,Li4Fe3Co5O16,
mp-619767,Cs3Fe2F9,
mp-6493,CaMgSiO4,100.6957197
mp-780646,LiMnPO4,
mp-6185,ErCo(CN)6,
mp-771588,Li6Nb3Fe3O16,
mp-771587,Li7Mn3(WO8)2,
mp-697076,Ti3Zn3C,
mvc-11633,VPO5,
mp-771757,Li4V3Co3(TeO8)2,
mp-859138,LiMnPO4,
mp-647813,Cs2CrO4,
mp-859134,LiMnPO4,
mvc-12111,MgV2O4,
mp-6146,LiNbZnO4,
mp-771575,Li2TiMn3O8,
mp-771571,Li(FeO2)2,
mp-861551,LiFeSiO4,
mp-861558,LiMnPO4,
mp-1014365,Cr3N4,
mp-861632,LiMnPO4,
mp-771559,Li4Ti3Nb2Ni3O16,
mp-32100,Li3Mo(PO4)2,
mp-762763,Li4Ti2Fe3Co3O16,
mp-763773,LiFe2P2HO8,
mp-861541,Li2MnSn(PO4)2,
mp-762197,RbAl(H2N)4,
mp-780585,Ti(FeO2)2,
mp-6812,KBaPO4,53.61189086
mp-29359,Na2PdCl4,
mp-868646,Li4V5Sn3O16,
mp-684710,Cu9S5,
mp-771537,Li7Cr3(WO8)2,
mp-645591,Eu2(Ga3Rh)3,
mp-645339,Fe5C2,
mp-771523,LiCr2O4,
mp-771520,Li4Mn3V2Ni3O16,
mp-771517,Li4Mn3Cr5O16,
mp-771516,Li4Ti3Cr5O16,
mp-762518,Li4Ti2Mn3Nb3O16,
mp-771510,Li7Fe3(WO8)2,
mp-645068,Ce2In3Ru2,
mp-771508,Li6Fe3Sb3O16,
mp-651582,Mn(InTe2)2,
mp-6441,K2PO3F,
mp-978253,Ce3(SiRh)2,
mp-769019,Li(BiO2)2,
mp-762510,Li4Ni5Sb3O16,
mp-6434,RbAlSiO4,
mp-771497,Co2HgO4,
mp-857361,LiMnPO4,
mp-861491,LiMnPO4,
mp-861484,LiMnPO4,
mp-771477,Li6Mn3Sb3O16,
mp-763223,Li4Mn3Fe2Ni3O16,
mp-641911,Ce(In2Pd)2,
mp-762474,Li4Ti2Nb3Fe3O16,
mp-861470,LiMnPO4,
mp-866496,Ca2SnS4,
mvc-15076,Zn(FeO2)2,
mp-771465,Li4Ti5Ni3O16,
mp-868046,Fe9Cu3O16,
mp-762456,Li4V2Fe3Ni3O16,
mp-780596,Na(NiO2)2,
mp-985293,Al(HO)3,
mp-977417,NdB2HF10,
mp-771073,Li4Mn3Co3(CuO8)2,
mvc-5975,Mg(SnO2)2,
mp-640047,Mn2GeSe4,
mvc-5840,Ca(SbO2)2,
mp-675554,Nd(SmSb)3,
mvc-11632,VBiO5,
mvc-5754,Mg(BiO2)2,
mp-775684,Li4Cr3Sn3(TeO8)2,
mvc-5742,Ca(AgO2)2,
mvc-5733,Zn(SnO2)2,
mvc-5732,Mg(SbO2)2,
mp-771579,Li7W5O16,
mvc-5722,Ca(BiO2)2,
mvc-5644,VAsO5,
mvc-5643,CrAsO5,
mvc-5626,MoAsO5,
mvc-5601,Zn(AgO2)2,
mvc-5584,Mg(AgO2)2,
mp-762398,Li2CrSi3O8,
mvc-5357,TaAsO5,
mp-762396,Li4Mn3Nb2Ni3O16,
mvc-5296,BiAsO5,
mp-5857,MgAl2O4,
mvc-5669,Ca(CuO2)2,
mvc-5268,SbAsO5,
mp-707891,Zn2P2HNO8,
mp-5626,K3SbTe3,
mp-977334,LiTi2O4,
mp-861545,LiMnPO4,
mp-646337,Tb2EuSe4,
mp-762676,Li4Nb2V3Fe3O16,
mp-861467,LiMnPO4,
mp-25780,Zr4Ni2O,
mp-771539,Li4V3Cu3(SbO8)2,
mp-776795,BaYBr5,
mp-762590,Mn2(CO3)3,
mp-645707,Yb2EuSe4,
mp-645692,Eu(LuSe2)2,
mp-645690,Eu(DySe2)2,
mp-637204,CeCu5Sn,
mp-636256,LaCu6,
mp-540456,LiCr(PO3)3,
mp-771515,Li6V3W3O16,
mp-762517,Li4Ti3Fe3(TeO8)2,
mp-771498,Li4Ti3Fe5O16,
mp-762299,LiCoCO4,
mp-978099,K3Gd(PO4)2,
mp-6764,BaSi2(NO)2,94.70723104
mp-769561,Li4Mn3Fe3(NiO8)2,
mp-762290,Li4Fe3Co(PO4)4,
mvc-3764,MgNiF5,
mp-632787,CaAlH5,
mvc-3747,ZnNiF5,
mvc-3745,MnZnF5,
mvc-3743,ZnFeF5,
mvc-3742,VZnF5,
mvc-3741,ZnCoF5,
mvc-3737,MgMnF5,
mvc-3738,MgFeF5,
mvc-3736,MgVF5,
mvc-3734,ZnCrF5,
mvc-3729,MgCoF5,
mp-863896,Li3Mn(PO4)2,
mp-762457,LiFePO4,
mvc-3422,TiZnF5,
mvc-3418,ZnCuF5,
mp-868012,Li4Nb3Fe3(SbO8)2,
mp-763061,LiNiPO4,
mvc-3384,MgTiF5,
mp-762247,LiCoSiO4,
mp-17158,Ta3Co3C,
mp-762234,Li4Ti3Mn3(TeO8)2,
mvc-5787,Zn(CuO2)2,
mp-762415,Li4Mn3Nb3(FeO8)2,
mp-997509,Co2(CO3)3,
mp-762224,Li4Cu3Sb(PO4)4,
mp-770878,Li4Cr3Co5O16,
mp-762222,Li2CuF4,
mp-770815,Cs3YO3,
mp-6160,Rb2PO3F,
mp-32543,H2WO4,
mvc-15041,Ca(NiO2)2,
mp-6112,K6Na3GaSb4,
mp-778969,Li2CuBi(PO4)2,
mp-975103,RbMgPO4,
mp-770623,Li4Ti2Mn3V3O16,
mp-861500,PrB2HF10,
mp-762187,LiMnCO4,
mvc-14518,MgMn2O4,
mp-639135,Pr3RuCl3,
mp-762183,LiFeCO4,
mp-767447,LiVSiO4,
mp-770463,Cs3GaO3,
mvc-14378,Mg(FeO2)2,
mp-772116,LaMgI5,
mp-770454,La2Ti3O9,
mp-772114,BaLaI5,
mvc-14361,MgCuF5,
mp-867599,Li2Cu3F9,
mp-1020609,Zn2SiO4,
mp-638270,Mn3O4,
mp-761978,Li4Ti2Nb3V3O16,
mp-606879,MnVAgO4,
mp-24861,LiCoAsO4,
mp-676751,Cr5AgS8,
mp-685109,Yb5S9,
mp-685099,IrSe3,
mp-3175,BaTi4O9,
mp-5185,K2BeF4,
mp-5056,Mn2SiS4,
mp-3872,Mg(AlS2)2,
mp-5712,Cd2GeAs4,
mp-3855,Na2BeF4,
mp-866521,Ca2SnS4,
mp-5905,Y2BeO4,
mp-5883,CsMo6Se7,
mp-779746,Li4V3Fe2Sn3O16,
mp-5807,Mn(SbS2)2,
mp-5803,NbPO5,
mp-2895,Mg2SiO4,119.2775029
mp-5226,K2SeO4,
mp-5614,Li3BS3,
mp-3733,BeTl2F4,
mp-866654,Cs2MoSe4,
mp-770073,EuY2O4,
mp-866646,KGeBiS4,
mp-769975,Li2Cr3FeO8,
mp-866615,CsAg2AsS3,
mp-866520,Ca2SnS4,
mp-634464,K3B12H12Br,
mp-769705,Cd(CoO2)2,
mp-769563,Li4V3Cr3(TeO8)2,
mp-684959,Sm5Se9,
mp-705842,Fe9Cu3O16,
mvc-3757,ZnMoF5,
mvc-3753,ZnWF5,
mvc-3740,CaVF5,
mvc-3739,CaWF5,
mvc-3735,CaMoF5,
mvc-3733,CaMnF5,
mp-975577,K3La(AsO4)2,
mp-676286,Zr4CdO9,
mvc-3481,CaSbF5,
mvc-3462,ZnSbF5,
mvc-3430,MgBiF5,
mvc-3429,MgSnF5,
mvc-3419,CaTiF5,
mvc-3416,ZnBiF5,
mvc-3413,ZnSnF5,
mvc-3405,CaSnF5,
mp-676076,Cu11Sb4S13,
mp-779144,Rb3HoO3,
mp-862729,Sr(DySe2)2,
mp-9858,Ba3Ge4,
mp-541277,CaYbInS4,
mp-778968,Rb3DyO3,
mp-651311,Cu2WO4,
mp-568015,Na3ErV2O8,
mvc-14359,CaAgF5,
mp-769049,BaLaCl5,
mp-855,MgBe13,
mp-778817,Li4Mn3Nb3(TeO8)2,
mvc-14207,CaBiF5,
mp-853266,Li3Fe9O5F11,
mp-853205,Li7Fe(O2F)2,
mp-699324,LiFe(PO3)3,
mp-5125,Na3FeSe3,
mp-621925,Mn2GeS4,
mp-5838,Ba2SiS4,
mp-619100,LiEuTiO4,
mp-5824,Hg2NO4,
mp-629724,Ba2FeO4,
mp-566788,Na2Mn2O3,
mp-607514,Pr(In2Au)2,
mp-607126,Nd(In2Au)2,
mp-607044,Eu(ScSe2)2,
mp-632490,Eu2SnS4,
mvc-12056,Sr9Zn3(CuO7)2,
mp-630711,CsGdSiS4,
mp-1005789,Sm2(Ga3Co)3,
mp-762171,Li4Fe3Co3(SbO8)2,
mp-978990,Tl2(IO3)3,
mp-762169,Li4Co3Ni3(SbO8)2,
mvc-14364,MgSbF5,
mp-762166,LiNiPO4,
mp-764872,Li5Fe7O3F13,
mp-775631,Li4Fe3Cu3(SnO8)2,
mp-775630,Li4Mn2Nb3Co3O16,
mp-607479,RbEuSiS4,
mp-775617,Li4Ti2Nb3Ni3O16,
mp-775610,Li4Mn3Cr3(TeO8)2,
mp-775606,Li4Mn3Co2Sn3O16,
mp-775578,Li4Ti2Co3Sb3O16,
mp-775565,Li4Nb2V3Cu3O16,
mp-762164,Li4Nb2Co3Ni3O16,
mp-775525,Li4V2Cr3Sn3O16,
mp-775524,Li2V3FeO8,
mp-775521,Li4Cr2Cu3Sb3O16,
mp-764773,Li4Cr3Co2Sb3O16,
mp-775518,Li5Ti6FeO16,
mp-25696,Mn3O4,
mp-997530,Li2FeCu(PO4)2,
mp-775508,Li4Mn3Cu2Sn3O16,
mp-764765,Li4Nb3Ni3(SbO8)2,
mp-775507,Li4Co3Ni2Sn3O16,
mp-775520,Li4Cr3Co2Sn3O16,
mp-775495,Li4V2Ni3Sb3O16,
mp-775474,Li4Mn3Cu3(SnO8)2,
mp-775451,Li4V2Cr3Sb3O16,
mp-775455,Li4Mn2Fe3Cu3O16,
mp-6872,K3SiN(OF2)3,
mp-675514,Ce3AsS3,
mp-775742,Li2Fe3TeO8,
mp-758531,LiCuPO4,
mp-850092,Li2FeF4,
mp-972891,ScBe13,
mp-769290,LiCuPO4,
mp-767978,Li3La7(FeO8)2,
mp-775452,Li4Mn3Co3(WO8)2,
mp-780196,LiMnSiO4,
mp-764443,Li4Mn3Fe3(WO8)2,
mp-769278,LiCuPO4,
mp-715275,Fe3O4,
mp-753564,Sn3(OF)2,
mp-769272,LiCuPO4,
mp-753477,Li3BiS3,
mp-753520,Li3BiS3,
mp-753444,Li3BiS3,
mp-767836,Mn2CoO4,137.8010095
mp-770714,LiAlFeO4,
mp-753511,LiTiSiO4,
mp-767850,LiFeSiO4,
mp-772427,Li3Fe(PO4)2,
mp-601400,GdCo9Si4,
mp-780155,Li9Fe3(OF7)2,
mp-767838,LiFeSiO4,
mp-764423,Li2CrF4,
mp-764412,Li7Ni(O2F)2,
mp-772417,Li4V3Fe5O16,
mp-772402,Li4Mn5Cr3O16,
mp-780147,LiMnSiO4,
mp-767820,Li4V8O13F3,
mp-973926,KCoH3(CO2)3,
mp-6224,LiScSiO4,
mp-772388,Li4Mn3Fe5O16,
mp-780139,Li4Ti3Co3(WO8)2,
mp-764395,Li4Mn3Cr2Sb3O16,
mp-780134,Li4Ti3V2Cr3O16,
mp-772383,Tl3Co3O8,
mp-753327,LiSiBiO4,
mp-772381,V2SiO4,
mp-772367,K2WO4,
mp-772365,K2MnO4,
mp-764385,Li4Fe3Cu3(SbO8)2,
mp-767787,LiVSiO4,
mp-753246,Sn3(OF)2,
mp-772358,Li4Fe3Ni3(WO8)2,
mp-767773,Li4V3Fe3(TeO8)2,
mp-772356,Li4V3Cr3(WO8)2,
mp-776849,Li4V3Sn3(SbO8)2,
mp-767751,Li7Mn(O2F)2,
mp-764348,LiFeSiO4,
mp-29035,Sr(YS2)2,
mp-776835,Li4Mn2Cu3Sn3O16,
mp-767743,LiFeSiO4,
mp-767741,Li4Mn2Ni3Sb3O16,
mp-772319,Li4Co3Ni5O16,
mp-764328,Na5Mn7O16,
mp-767739,Li4FeNi3(PO4)4,
mp-776826,Li4Co3Sn3(SbO8)2,
mp-776819,LiFeF5,
mp-772302,Mg2FeO4,
mp-764321,Li4Co3Ni3(WO8)2,
mp-776817,LiFeF5,
mp-764319,Li4Cr2Ni3Sb3O16,
mp-771722,Li4Nb3V3(NiO8)2,
mp-775442,Li4V3Ni3(SnO8)2,
mp-771452,Li4Mn3Nb2Cu3O16,
mp-767695,Li2MnSi3O8,
mp-705456,Li2FeP2HO8,
mp-705147,Fe2GeSe4,
mp-762067,Li4Ti3V3(SbO8)2,
mp-775424,Na5Li4Ti5O14,
mp-775397,Li4Mn2Fe3Te3O16,
mp-764250,Li4Nb3Fe2Ni3O16,
mp-780024,LiMn(PO3)3,
mp-775443,Li4Mn3Fe2Sb3O16,
mp-762156,Li4Mn3Co3(NiO8)2,
mp-767574,Li7Mn(O2F)2,
mp-690702,SnPHO4,
mp-690698,AgSbH2C2(NF3)2,
mp-767609,LiVF5,
mp-762029,LiAg2F4,
mp-764272,Li2V(OF)2,
mp-775387,Li4Fe3Co2Sn3O16,
mp-775337,Li4Fe2Ni3Sn3O16,
mp-764212,Li2VO3F,
mp-767597,LiMnF5,
mp-764211,LiVOF4,
mp-752715,Ba3(ClO)2,
mp-764210,Li7VO5F,
mp-762071,Li4Co3Ni3(TeO8)2,
mp-652180,AuC5(SCl)4,
mp-752693,Ba3(ClO)2,
mp-767589,LiVF5,
mp-762055,Li4Cr3Co3(SbO8)2,
mp-775401,Li4Co3Sn2Sb3O16,
mp-775399,Li4Mn3Ni3(SnO8)2,
mp-775398,Li4Mn3V3(NiO8)2,
mp-761969,Li4Fe3Ni3(SbO8)2,
mp-780025,Li4Ti3V3(SnO8)2,
mp-767471,Li5SbS,
mp-752878,LiAg2F4,
mp-761953,Li4Nb2Fe3Cu3O16,
mp-777038,LiMnPO4,
mp-762038,Li4CrCo3(PO4)4,
mp-780012,LiMnPO4,
mp-775386,Li4Mn3Fe2Co3O16,
mp-767565,LiVCO4,
mp-775274,K2CrO4,
mp-775356,Li4Cr3Cu2Sb3O16,
mp-762023,LiNiPO4,
mp-752573,Ba(NaSi2)2,
mp-762022,Li4Mn3Co(PO4)4,
mp-762021,LiNiPO4,
mp-762020,LiNiPO4,
mp-767443,Li2Mn5Si5O16,
mp-775346,Li4Mn3Ni2Sn3O16,
mp-771397,Li4Ti3Mn2Ni3O16,
mp-762006,LiNiPO4,
mp-779995,LiMn2P2HO8,
mp-771394,Li4Ti3Mn3Cr2O16,
mp-762004,LiNiPO4,
mp-770579,LaMgI5,
mp-752729,CaTb2O4,
mp-762002,LiNiPO4,
mp-761449,Li4Mn3Cr3(FeO8)2,
mp-762000,LiFeCO4,
mp-775336,Li4V2Co3Sb3O16,
mp-761998,Li4Ti2V3Co3O16,
mp-761997,Li2CrNi(PO4)2,
mp-767407,Li5SbS,
mp-775335,Li2Cr3FeO8,
mp-761996,Li2CoNi(PO4)2,
mp-761995,Li4Cr3Co(PO4)4,
mp-861729,Li4Ti2Mn3Co3O16,
mp-761977,LiNiPO4,
mp-764196,Li2VO3F,
mp-761968,Li4FeSi2O7,
mp-767473,Li2FeP2HO8,
mp-775298,Li4Mn2Cr3Sn3O16,
mp-770427,BaLaCl5,
mp-761964,Li4Ti2V3Sn3O16,
mp-764089,Li4Cr3Fe3(WO8)2,
mp-752656,BaLa2O4,
mp-752651,Li4Ti2Nb3Cu3O16,
mp-775290,Li4Nb2Cr3Cu3O16,
mp-752406,Rb3TmO3,
mp-770314,BaLaI5,
mp-868418,Li2FeSi3O8,
mp-761385,LiCrPO4,
mp-764048,Li4Fe2Ni3Sb3O16,
mp-767312,Fe13O15,
mp-761373,Li2Si5Ni5O16,
mp-752555,SrLa2O4,
mp-770271,BaLaCl5,
mp-775133,Li4Ti3Fe3(WO8)2,
mp-752507,LiCuPO4,
mp-868325,Li7V(O2F)2,
mp-752501,LiSiBiO4,
mp-770977,Ca2CeO4,
mp-761445,Li4Mn3Cr3(NiO8)2,
mp-761342,Li4Co2Cu3Sb3O16,
mp-650503,Rb3V2Br9,
mp-753580,LiTiSiO4,
mp-767403,Li5SbS,
mp-752442,BaLu2O4,
mp-770954,Li4Nb2V3Cr3O16,
mp-770953,Be(FeO2)2,
mp-770842,Li4Mn2Co3Sb3O16,
mp-770952,Li4Co3Ni(PO4)4,
mp-770951,Li4Mn3Ni3(TeO8)2,
mp-684767,K3P2H(O3F)2,
mp-761418,Li4Mn3V(PO4)4,
mvc-3414,ZnAgF5,
mp-767349,LiVF5,
mp-761411,Li4Ti2Nb3Cr3O16,
mp-770941,Li4Mn3Nb2Fe3O16,
mp-761408,Li3Cr(PO4)2,
mp-761407,Li4Cr3Ni3(TeO8)2,
mp-775073,Li4Cr3Fe3(SnO8)2,
mp-775072,Li4Mn3Cu2Sb3O16,
mp-775071,Li4Cr2Ni3Te3O16,
mp-1080192,Ti3N4,
mp-779533,Ba3(BrO)2,
mp-752410,Ba2GeO4,
mp-763968,Li4V3Ni3(TeO8)2,
mp-761403,Li4VNi3(PO4)4,
mp-863024,RbBaTaS4,
mp-761399,LiCrPO4,
mp-770763,LiMnPO4,
mvc-16093,Al2BiSe4,
mp-767333,Li2Si3NiO8,
mp-775199,LiMnVO4,
mp-752396,Ca2HfO4,
mp-752395,Ba2Na2O3,
mp-761468,LiFePO4,
mp-767205,Li3Mn2F9,
mp-775194,Li2Fe3WO8,
mp-767327,Li4Mn3Sn(PO4)4,
mp-761386,LiCrPO4,
mp-868379,Li4Mn3Cr2Cu3O16,
mp-767200,Li4Fe2Co3Te3O16,
mp-761164,LiNbF5,
mp-761380,Li3V(PO4)2,
mp-775180,Li2Co3WO8,
mp-767314,Li4Mn3Fe3(CuO8)2,
mp-767191,Li7Mn(OF)3,
mp-761372,Li4Cr3Ni(PO4)4,
mp-763610,LiCrSiO4,
mp-641924,Bi2PbS4,
mp-767309,LiMn2OF3,
mp-770888,Li4Nb5V3O16,
mp-767307,Li4Mn3Cr(PO4)4,
mp-767306,Li3MnO2F,
mp-770885,Li3FeO3,
mp-761365,Li4Mn5Cu3O16,
mp-861602,Li2VFe(PO4)2,
mp-764033,NaMn2O4,
mp-746030,NaFePO4,
mp-761357,Li3V(PO4)2,
mp-767296,Li4TiMn3(PO4)4,
mp-746071,KFePO4,
mp-861549,Mn11ZnO16,
mp-770722,Mg3Mn5(BO4)4,
mp-775145,Li4Nb3Cu3(SnO8)2,
mp-775136,Li4Cr3Co3(TeO8)2,
mp-743761,LiFe3SiPO8,
mp-861534,LiNiPO4,
mp-763349,Li2MnF4,
mp-641314,Dy2(GePt3)3,
mp-770695,Rb3PbO3,
mp-849402,LiCo2OF3,
mp-642750,NaV2O4,
mp-761326,LiVPO4,
mp-767260,Li4MnNi3(PO4)4,
mp-767249,Li4MnCo3(PO4)4,
mp-767132,Li4Mn3Co2Te3O16,
mp-861527,Li2CrFe(PO4)2,
mp-775092,Li4Cr3Sn3(SbO8)2,
mp-861478,Li4Mn3Nb(PO4)4,
mp-868139,Li4Mn2Nb3Cr3O16,
mp-775090,Li4Nb2V3Co3O16,
mp-774762,Li2Cu2S3,
mp-767243,Li4Ti2Fe3Sb3O16,
mp-765001,Li2Mn3TeO8,
mp-775811,LiVFeO4,
mp-775796,Li2Ti3NbO8,
mp-761311,Li4MnSi2O7,
mp-767241,Li4Mn3Sb(PO4)4,
mp-770812,SrCe2O4,
mp-868013,Li4Mn3Co2Ni3O16,
mp-767234,Li4Fe2Co3Cu3O16,
mp-775078,Li4Ti3Nb3V2O16,
mp-763981,Li4Nb2Ni3Sn3O16,
mp-770800,Li4Ti3Nb5O16,
mp-763979,Li4Ti3Mn2Nb3O16,
mp-761302,Li2VNi(PO4)2,
mp-775068,Li4Nb3Fe3(NiO8)2,
mp-767087,Li4Cr2Co3Sb3O16,
mp-770771,SrSc2O4,140.4332008
mp-770621,Li4Ti3V2Co3O16,
mp-761289,Li2CrSn(PO4)2,
mvc-15221,Sb2S5,
mp-863018,SiH9C3Cl,
mp-767065,LiMn3F10,
mp-763962,Li4Ti3Fe3(CuO8)2,
mp-775050,Na2FeO4,
mp-761191,LiCuPO4,
mp-761190,LiCu(PO3)3,
mp-767203,Li4V3Ni3(SbO8)2,
mp-763956,Li3Mn(PO4)2,
mp-779200,Li4Nb2Cr3Ni3O16,
mp-767201,Li4Mn2Cr3Fe3O16,
mp-767198,Li4CrNi3(PO4)4,
mp-770744,Li4Nb2Fe3Sn3O16,
mp-770739,LiTiFeO4,
mp-767188,LiMn2OF3,
mp-767030,LiVSiO4,
mp-779171,LiCr(PO3)3,
mp-770731,LiZr2O4,
mp-866661,K3Dy(AsS4)2,
mp-866651,KSiBiS4,
mp-775013,Li4Mn3Fe3(SbO8)2,
mp-763932,Li4Ti3Fe2Ni3O16,
mp-779164,Li4Fe2Ni3Te3O16,
mp-767177,Co2RuO4,
mp-641651,U2(Al3Co)3,
mp-684011,Eu8C4I9N7,
mp-866503,Ca2SnS4,
mp-628842,Ti3Al2NiO,
mp-760991,NaNb2O4,
mp-763919,LiCo2OF3,
mp-770706,Li6MnAlO6,
mp-774032,LiCr2O4,
mp-767152,Ba3Fe3O8,
mp-4212,Nb3Co4B7,
mp-763914,Li3CoO2F,
mp-638150,KPPbS4,
mp-767151,Li2CuNi(PO4)2,
mp-767149,Li2FeSi3O8,
mp-866306,Ba(NdS2)2,
mvc-12561,Zn(NiO2)2,
mp-866301,BaBSbS4,
mp-760799,LiCu3F10,
mp-770685,Li4Mn3Ni3(SbO8)2,
mp-867534,LiAg2F4,
mp-556814,LiNdGeO4,
mp-638009,RbPPbS4,
mp-640880,Nd2(Al3Co)3,
mp-767115,LiMn2O3F,
mp-770671,Li4Cr5Sn3O16,
mp-733858,CaH4Se2O7,
mp-763763,Li4Cr3Fe2Co3O16,
mp-760136,Li4TiCu3(PO4)4,
mp-774714,Li3Sb(PO4)2,
mp-767103,LiVSiO4,
mp-767100,Li4Ti2Ni3Sn3O16,
mp-762168,LiNiPO4,
mp-760650,Li3Bi(PO4)2,
mp-767098,LiMn2O3F,
mp-775623,LiTiMnO4,
mp-767092,LiVSiO4,
mp-770524,Li4Mn3V3Cr2O16,
mp-770636,Li4V3Co2Sb3O16,
mp-775608,Li2MnCr3O8,
mp-865132,Li4Ti3Fe3(SbO8)2,
mp-770625,Li4Al3Cr3(SbO8)2,
mp-770518,Li4Ti3Mn3(CoO8)2,
mp-755347,LiCuTeO4,
mp-779210,Li4Mn3Fe2Cu3O16,
mp-767068,LiVSiO4,
mp-763842,Na3LiMnBPO7,
mp-767057,SrLiLa3MnO8,
mp-866943,Ca2SnS4,
mp-866883,Ca2SnS4,
mp-767050,LiVSiO4,
mp-779192,LiCoSiO4,
mp-779191,LiCoSiO4,
mp-770508,Li4Ti3Mn3(FeO8)2,
mp-767041,Li4Ti2Fe3Cu3O16,
mp-767040,Li4MnCu3(PO4)4,
mp-976584,Hf9Mo4As,
mp-689961,LiNi(PO3)3,
mp-767038,LiVSiO4,
mp-764789,LiMn2OF3,
mp-866713,ReTeSCl4,
mp-763716,LiMnPO4,
mp-866695,ReTeSeCl4,
mp-767032,Li2Mn4O5F3,
mp-770495,Li4Ti2Mn3Fe3O16,
mp-866637,KPPdS4,
mp-775519,Li2Ti3NiO8,
mp-763792,K(CoO2)2,
mp-866474,Ca2SnS4,
mp-764681,NaCr2O4,
mp-770483,Rb3FeO3,
mp-770473,CaLaI5,
mp-773785,K2TeO4,
mp-763785,LiMn2OF3,
mp-770552,Li4Ti2Cr3Ni3O16,
mp-770549,Li4Cr3Cu3(TeO8)2,
mp-865865,Yb(ErS2)2,
mp-773988,Li4Ti3Co3(SbO8)2,
mp-766954,LiVF5,
mp-770523,Li4V2Cr3Fe3O16,
mp-770521,Li4V3Fe3(WO8)2,
mp-770520,Li4Ti2Cr3Fe3O16,
mp-637206,AlBiSeCl4,
mp-773971,Li4Mn2V3Cr3O16,
mp-766925,LiVF5,
mp-637194,Cs3Sc2Cl9,
mp-763731,LiV3F10,
mp-766922,Li4Fe3Co2Ni3O16,
mp-770507,Li4Ti3Mn3(NiO8)2,
mp-770392,BaLaBr5,
mp-770505,Li4Ti3Cr2Co3O16,
mp-773936,Li4Ti3V3Cr2O16,
mp-763714,LiVP2(HO4)2,
mp-772449,LiNbCrO4,
mp-773707,Li4Ti3Mn2V3O16,
mp-863897,Li2Si3NiO8,
mp-863892,Co(NiO2)2,
mp-778873,BaCe2O4,
mp-763698,Li4Nb3V3(CoO8)2,
mp-778870,LiFe2OF3,
mp-863882,Li4FeCo3(PO4)4,
mp-766850,Li4Mn3V2Co3O16,
mp-766846,Li2CoSn(PO4)2,
mp-850469,LiCrSiO4,
mp-679669,NaZr2SN2Cl,
mp-625924,H5NO,
mp-773763,Li4Cr3Fe2Sb3O16,
mp-770420,Li4Ti3Mn3V2O16,
mp-772420,Li2Co3SnO8,
mp-772394,Li2NbNi3O8,
mp-773674,Li4Ti3V3(FeO8)2,
mp-772391,Li2Mn3NiO8,
mp-772390,LiAlFeO4,
mp-634378,NaHSO4,
mp-722902,LiH2NO3,
mp-772384,LiNbCoO4,
mp-763635,LiFeSiO4,
mp-766768,Li4Mn2Fe3Ni3O16,
mp-766766,LiFePO4,
mp-766763,LiFePO4,
mp-772379,Li2Ni3TeO8,
mp-722310,KErHSe2O9,
mp-766762,LiFePO4,
mp-772377,Li2VCr3O8,
mp-853353,Li4Fe3Sn2Sb3O16,
mp-770371,Li4Ti3Mn2Fe3O16,
mp-773620,Li4Mn3Nb3(SbO8)2,
mp-772370,Li2Ni3WO8,
mp-772369,Li2Mn3WO8,
mp-778758,Li4Ti3Fe2Cu3O16,
mp-772368,Li2TiFe3O8,
mp-767794,LiVSiO4,
mp-773698,Li4V3Cr3(FeO8)2,
mp-759544,In3Cu3O8,
mp-758796,LiCuPO4,
mp-766750,Li2MnCu(PO4)2,
mp-766749,LiNi2OF3,
mp-766631,Li4Co3Cu3(TeO8)2,
mp-778744,Li2MnNi(PO4)2,
mp-778698,Ga3NO3,
mp-764354,LiMnF5,
mp-763597,Li4Cr3Co3(NiO8)2,
mp-767772,Li3V2F9,
mp-763592,LiCoSiO4,
mp-853212,Li4Mn3Cu3(WO8)2,
mp-763587,Li4Ti3Mn3(SbO8)2,
mp-780087,LiMnSiO4,
mp-1006591,Mg(InSe2)2,
mp-773622,LiFe2P2HO8,
mp-772339,LiNbFeO4,
mp-770327,Li4Ti3Fe3(CoO8)2,
mp-853199,LiCo2OF3,
mp-766651,LiNiPO4,
mp-766632,Li4Nb2Cr3Co3O16,
mp-853185,Li4Ti2Ni3Sb3O16,
mp-853181,Li4V3Fe2Sb3O16,
mp-542819,Cs3B12H12Br,
mp-763535,LiP5W3O19,
mp-770247,Li4Ti2V3Ni3O16,
mp-773563,Li4Ti2V3Cr3O16,
mp-778657,LiMnF5,
mp-767737,Co9Cu3O16,
mp-973675,Hf9AsW4,
mp-767620,LiVSiO4,
mp-773545,Li4Ti3Mn5O16,
mp-853138,Li4CoNi3(PO4)4,
mp-773537,Li4Ti3Cr3(WO8)2,
mp-763519,Li4Mn3Nb2Co3O16,
mp-773520,CrPO5,
mp-780042,Li2CoOF3,
mp-770235,Li4Ti3V3(WO8)2,
mp-771429,Li(NiO2)2,
mp-773519,Li4Mn3Fe(PO4)4,
mp-778593,Li4V2Fe3Co3O16,
mp-773518,Li4Cr3Fe3(TeO8)2,
mp-763517,Li4Ti3Co3(NiO8)2,
mp-30986,Zn3S2O9,
mp-762036,Li(CoO2)2,73.95017326
mp-766350,LiSiBiO4,
mp-773508,Li4Cu3Ni3(WO8)2,
mp-770218,ZnIn2O4,
mp-763500,LiCoSiO4,
mp-770210,CaY2O4,
mp-851047,LiFe2OF3,
mp-773469,Li4Mn5Te3O16,
mp-763490,Li4Ti3Nb3Cr2O16,
mp-758797,LiCu(PO3)3,
mp-851029,Li4Ti3Ni3(SnO8)2,
mp-761982,LiCoSnO4,
mp-676950,Be(GaO2)2,
mp-775311,LiCuSbO4,
mp-851031,Li4Mn3Co2Sb3O16,
mp-676855,In(HO)3,
mp-758742,KY(H2N)4,
mp-766735,LiMnPO4,
mp-761965,LiCoPO4,
mp-777897,Li4Ti2V3Cu3O16,
mp-777916,Li4Fe3Cu3(TeO8)2,
mp-777917,Li4V5Cu3O16,
mp-777892,Li4V2Fe3Sb3O16,
mp-779957,SrLiLa7Fe3O16,
mp-851009,Li5Fe7O3F13,
mp-775278,Li2MnV3O8,
mp-752581,Sr2HfO4,
mp-775271,Li2Cr3WO8,
mp-21457,Ti3Cu3O,
mp-763454,LiMn2OF3,
mp-758616,LiCuPO4,
mp-766176,LiSiBiO4,
mp-851004,Li4Ti3Fe3(NiO8)2,
mp-766173,Sr(RhO2)2,
mp-777864,Li2MnF4,
mp-770152,Li4Ti2Mn3Cr3O16,
mp-773399,Li3Fe(PO4)2,
mp-763433,Li2MnF4,
mp-630836,Nd3(GeRu)2,
mp-850986,Li6Co6O5F11,
mp-770950,LiLa4MnO8,
mp-770140,Li4Fe5Sb3O16,
mp-775214,LiVCuO4,
mp-773387,Li4Fe5Co3O16,
mp-758430,LiCuPO4,
mp-773382,Li4Fe3Ni3(TeO8)2,
mp-775204,Li2V3WO8,
mp-764062,LiCo2OF3,
mp-766114,Li4MnFe3(PO4)4,
mp-976039,LuBe13,
mp-770110,Li4Nb3Fe5O16,
mp-868417,Li3CoO3,
mp-773388,Li4Mn5Nb3O16,
mp-777738,Al(HO)3,
mp-850969,LiMnSiO4,
mp-777781,Li2FeF4,
mp-643158,PH8IN4,
mp-775178,LiFe2OF3,
mp-773352,Li2MnFe(PO4)2,
mvc-6637,Ca(NiO2)2,
mp-850949,LiMnSiO4,
mp-770127,Li4Ni3Sn5O16,
mp-628859,KSrVO4,
mp-770126,Rb3FeO3,
mp-773345,VCrO5,
mp-770125,BaLaCl5,
mp-973809,NdBe13,
mp-777742,Li3FeS3,
mp-867370,Pr3Sn5Au6,
mp-628665,AlBiTeCl4,
mp-777695,LiFe2OF3,
mp-766031,NaMgH4SO6F,
mp-758270,Li3Ti(PO4)2,
mp-773324,Li4Fe3Ni5O16,
mp-758259,Li4Ti3Cu3(TeO8)2,
mp-27417,Li3InO3,
mp-763366,LiNiCO4,
mp-775110,Li2Ti3CoO8,
mp-777673,Li2FeF4,
mp-777668,Li4Ti3Co3(SnO8)2,
mp-761312,Li2Mn3CrO8,
mp-761310,Mn(AsO2)2,48.16798163
mp-541595,Co3W3N,
mp-761308,Li2MnNb3O8,
mp-777666,Li2V3CrO8,
mp-775060,LiTiFeO4,
mp-779415,Li6AlFeO6,
mp-770757,Li2MnFe3O8,
mp-770755,Li3CrO3,
mp-775048,LiCrFeO4,
mp-641896,Mg(FeO2)2,
mp-767784,LiVSiO4,
mp-775011,Li2NbFe3O8,
mp-641539,Si3N4,254.9292669
mp-774745,Li3CuS3,
mp-761409,LiFeSiO4,
mp-767095,Li2MnOF3,
mp-640067,Ni4B3,
mp-680695,Ce3B2(ClO2)3,
mp-774449,Li2Ti3SbO8,
mp-735535,NiPH6NO5,
mp-774424,LiMnVO4,
mp-680639,Cu3Pd,
mp-779181,LiNbNiO4,
mp-770566,Be(FeO2)2,
mp-770562,Li6AlCrO6,
mp-628715,KEuPSe4,
mp-773779,Li2Cr3NiO8,
mp-770414,LiAlVO4,
mp-766799,Co9Cu3O16,
mp-634446,CsAl(H2N)4,
mp-778785,Li2Cr3TeO8,
mp-770387,LiMnAlO4,
mp-773712,Li2TiCr3O8,
mp-766765,LiFePO4,
mp-773699,LiMg(Fe5O8)2,
mp-766739,Li2VOF3,
mp-763595,Fe2(CO3)3,
mp-763594,LiCoSiO4,
mp-766725,Zn3Co9O16,
mp-766712,Li2CrCo3O8,
mp-773600,LiVSnO4,
mp-763564,LiV(PO3)3,
mp-773516,Li3NiO3,
mp-689684,P2O5,
mp-23150,CS2NClO2,
mp-21466,Ca2RuO4,
mp-30997,ZrTlF5,
mp-19970,Li3CuO3,78
mp-17273,Ba(HoTe2)2,
mp-17275,SrY2O4,112
mp-31004,Sn(SO2)2,
mp-4998,Sr2IrO4,129
mp-21452,Pb3O4,
mp-28501,K2(NbCl3)3,
mp-17281,Cu2PO4,
mp-31012,K2(NbBr3)3,
mp-5013,Cs2BeF4,
mp-17291,Na3SiTe3,
mp-17319,NdCo9Si4,
mp-29890,Th2AuF11,
mp-26299,LiSnPO4,
mp-29903,TlTeF5,
mp-28537,As2PbO4,
mp-17337,RbAsOF4,
mp-17357,NaSmSiO4,
mp-17361,Cs2WS4,
mp-17363,BaHo2O4,
mp-28555,RbSF5,
mp-17367,Mn2SiSe4,
mp-504211,LiSn(PO3)3,
mp-23261,I2O5,
mp-21523,La(In2Au)2,
mp-31051,CeSi4Ni9,
mp-17394,NaYGeO4,
mp-29955,Hg3(SeI)2,
mp-21529,La3(GaNi)2,
mp-504264,LiCuPO4,
mp-29956,Hg3(SI)2,
mp-28579,Hg3(TeI)2,
mp-31065,Sc2(SeO3)3,
mp-17412,BaPr2O4,
mp-504348,Li3Cu(PO4)2,
mp-29975,K3BS3,
mp-31075,Hg3(SeBr)2,
mp-21556,Ce3(InRu)2,
mp-28608,Ga3Te3I,
mp-17441,Mg2GeS4,
mp-28616,NbTe5Pd,
mp-26897,LiSn(PO3)3,
mp-29996,La3PI3,
mp-29997,La3AsI3,
mp-29998,La3SbI3,
mp-17487,NaErGeO4,
mp-3446,SrTm2O4,
mp-23366,Rb2CoBr4,
mp-21596,Ba3Ge4,
mp-21597,Ce3(GeRh)2,
mp-17501,Ba(ScTe2)2,
mp-504539,CaLu2O4,
mp-504564,Si(PbS2)2,
mp-21625,Y2(Ga3Co)3,
mp-23416,Li2ZnCl4,
mp-504576,OsOF5,
mp-17538,K3SbSe3,
mp-17539,KAsOF4,
mp-17546,Cs2RuO4,
mp-17560,Na2UO4,
mp-28693,Al3Te3I,
mp-27172,Cs3In2Cl9,
mp-510619,Fe3Mo3N,
mp-21670,ThInCu5,
mp-31189,DyBe13,
mp-23451,Cs3Cr2Br9,
mp-25613,LiNiAsO4,
mp-504653,Eu2SiO4,
mp-773752,Na3MnO3,
mp-17597,Ca(ScS2)2,
mp-3009,Rb2BeF4,
mp-21701,UFe5Sn,
mp-17612,Ba2SiO4,
mp-21708,CeCu6,
mp-23497,Li2ZnI4,
mp-31225,Pr2Mo2C3,
mp-27219,Mg(SbO2)2,48.54885566
mp-31231,Sr5Mo2N7,
mp-504771,LaCo8P5,
mp-504772,Y3(SiRh)2,
mp-17662,Lu2PdO4,
mp-20248,SrYb2O4,
mp-17667,Sr3AlSb3,
mp-23569,AsSe6IF6,
mp-27272,Ca3PI3,
mp-17678,Sr(ScS2)2,
mp-23586,Hg6S4Br3Cl,
mp-27275,Li3BO3,72.85338979
mp-23614,SrNb2Bi2O9,
mp-17691,Cu3SbS3,
mp-504948,LiScGeO4,
mp-30167,Rb3Os2Br9,
mp-27301,Rb3Au3Cl8,
mp-17708,Ge3Sb2O9,
mp-28829,Li2ZnBr4,
mp-28830,Na2ZnBr4,
mp-31273,La2CuS4,
mp-27331,K3GeTe3,
mp-31275,Ba(TeP2)2,
mp-17769,YSO4F,
mp-28860,P2Se5,
mp-17785,KNa2GaO3,
mp-17786,Ba(SmTe2)2,
mp-17789,K2RuO4,
mp-30222,Cs3BS3,
mp-28877,Cs2SnTe4,
mp-505042,Cu(BiO2)2,57.75503579
mp-27358,Se2O5,
mp-28888,Cu(PtS2)2,
mp-23779,K3H(SO4)2,
mp-23781,Rb3H(SO4)2,
mp-17825,Sr2SiO4,
mp-23791,B(HO)3,13.23824146
mp-3523,SrGd2O4,
mp-17832,RbBaPO4,
mp-23798,H4OF2,
mp-17839,K3Na(SeO4)2,
mp-30279,NpIO5,
mp-17854,LiInGeO4,
mp-28925,Ca4(PPd)5,
mp-17872,Ba(YTe2)2,
mp-601882,Fe(SbO2)2,
mp-23866,H2SeO4,9.364110292
mp-17891,NaYSiO4,
mp-28959,Si2Cl2O3,
mp-30320,RbHfF5,
mp-17894,Rb3Sm(PS4)2,
mp-23897,Rb3H(SeO4)2,
mp-17902,K3Na(RuO4)2,
mp-28980,K3BiSe3,12.36371863
mp-17908,Ba2TiS4,
mp-17912,Rb3SbSe3,
mp-541021,SbAsPd5,
mp-28999,Sn4B3Ir7,
mp-505225,UPO5,
mp-505238,EuTiAgO4,
mp-17927,Ba(DyTe2)2,
mp-17928,Ba(ErTe2)2,
mp-505601,Nb3Co3C,
mp-27467,Ta6S,
mp-29022,K2GeSe4,
mp-17960,BaSm2O4,
mp-505274,Na2SO4,
mp-505270,TiSO5,
mp-23979,K3H(SeO4)2,
mp-505284,Pb3(BrO)2,
mp-17975,KSrPO4,
mp-29036,Ba(YS2)2,
mp-24001,NaZn2P2HO8,
mp-17980,K2MoS4,
mp-24019,H4NClO,
mp-27506,K3W2Cl9,
mp-31352,Er2(SeO3)3,
mp-22161,CaYb2O4,
mp-505319,PtF6,7.744025938
mp-17998,Ca(RhO2)2,
mp-24052,CaMgNiH4,
mp-542826,Sc2PbSe4,
mp-18005,NaYTiO4,
mp-762892,LiCoSiO4,
mp-29072,Nb2SiTe4,
mp-505362,Ca(LuS2)2,
mp-29073,Nb2GeTe4,
mp-27532,Si(PbSe2)2,
mp-18019,K3Sm(PO4)2,
mp-18024,Hf9BMo4,
mp-27537,Na2TeO4,
mp-27543,As4S3,
mp-18037,LiNbZnO4,
mp-31360,K2Ta3Cl9,
mp-30442,NpBe13,
mp-18042,SrTb2O4,
mp-22166,Co3Mo3N,
mp-18045,KEuPO4,
mp-30445,ZrBe13,
mp-29096,Hg3(SBr)2,
mp-27573,NaSb3F10,
mp-505402,Cu2WO4,
mvc-12655,Zn(CoO2)2,
mp-24141,CsHSeO4,
mp-505429,Th(Re2Si)2,
mp-18099,BaSbF5,
mp-27594,As4(Pb3S5)3,
mp-24172,H2SO4,
mp-22271,Cu(AsO2)2,19.73687592
mp-18138,K2WSe4,
mp-505513,Nd(Re2Si)2,
mp-3667,P2S2O3,
mp-18156,KBaPSe4,
mp-24240,K3B12H12I,
mp-24241,Rb3B12H12I,
mp-18164,Tb3S3N,
mp-18165,Na3GaS3,
mp-30520,Tl2S5,
mp-27656,Zn2(PS3)3,
mp-18168,TlZnPO4,
mp-18169,RbEuPO4,
mp-29168,Rb3BiSe3,
mp-1020717,Zn2SiO4,
mp-27672,Nb2P5,
mp-18193,CsTe7Mo6,
mp-29187,Co(SiP)3,
mp-31407,Ba5In4Bi5,
mp-18196,Ba(TmTe2)2,
mp-3696,UNb3O10,
mp-18217,K3AlSe3,
mp-20767,Fe(SbS2)2,
mp-29218,Ge3Bi2O9,
mp-18258,BaTb2O4,
mp-27736,Re2P5,
mp-29232,ZrPb3F10,
mp-18287,Ce2(SbPd3)3,
mp-18288,Ti(SnO2)2,64.12047489
mp-18285,PrCo9Si4,
mp-29259,Bi2PdO4,51.62077359
mp-18329,CsMgPO4,
mp-18332,Lu2ZnS4,
mp-29356,NaTi2O4,143.9187363
mp-18334,NaHoGeO4,
mp-22467,Sn(PbO2)2,46.22689818
mp-18378,K3AlTe3,
mp-18411,Na3GeSe3,
mp-18422,RbLiZn2O3,
mp-18439,Ba3AlSb3,
mp-29332,Pt(PbO2)2,
mp-18463,RbZnPO4,
mp-27878,NaSb5O8,
mp-29355,NaTeF5,
mp-18490,Sr2SmNb(CuO4)2,
mp-27897,Ba(NO2)2,29.00191122
mp-27899,Cd3AsCl3,
mp-18502,BaSi3SnO9,
mp-770677,Li4Co3Sb5O16,
mp-18509,KBe3ZnF9,
mp-18515,NaGdSiO4,
mp-29375,Na3InS3,
mp-29379,K3BiTe3,9.513364596
mp-18547,NaGdGeO4,
mp-27928,Ge2S3I2,
mp-18560,NpPO4F,
mp-18591,KZnPO4,
mp-3917,Cd2GeO4,99.83228424
mp-18578,TlZnAsO4,
mp-18594,K3AsSe3,
mp-29413,Rb3Nb2Br9,
mp-18609,K2Se5,
mp-18612,Rb2MoS4,
mp-31479,Ca3(GaPt)2,
mp-18629,NaTmGeO4,
mp-31480,Ca3(GaPd)2,
mp-3926,NbAg7S6,
mp-30590,LaCu6,
mp-642,BaCu13,
mp-18642,Ca(YS2)2,
mp-18658,RbLaSiS4,
mp-18660,Sr(ScTe2)2,
mp-18673,CsZnPO4,
mp-3952,BaY2O4,
mp-18704,CsLiBeF4,
mp-397,KCd13,
mp-31503,Mg9Sn5,
mvc-13352,CaV4O9,
mp-28133,Gd3CCl3,
mp-18964,K3NaCr2O8,
mp-4038,Sm3S3N,
mp-405,Ga2Pd5,
mp-4056,CaSc2O4,144
mp-4112,Tl2SO4,23.60221435
mp-31591,LiCoPO4,
mp-644758,Fe2Mo4N,
mp-31585,LiCoPO4,
mp-4180,Ca2SiO4,95.84272055
mp-31594,LiCoPO4,
mp-30696,Cd5Cu2,
mp-30698,PrCu6,
mp-30699,SmCu6,
mp-542565,Nd3Sb5Pd6,
mp-542566,Pr3Sb5Pd6,
mp-554944,TiSO5,
mp-542601,Yb3Se4,
mp-571404,Hg3(SeI)2,
mp-559186,BaBiBO4,
mp-542675,Na(RhO2)2,
mp-556918,NbPO5,
mp-542697,Rb2RuO4,
mp-567201,PrCu6,
mp-542699,C2Se3N2,
mp-30232,Tb3SiBr3,
mp-559227,RbGeBiS4,
mp-722294,Nb3Zn3N,
mp-567218,KAuN12,
mp-559238,CsLi2BS3,
mp-559237,Nd3Si2S8Br,
mp-5388,Zn(SbO2)2,44.28496211
mp-542737,TiZn2O4,
mp-5392,Mg2SiO4,
mp-542750,UCu5Sn,
mp-559276,AlBPbO4,77.94923322
mp-540123,LiFePO4,
mp-540138,MoPO5,
mp-559296,AsS4N4F5,
mp-569313,Mg3Si8Ir3,
mp-555003,WF6,
mp-542854,Mg9Si5,59
mp-17186,Ca3AlAs3,
mp-540263,VPO5,
mp-540277,VPO5,
mp-567378,Ba5P9,
mp-542930,Eu2(Ga3Ir)3,
mp-540293,CrPO5,
mp-567391,Dy3Se3N,
mp-540311,Li3V(PO4)2,
mp-556979,CsSmGeS4,
mp-540313,LiFe(PO3)3,
mp-542964,Eu(TmSe2)2,
mp-567415,Nd2B5,
mp-543033,Ce3S3N,
mp-777694,Li4Ti3V5O16,
mp-770175,Li2Mn3FeO8,
mp-758688,Li2CuF4,
mp-777896,Li2V3NiO8,
mp-763368,LiV3P5O19,
mp-630714,Mg(FeO2)2,
mp-758100,LiCuPO4,
mp-773331,Li3MnO3,76.1348378
mp-777682,Li2NbV3O8,
mp-770022,LiVBO4,
mp-625087,U(HO2)2,
mp-676023,NaY3F10,
mp-675946,Li2MgBr4,
mp-770028,LiVBO4,
mp-777670,Li4V3Cr3(SnO8)2,
mp-676145,Lu(HO)3,
mp-765974,LiFePO4,
mp-651173,K3WC4N4OF,
mp-770016,LiVBO4,
mp-769997,La2Ti3O9,
mp-15813,Mn3W3C,
mp-757031,Mg2TiO4,146.7122741
mp-777591,Li4Ti5Fe3O16,
mp-675601,Al3NO3,
mp-763307,Li4Ti3Mn2Co3O16,
mp-624214,Cs3Bi2I9,
mp-756888,La2(SiO3)3,
mp-777480,Li2Ti3MnO8,
mp-540851,Ti3Mn3O,
mp-761994,LiFeCO4,
mp-758006,Ca2SiO4,98.90499754
mp-850401,Li2FeOF3,
mp-769932,LiMnBO4,
mp-757042,LiSnPO4,
mp-769986,Mn2AlO4,
mp-777452,LiNbCoO4,
mp-757038,LiSiBiO4,
mp-765896,LiV3F10,
mp-763276,Sr3Co3O8,
mp-763275,Li4Co3Cu2Sb3O16,
mp-769908,Li2Mn3CoO8,
mp-773163,Li2Fe3SnO8,
mp-769898,Li2Ni3SnO8,
mp-769965,Li2Cr3CuO8,
mp-25614,LiNiPO4,
mp-867754,Ta4Ni2C,
mp-773204,Li4Cr5Fe3O16,
mp-763260,LiCoSiO4,
mp-769884,Li2Fe3CoO8,
mp-643293,SrMgNiH4,
mp-763186,Li2Mn3SbO8,
mp-769862,Fe(AsO2)2,
mp-621964,K2RbBiSe3,
mp-769860,Li2Co3NiO8,
mp-773195,Li2NiSn(PO4)2,
mp-504884,Cu3AsS3,
mp-777471,Li2FeF4,
mp-769847,Li(CoO2)2,
mp-773191,Li6Cr3Sb3O16,
mp-620862,LiTl3(MoO4)2,
mp-777464,Li4Ti5Cr3O16,
mp-777462,Li4Ni3Sn3(SbO8)2,
mp-772899,Li3ZrO3,
mp-769815,Sr3W2O9,
mp-18310,Si3Ag3(SnP3)2,
mp-773182,Li4Cr3Sn5O16,
mp-773180,Li4Mn3Sn5O16,
mp-773179,Li2TiCo3O8,
mp-765840,Li4V3Co(PO4)4,
mp-675299,Ca2SiO4,
mp-619752,Cs3Mo2(O2F)3,
mp-777057,LiCoPO4,
mp-769912,Rb2Ni2O3,
mp-763217,LiNiPO4,
mp-643246,YbMgNiH4,
mp-675215,Mg2SiO4,
mp-777421,Li4Ti3V2Sn3O16,
mp-850074,Na3MnO3,
mp-777417,Li4Ti5Mn3O16,
mp-756132,Cu(SbO2)2,21.39298084
mp-765816,Li3Mn(PO4)2,
mp-769892,Li4Mn3Co5O16,
mp-769890,NbVO5,
mp-765811,Li4Ni3Sn(PO4)4,
mp-756599,La2ZnO4,
mp-765805,Li4Fe3Cu3(WO8)2,
mp-769749,Li2Cr3SnO8,
mp-672289,Ge3N4,
mp-769878,Rb2Fe2O3,
mp-765670,Na4Ni3O7,
mp-762886,LiCoSiO4,
mp-850224,Li7Mn(PO4)4,
mp-849937,Na3NiO3,
mp-762880,LiCoSiO4,
mp-762687,LiFeSiO4,
mp-769859,Li4Mn5Ni3O16,
mp-777268,Na(BiO2)2,
mp-769858,Li4Mn3V2Cu3O16,
mp-621938,Cs3Cr2I9,
mp-756460,Ga2HgO4,
mp-769854,Li2VSn(PO4)2,
mp-769871,Li2CrFe3O8,
mp-707727,H2C2N2O,
mp-769848,Li4Mn5Sb3O16,
mp-850164,Li4Co3Ni3(SnO8)2,
mp-669391,Ca4Zn2Cu3P5,
mp-765761,Li3Co3OF7,
mp-765760,LiMn2OF3,
mp-621581,P3Rh4,
mp-850149,LiVF5,
mp-669364,Cs3Re3(SI)4,
mp-765754,Li4Ti3Cr3(TeO8)2,
mp-674334,Ca2SiO4,87.2205556
mp-777224,LiFe2O3F,
mp-765513,LiTiCoO4,
mp-614369,La3BWO9,
mp-762830,Li4Mn2Nb3V3O16,
mp-765741,Li4Mn2V3Sb3O16,
mp-777204,Li4Ti3V2Ni3O16,
mp-755446,Bi2(BO3)3,
mp-620069,K3Mo2Cl9,
mp-761827,Na3CuO3,
mp-772283,Li2Cr3SbO8,
mp-772280,Li2Fe3SbO8,
mp-761817,LiNbVO4,
mp-669370,Ta5AuS,
mp-772258,LiMnNbO4,
mp-761806,Li2NbCo3O8,
mp-761785,LiFeCoO4,
mp-754929,Ga3NO3,
mp-769028,Si3Sb2O9,
mp-772181,Cs3GaO3,
mp-769025,K2Mg2O3,
mp-761741,LiCoSbO4,
mp-770043,Li4Ti2Cr3Co3O16,
mp-777660,Li3Fe9O5F11,
mp-770036,Li4Mn3V2Cr3O16,
mp-762804,LiFeSiO4,
mp-765948,Li4Nb3Cr2Fe3O16,
mp-772820,SrLu2O4,
mp-756190,Cd(GaO2)2,
mp-619279,In2PbS4,
mp-761729,Li2VCo3O8,
mp-761722,LiVCoO4,
mp-510486,Ta3Al2CoC,
mp-754761,Sr2HfO4,
mp-761718,Li2MnCo3O8,
mp-777148,Li4Ni3Sn2Sb3O16,
mp-607080,NdCu9Sn4,
mp-762785,LiVF5,
mp-765704,Li4Fe3Cu2Sb3O16,
mp-768920,Ho2(SeO3)3,
mp-766761,LiFePO4,
mp-768915,Na3AuO3,
mp-766734,LiMnPO4,
mp-505574,Co2Mo4C,
mp-762781,LiVF5,
mp-765699,Li3Fe(PO4)2,
mp-761674,Li2Co3SbO8,
mp-756127,TaNbO5,
mp-758038,La2Ti3O9,
mp-762772,LiVF5,
mp-9410,C3N4,
mp-672341,UF6,
mp-776319,LiNbCuO4,
mp-769747,Li3MnO3,
mp-771926,LiFeSbO4,
mp-765895,LiVF5,
mp-605027,Mg5Pd2,
mp-756978,Ba3(ClO)2,
mp-714932,V5O9,
mp-769974,Li2Cr3CoO8,
mp-756942,Ba3(BrO)2,
mp-762722,LiCoSiO4,
mp-769736,Li4Cr3Ni2Sb3O16,
mp-752565,LiAg2F4,
mp-765882,LiNi(PO3)3,
mp-707009,BH2OF3,
mp-505538,Ti3Al2NiC,
mp-756935,Li3SbO3,
mp-777087,Li4Nb2V3Ni3O16,
mp-769730,Li4V2Cr3Ni3O16,
mp-761575,Be(CoO2)2,
mp-17568,Ag3Sn2(GeP2)3,
mp-776170,LiTi2O4,
mp-645246,Dy3BWO9,
mp-756908,Li3SbO3,
mp-645193,Zr4AlNi2,
mp-645218,Tb3BWO9,
mp-769723,Li2MnCo(PO4)2,
mp-762703,LiFeSiO4,
mp-772694,Li2FeSn(PO4)2,
mp-773194,Li4Mn5V3O16,
mp-769707,Li2CoCu(PO4)2,
mp-669722,Nd(Sn2Rh)2,
mp-769706,Li2FeNi(PO4)2,
mp-762686,LiFeSiO4,
mp-756812,Rb3ErO3,
mp-849752,Li4Cu3Sn(PO4)4,
mp-771832,Li2Ti3SnO8,
mp-773187,Li4Mn3V5O16,
mp-684621,Cu13I15,
mp-772673,LiNiPO4,
mp-777062,Li4Fe3Co3(CuO8)2,
mp-777059,Li4V3Ni3(WO8)2,
mp-777461,Li4V3Cr2Sn3O16,
mp-756633,Li3BiO3,
mp-849709,Li4Ti3V2Cu3O16,
mp-675372,CaZr4O9,
mp-771803,LiNbFeO4,
mp-777050,NaNiPO4,
mp-777046,Li4Ti5Co3O16,
mp-622501,K3Na(MoO4)2,
mp-669528,Na2UO4,
mp-603694,Si3N4,221.1556483
mp-644330,H8C3N2O,
mp-769677,BaLi2NiO3,
mp-641945,Tb2Sb5,
mp-765831,Li7V(O2F)2,
mp-777427,Li4Mn2V3Sn3O16,
mp-762656,LiFeSiO4,
mp-765607,Na5Mn7O16,
mp-772632,Li4Co5Ni3O16,
mp-861542,LiFeSiO4,
mp-777022,Li4Mn3Cr3(WO8)2,
mp-762648,LiFeSiO4,
mp-773139,Li4V3Sb5O16,
mp-762645,LiFeSiO4,
mp-755752,Rb2Be2O3,
mp-669427,RbCuPO4,
mp-755751,BaYF5,
mp-771755,LiMnFeO4,
mp-669421,AlTlSiO4,
mp-675152,NdPb8F19,
mp-754191,La2Ti3O9,
mp-771745,Li3Mn3O8,
mp-777392,Li4V3Ni2Sn3O16,
mp-772600,Cd(FeO2)2,
mp-762639,LiFeSiO4,
mp-643446,Ca2AlH8S2Cl(O6F)2,
mp-777002,Li4V5Cr3O16,
mp-743841,MnPH6NO5,
mp-762626,LiFe(PO3)3,
mp-669375,Gd3B2(O2F)3,
mp-769877,Li7Nb2Fe3O16,
mp-17090,SrTlPS4,
mp-601817,Cu4H3C2N5,
mp-769870,Li4Fe3Sb5O16,
mp-707816,H5CSN2ClO4,
mp-553970,CsGeBiS4,
mp-778396,LiMnSbO4,
mp-669353,Cs2TeO4,
mp-772578,Li2Mn3SnO8,
mp-626729,Ga(HO)3,
mp-769626,Li4Mn2Nb3Fe3O16,
mp-757794,Li3HfO3,
mp-850186,Li4Mn2Co3Sn3O16,
mp-762600,Li6Fe7O15,
mp-765522,Li4Ti3Co3(TeO8)2,
mp-756459,Cs3TmO3,
mp-765768,LiCo2OF3,
mp-850170,Li3Fe9O5F11,
mp-772561,Li2CuSb(PO4)2,
mp-762586,LiFeSiO4,
mp-674465,K2SrCl4,
mp-772554,Li4Nb3V5O16,
mp-626412,In(HO)3,
mp-626411,In(HO)3,
mp-761528,LiMnPO4,
mp-762585,LiFeSiO4,
mp-778277,Li2Ti3FeO8,
mp-662529,LaFe9Si4,
mp-762581,LiFeSiO4,
mp-669304,Cs3Tb2Br9,
mp-540710,FeCoBO4,
mp-606503,Ca3InAu3,
mp-776896,Nb2O5,55.60086294
mp-765537,Li3NiO2F,
mp-680674,Cs3Bi2Br9,
mp-626194,Sc(HO)3,
mp-626193,Sc(HO)3,
mp-777233,BaYF5,
mp-626161,Al5HO8,
mp-771181,Li2Fe3CuO8,
mp-776882,V2O5,
mp-793779,Li4Fe3Co3(SnO8)2,
mp-765172,Fe3(OF)2,
mp-762555,LiFePO4,
mp-772481,Li4Mn5Fe3O16,
mp-680579,ZnC2(SN)2,
mp-762542,Li4Ti3Cr3(SbO8)2,
mp-778060,Li2VF4,
mp-774243,LiCrSnO4,
mp-776870,Li2V3SnO8,
mp-625927,H5NO,
mp-776866,Li4Ti3Co2Sn3O16,
mp-774239,Li(CoO2)2,
mp-765456,Li4Mn3Cr3(CuO8)2,
mp-765455,LiV2O3F,
mp-772467,Li4Mn3Nb5O16,
mp-620652,NaSr2AlP3,
mp-769581,Li4Mn3Cr2Co3O16,
mp-866660,K3P2AuSe8,
mp-778026,Li2MnF4,
mp-776857,Li4Ti3Nb2Cr3O16,
mp-755405,SrNd2O4,
mp-765449,LiCoPO4,
mp-765448,LiCoPO4,
mp-620372,Rb2Se5,
mp-620369,TaAg7S6,
mp-756325,La2(SiO3)3,
mp-783908,Li4Cr3Cu3(SbO8)2,
mp-772456,Li2Mn3CuO8,
mp-769816,Ca3W2O9,
mp-755392,LiSnPO4,
mp-620346,Ba3InAs3,
mp-776854,Li4Nb3Co3(SnO8)2,
mp-783905,NaV2O4,75.23121575
mp-776853,Li4Cu3Ni2Sb3O16,
mp-776852,Li4V2Ni3Sn3O16,
mp-775300,Na3CoO3,
mp-696529,Al5HO8,
mp-649595,CaMgSiO4,
mp-653855,Pr3PtI3,
mp-765730,Li5Co7O3F13,
mp-761818,LiCoPO4,
mp-774145,Li2V3SbO8,
mp-762914,LiNiPO4,
mp-619661,Pb3(IO)2,
mp-767987,LiNiPO4,
mp-619546,Cs2HgBr4,
mp-776663,Li4Ti2V3Fe3O16,
mp-754991,Ga3NO3,
mp-767974,LiLa4CoO8,
mp-625468,Lu(HO)3,
mp-757102,Sr2RhO4,
mp-777904,Li2Ti3CrO8,
mp-608366,CuN6,13
mp-625392,Lu(HO)3,
mp-769774,Rb3FeO3,
mp-672675,SNClO4,
mp-776646,Na3CoO3,
mp-672372,K2S5,
mp-1020610,Zn2SiO4,
mp-754897,BaTl2O4,
mp-648745,NaTiFeO4,
mp-618423,PtC2(ClO)2,
mp-781772,Li2Mn3VO8,
mp-761763,Li2FeCo3O8,
mp-618177,K2ZnCl4,
mp-764712,Li2VF4,
mp-761753,LiCoPO4,
mp-764705,Li2V(OF)2,
mp-769745,Li4Fe5Sn3O16,
mp-770494,LaMgI5,
mp-636598,Rb2ZnBr4,
mp-607725,Ce(PPt2)2,
mp-772157,Li4Ti5Nb3O16,
mp-617281,In4Te3,
mp-761727,LiCoPO4,
mp-761726,LiCoPO4,
mp-772125,NbPO5,
mp-772123,Li4Nb2Cr3Fe3O16,
mp-647987,RbBiC4(SN)4,
mp-607291,Cu3BiS3,
mp-761720,Li4Cr3Ni3(WO8)2,
mp-761719,LiCoPO4,
mp-781690,Li4Cu2Ni3Sb3O16,
mp-769725,Li4Ti3Cr3(CoO8)2,
mp-769720,La2Ti3O9,
mp-781687,LiMnP2(HO4)2,
mp-849803,Li2Ni2S3,
mp-761707,Li2CrCo(PO4)2,
mp-697873,SnHC2O3,
mp-765617,Li4Fe2Cu3Te3O16,
mp-777053,Li4Mn3Fe2Sn3O16,
mp-1006277,CeGa4Co9,
mp-764670,Li2MnFe(PO4)2,
mp-762671,Mn2(CO3)3,
mp-777041,Li4Mn3Co3(SnO8)2,
mp-616439,Cs2CuCl4,
mp-776470,Hf3N4,
mp-762657,LiFe(PO3)3,
mp-762655,LiFeSiO4,
mp-616327,In3Te3I,
mp-561299,As2Pb4S6ICl,
mp-656060,Fe(SbO2)2,
mp-30778,Mg5Rh2,70.85887236
mp-540381,LiCrPO4,
mp-567499,CsMn4Cl9,
mp-540392,LiCrPO4,
mp-561309,Na(CO)3,
mp-540396,Li3Fe(PO4)2,
mp-758415,LiCuPO4,
mp-540418,LiMnPO4,
mp-571531,Cs3Mo2I9,
mp-569387,Cs2Lu7CCl18,
mp-540438,LiMn(PO3)3,
mp-561350,AlBiSCl4,
mp-555082,CsLi5(BO3)2,
mp-557054,ZnS,
mp-559385,SrHo2O4,
mp-557056,Cr(AgO2)2,
mp-540447,LiNi(PO3)3,
mp-558237,NaZnPO4,
mp-540462,LiCrPO4,
mp-540466,CrPO5,
mvc-11613,CaFeF5,
mp-567852,SmCo9Si4,
mp-540471,LiMn(PO3)3,
mp-31663,Li3Cr(PO4)2,
mp-567873,RbSmGeSe4,
mp-540475,LiMnPO4,
mp-569461,HgN6,
mp-540489,LiCoPO4,
mp-735529,FePH6NO5,
mp-569472,Gd2(Al3Ir)3,
mp-569484,Cs3Ti2Cl9,8.488624834
mp-568020,Tl3SiTe3,
mp-31705,Li3Cr(PO4)2,
mp-568056,LaCo9Si4,
mp-697075,Ti3Zn3N,
mp-568134,Cs2CdI4,
mp-571661,K2HgCl4,
mp-559513,K2NClO3,
mp-561457,CsAlSiO4,
mp-561467,YAg3(PS4)2,
mp-540578,Cs2ZnCl4,
mp-561472,Hg2PO3F,
mp-568403,Cs2SnAs2Se9,
mvc-3750,MgMoF5,
mp-557259,MoF6,4.808122365
mp-568433,Hg2C(NCl)2,
mp-554001,Nd3S3N,
mp-554002,Al(HO)3,
mp-557303,Ag2NClO3,
mp-557321,As4S3,
mp-774336,Li3BiS3,
mp-540619,K3SnTe3,
mp-568450,SrAlH5,
mp-766650,LiCrCO4,
mp-568456,Tb2(GePt3)3,
mp-554096,SnHg2(SBr)2,
mp-7205,LiInSiO4,
mp-19000,VPO5,
mp-561513,S,
mp-554143,Ba7Ru4Cl2O15,
mp-540631,KTa(GeO3)3,
mp-555237,PrSClO4,
mp-540632,RbTa(GeO3)3,
mp-540633,RbNb(GeO3)3,
mp-568497,EuCu9Sn4,
mvc-12547,MgCr2O4,
mp-772343,LiVNiO4,
mp-540634,TaTl(GeO3)3,
mp-540635,BaSn(GeO3)3,
mp-553994,Ni3(BiS)2,
mp-540656,Sb(S8I)3,
mp-569691,YbCu9Sn4,
mp-554263,Ca2BClO3,
mp-561550,Ag3BO3,
mp-540660,Nb4As3,
mp-557559,S,1.234066326
mp-555269,Ag3SbS3,
mp-573969,CsCeSiSe4,
mp-569710,RbNb3CuCl9,
mp-557605,Hg2Pb(SI)2,
mp-557606,SbAs3(Se2F3)2,
mp-540678,Yb3S4,
mp-554343,K2CuSbS3,
mp-554351,SrHg2(ClO)2,
mp-559618,NaB(CO2)4,
mp-557631,AgAs(XeF5)2,
mp-559627,LiP3PbO9,
mp-540688,SrIn2O4,
mp-18451,KEr3F10,
mp-574423,CeNi5Sn,
mp-554421,KCu2AsS3,
mp-561620,Ag3AsS3,
mp-561635,CsSmSiS4,
mp-18915,LiCoPO4,
mp-585322,LiCoPO4,
mp-569786,Er2PbSe4,
mp-561699,Ba2FeO4,60
mp-554610,PrZr2F11,
mp-641541,Ge3N4,
mp-557855,CaGaBO4,
mp-559689,LiAlSiO4,
mp-557908,AsH5COF6,
mp-568614,Cs3W2Cl9,
mp-540761,K2MnO4,
mp-554766,AgP(XeF5)2,
mp-540773,Ca2GeS4,
mp-554777,NaCuPO4,
mp-540782,V4As3,
mp-559716,FeS4N4Cl5,
mp-561864,BaCr2O4,
mp-540792,Ge2S3Br2,
mp-540796,Cs2Sn2O3,
mp-540805,Ba2GeS4,
mp-558104,NaMn3F10,
mp-540807,C2S3N2,
mp-558122,GdSClO4,
mp-555409,Ce3Si2S8I,
mp-31922,LiMnPO4,
mp-554826,Pr3Si2ClO8,
mp-540822,Cs3Zr2I9,
mp-559752,CsZnPO4,
mp-568696,SiC,213.4151445
mp-559759,CaAlBO4,
mp-581263,Sr13Al6Si8O,
mp-581805,Ni3Mo3N,
mp-581303,NaCuPO4,
mp-555434,As2O5,92.66745508
mvc-12645,CaV2O4,
mp-554845,Na2Zn2O3,
mp-558259,Pr3Si2S8I,
mp-562066,BaCrF5,
mp-555808,Zn8B3H3O14,
mp-540855,Rb6O,
mp-562072,Cs3SbO3,
mp-555462,Al(HO)3,
mp-25474,Co2SiO4,
mp-581609,BiP(PbO2)4,
mp-558362,CaMgGeO4,
mp-562135,KVPbO4,
mp-31970,LiMnPO4,
mp-540878,La3Re2O9,
mp-562207,VCdAgO4,
mp-558426,CsSiBiS4,
mp-581738,Cs3BiSe3,
mp-559820,LaSClO4,
mp-562248,Ag3CS(NO2)3,
mp-540903,CdC2(SN)2,
mp-562289,K3EuV2O8,
mp-31994,LiMnPO4,
mp-559832,Hg3(SBr)2,
mp-562321,SrCr2O4,
mp-555490,KRe2O4F7,
mp-558543,Ca(CO2)2,
mp-562613,P2O5,
mp-540923,Ba3SnP3,
mp-570000,K3Mo2Br9,
mp-562403,CsAsOF4,
mp-562442,Cs2SeO4,
mp-32009,Mn2BO4,
mp-555514,OsOF5,
mp-558628,KLi2BO3,
mp-558672,Si3Bi2O9,
mp-558718,MnVAgO4,
mp-562569,CsPPbS4,
mp-555527,Sm3Si2S8Br,
mp-540981,CsHSO4,
mp-562667,Ag3N5O6,
mp-540988,Cs2FeO4,20.4566661
mp-558807,ZnAgPS4,
mp-568861,CsAuN12,
mp-568867,Si3N4,189.7113038
mp-582648,RbRe3Br10,
mp-18468,Mn5SiC,219.426875
mp-555558,Co2SiO4,
mvc-11432,CaCr2O4,
mp-541002,KNa2FeO3,
mp-583071,CaAlH5,
mp-1005986,Zr9CoMo4,
mp-776445,Li4Ti2Cu3Sb3O16,
mp-761677,LiCoPO4,
mp-761673,Li4Mn3Ni(PO4)4,
mp-761672,Li4Ti3Cu3(WO8)2,
mp-754599,BaTm2O4,
mp-781613,Li4Fe3Co5O16,
mp-777012,Li4Ti3V3(CuO8)2,
mp-761670,LiCoPO4,
mp-776406,TePO5,
mp-761661,Li4Mn3Cu3(TeO8)2,
mp-647096,Gd3S3N,
mp-616185,Rb2ZnCl4,
mp-777010,Li4Ti3V3(CoO8)2,
mp-761659,Li4Cu3Ni(PO4)4,
mp-761653,Li2MnSi3O8,
mp-764639,Li2MnFe(PO4)2,
mp-765556,Li4Nb2Fe3Te3O16,
mp-754496,Li5SbS,
mp-646670,Ba2Co4ClO7,
mp-706386,ZrH6O3F4,
mp-616026,Sr3InP3,
mp-1014369,Cr3N4,
mp-615884,CsLiCrO4,
mp-776978,Li4Mn3V3(SbO8)2,
mp-772582,Sr3W2O9,
mp-781495,Na2Co2O3,
mp-771978,Ga2HgO4,
mp-764628,Na(FeO2)2,
mp-781494,Li4Ti3Mn3(CuO8)2,
mp-754422,BaYb2O4,
mp-754414,SrSm2O4,
mp-769613,Li4Ti3Ni3(WO8)2,
mp-754410,CaTm2O4,
mp-761634,Li2MnCr(PO4)2,
mp-645979,RbCrF5,
mp-771929,Li4Fe5Cu3O16,
mp-772511,Li4Co3Sn5O16,
mp-771925,Li4Cr3Fe3(SbO8)2,
mp-754355,Tm(HO)3,
mp-772490,Li4Ti3Mn3(WO8)2,
mp-769585,Li4Mn3Co3(TeO8)2,
mp-699213,CsZn2P2HO8,
mp-776860,Li4Fe3Co3(WO8)2,
mp-772464,Li4Cr3Fe5O16,
mp-769577,Li2VCr3O8,
mp-776859,Li4Nb2Co3Sb3O16,
mp-762530,LiFePO4,
mp-761609,Li2MnV(PO4)2,
mp-764597,Li3FeO2F,
mp-764593,Li3Fe3OF7,
mp-771907,Li4Mn5Sn3O16,
mp-761821,LiCoPO4,
mp-781059,Li2MnP2HO8,
mp-771902,Li4Ti3Cr2Fe3O16,
mp-767938,LiFeSiO4,
mp-771898,Cs2SO4,
mp-761814,LiCoPO4,
mp-764580,LiFe2OF3,
mp-767936,Li4Fe2Cu3Sb3O16,
mp-761586,Li4Mn3Fe3(TeO8)2,
mp-771869,Li2ZnFe(PO4)2,
mp-776194,Li4Ti3Mn2Sn3O16,
mp-764729,Li7VO5F,
mp-608314,Rb2ZnCl4,
mp-754920,BaYF5,
mp-997581,H6C6NO,
mp-776639,Li4Ti3Cr3(FeO8)2,
mp-645182,Sm2NiSn4,
mp-761565,Li4Mn3Cu(PO4)4,
mp-761560,LiMnPO4,
mp-776141,Li4Fe3Co2Sb3O16,
mp-607806,Ho3Se3N,
mp-761559,LiFeSiO4,
mp-776139,LiVF5,
mp-764556,Li5Fe7O3F13,
mp-781704,Li4Ti2Mn3Cu3O16,
mp-761551,LiMnPO4,
mp-555129,La3S3N,
mp-753795,Li3BiO3,
mp-761732,LiCoPO4,
mp-703393,PH8SN3O,
mp-768982,Li7NbS6,
mp-761537,Li4CoCu3(PO4)4,
mp-703350,La2(GeO3)3,
mp-676711,CIF5,
mp-768976,Cs3ScO3,
mp-780924,LiCo2OF3,
mp-771807,Li2Mn3NbO8,
mp-15812,Mn3Mo3C,
mp-703297,H7S(NO2)2,
mp-753968,Li2WS4,
mp-761979,LiCoPO4,
mp-644325,CsFeSiO4,
mp-753939,LiSnPO4,
mp-644307,Ca(H2N)2,
mp-644302,NaHSeO4,
mp-776061,Li4Ti3Mn3Nb2O16,
mp-761492,Co11CuO16,
mp-644236,Cs2MgH4,
mp-644097,BaAlH5,
mp-605821,Nd3SeBrN2,
mp-643905,Sr(H2N)2,
mp-769014,Ho2(SeO3)3,
mp-761483,Li3Fe(PO4)2,
mp-643829,AlSiHO4,
mp-771756,Li4Ti3Co5O16,
mp-781593,Li4Co5Te3O16,
mp-761476,LiFePO4,
mp-643770,Rb2MgH4,
mp-761474,LiFePO4,57.44098991
mp-761469,LiFePO4,
mp-780884,LiMnPO4,
mp-768604,SrLaCl5,
mp-761462,LiFePO4,
mp-771734,Li4Fe5Ni3O16,
mp-761461,LiFePO4,
mp-771733,Li3MgV8O16,
mp-764627,Li4Mn3V2Fe3O16,
mp-775999,Li4Ti3Nb2Fe3O16,
mp-643458,LiHSO4,
mp-761458,Li4Nb3V3Cr2O16,
mp-768536,Cs3LaO3,
mp-771728,Li4Nb3Cr5O16,
mp-761455,Li4Co3Sn(PO4)4,
mp-764616,LiFe2OF3,
mp-754335,Ga3NO3,
mp-754304,BaYI5,
mp-849600,Li4Fe3Sn3(SbO8)2,
mp-763178,Li4Ti3Ni3(TeO8)2,
mp-765361,LiV2O3F,
mp-627591,Fe2SiS4,
mp-601716,FeBiSbS4,
mp-24431,Si2H2O3,
mp-763163,Li4Fe3Co2Cu3O16,
mp-763155,Li4Co3Ni2Sb3O16,
mp-763156,Li4V2Co3Cu3O16,
mp-768342,SrNb2O4,
mp-763152,Li4V3Co3(WO8)2,
mp-763151,LiMnCO4,
mp-763146,Li4Ti2Co3Ni3O16,
mp-756721,NaBi5O8,
mp-622294,Hg2Pb(SBr)2,
mp-622273,SnHg2(SBr)2,
mp-771854,Li4Cr5Co3O16,
mp-770545,LiAlCrO4,
mp-695891,CdH6C(BrN)3,
mp-765303,Li4Mn3Ni3(WO8)2,
mp-18941,Co2SiO4,
mp-780933,Li4V3Fe2Ni3O16,
mp-761544,LiNiPO4,
mp-780927,Li2VP2HO8,
mp-778363,Li4Ti3Fe2Sn3O16,
mp-765289,LiSnPO4,
mp-541623,Ti4Fe2O,
mp-600433,FeHC2O3,
mp-674897,SrNd3AlCuO8,
mp-763126,Li4Mn2Co3Cu3O16,
mp-763125,Li4V2Co3Ni3O16,
mp-778338,Li4V2Co3Sn3O16,
mp-644244,Rb2MgH4,
mp-675792,Ga2HgTe4,
mp-763115,Li4Mn2Cr3Co3O16,
mp-644221,H3CSClO,
mp-778325,Li2TiV3O8,
mp-763112,Li4Co3Cu3(WO8)2,
mp-776041,V2O5,
mp-761478,LiFePO4,
mp-763107,Li4Ti3Fe2Co3O16,
mp-778301,Li4V3Cr5O16,
mp-763102,Li4Mn3Co3(SbO8)2,
mp-771231,Li4Mn5Co3O16,
mp-849471,Li4Mn3Cr2Fe3O16,
mp-849468,Li4Fe3Co3(TeO8)2,
mp-778294,Li2VF4,
mp-758828,LiCuPO4,
mp-643460,SnHg2(SBr)2,
mp-778285,Li4Mn3Cr3(CoO8)2,
mp-662558,Ce3Sb5Pd6,
mp-763084,Li4Nb2Fe3Co3O16,
mp-662556,Re(TeBr2)2,
mp-662530,KNiPS4,
mp-763077,Li4Mn3V3(WO8)2,
mp-849422,Li4Cr3Co3(WO8)2,
mp-558940,Pr3S3N,
mp-558941,LiYSiO4,
mp-568909,Cs2MgCl4,
mp-555567,S5N2ClO6,
mp-861536,LiMnPO4,
mp-559934,LiZnPO4,
mp-850917,LiFePO4,
mp-583224,EuCo8P5,
mp-558985,La3Si2ClO8,
mp-559951,SrTa2Bi2O9,
mp-558995,KCN3O2,
mp-559000,SbSe6IF6,
mp-568937,Cs3Y2Br9,
mp-583454,Nb2Bi2PbO9,
mp-559030,KB(CO2)4,
mp-565233,Nd3BWO9,
mp-559961,Tl2SeO4,
mp-559059,K3Nd(AsS4)2,
mp-541052,Eu(ErS2)2,
mp-32095,Zn3Mo2O9,
mp-541055,Cs2Se5,
mp-559969,CaLaGaO4,
mp-5391,Mg2SiO4,
mvc-11649,Ca(CoO2)2,165.0935051
mp-585424,LiCrPO4,
mp-559999,BaMnF5,
mp-570168,Rb2ZnBr4,
mp-650927,NaMn3F10,
mp-541399,UV3O10,
mp-505573,Zr3V3C,
mp-560051,RbSiBiS4,
mp-565375,RbMnPO4,
mp-555736,BaHg2(ClO)2,
mp-541201,TlCuPO4,
mp-541202,TlCuAsO4,
mp-6684,NaCdPO4,
mp-32407,TaVO5,117.451225
mp-541246,Nd2NiO4,
mp-541276,CaYbInSe4,
mp-541599,La3Co3O8,
mp-541280,BaLaGaO4,
mp-541281,BaNdGaO4,
mp-570390,Ba5Al2Ge7,
mp-541291,Na3MoN3,
mp-541293,Pr2NiO4,
mp-570397,Ho2(GePt3)3,
mp-555840,K2PO4,
mp-570420,Nb2CrSe4,
mp-560196,Al(HO)3,
mp-555846,BaAlF5,
mp-32531,Ba2V3O9,
mp-7324,KBePO4,
mp-3257,KAuSe5,
mp-23906,LiH6NO6,
mp-748,Ti5O9,
mp-32613,Ce5O9,
mp-555867,BaNb2Bi2O9,
mp-555871,Na2CuSbS3,
mp-565583,Gd3BWO9,
mp-560238,K2CuF4,
mp-32727,Y3Se4,
mp-555904,NaSmGeO4,
mp-560249,SiH8C2NClO,
mp-7923,Co(MoS2)2,
mp-541438,Rb2MnO4,23.52520168
mvc-7084,Zn(CoO2)2,
mp-541513,NaGdTiO4,
mp-570536,Rb2AgAu3I8,
mp-541559,Cs2MnO4,
mp-541605,Ni(SbO2)2,54.26864432
mp-541616,CoAgPO4,
mp-541629,BaGaF5,
mp-541628,CsTeF5,
mp-541646,Cs3Ru2Cl9,
mp-560321,Mg2SiO4,
mp-555954,BaSnHgS4,
mp-560322,K2RuN3Cl3O5,
mp-505677,Hg2MoO4,
mp-541686,K3GaS3,
mp-541687,K3GaSe3,
mvc-12394,MgTi2O4,
mp-541707,K6Na3AlSb4,
mp-541688,K3GaTe3,
mp-541715,Ba3GaP3,
mp-541709,Nb3Tl2Br9,
mp-541742,Cs3Mo2Cl9,
mp-541738,Cs3Cr2I9,
mp-565698,Rb2MoAs2O9,
mp-555967,TaP4S4Cl5,
mp-505702,Pb2CO4,
mp-541811,Cs6K3GaSb4,
mp-541788,P2S5,
mp-560341,EuSi2(NO)2,
mp-565718,SmMoO4F,
mp-541832,Ba2SnS4,
mp-560356,Sm3Si2S8I,
mp-541875,K3SnSe3,
mp-505743,GaBPbO4,
mp-541928,Sm3Re2O9,
mp-505764,Nb9Co4Ge,
mp-560370,Ge(PbS2)2,
mvc-12895,Mg(NiO2)2,
mp-541979,Bi9Rh2I3,
mp-560381,RbIn3F10,
mp-505782,Cs2SO4,21.51406236
mp-694352,MoPO5,
mp-542085,Sr2GeO4,
mp-560404,InHSeO4,
mp-542133,Ce3Si2S8Cl,
mp-542188,Cr(MoS2)2,
mp-542189,Fe(MoS2)2,
mp-542199,Ag4HgGe2S7,
mp-542200,CdAg4Ge2S7,
mp-542295,NaYbGeO4,
mp-542298,Ag2F5,
mp-560445,SrEr2O4,
mp-565839,LaWClO4,
mp-542448,Cs3GaSe3,
mp-560460,AgCN3O2,
mp-761392,LiCrPO4,
mp-542474,Hg3S2ICl,
mp-556075,SrDy2O4,114
mp-560468,Pr3Si2S8Br,
mp-561126,Nd3Si2S8I,
mp-556786,LiCdPO4,
mp-566850,MnCdF5,
mp-566864,TbMoO4F,
mp-560742,Ba2TeP2O9,
mp-566925,BaFe2P2O7F2,
mvc-11647,V2O5,
mp-566952,KVOF4,
mp-566456,KMnPO4,
mp-17768,Nb3Cr3C,
mp-784,KZn13,
mp-510128,U(HO2)2,
mp-567008,Rb3MnO3,
mp-556815,ZnS,
mp-566511,Ba2CrO4,
mp-566513,Na3FeO3,
mp-556112,AuCS2Cl3,
mp-566537,Sm3BWO9,
mp-566556,SrTlVO4,
mp-566582,MoC3S2Cl7O,
mp-556125,Na2BHO3,44.99536921
mp-571034,CaCu9Sn4,
mp-672707,SrZn13,
mp-510243,Eu(BS2)2,
mp-556844,CIClF4,
mp-556509,UTiNb2O10,
mp-561195,BaTlVO4,
mp-566751,BaVOF4,
mp-561196,ZnS,
mp-556161,ZnS,
mp-686909,DyMoO4F,
mp-571085,Ga2BiSe4,
mp-560839,C4SeO2,
mp-556179,Pr3Si2S8Cl,
mp-556877,Ba7Ru4Br2O15,
mp-560847,Nb2TlPS10,
mp-560851,CsIOF4,
mp-556544,LiAlSiO4,
mp-560853,Tb3Si2S8I,
mp-556201,AgSbC2N2(ClF3)2,
mp-570870,Hf5Sb9,
mp-560873,Pr3Nb(Cl3O2)2,
mp-570869,LiNb3InCl9,
mp-556569,SrTa2Bi2O9,
mp-510412,Si3Ru4,232.2833722
mp-510418,Cu5Si2S7,
mp-560523,La3Si2S8Br,
mp-571177,Hg3Te2IBr,
mp-571181,RbAuN12,
mp-556246,La3Si2S8Cl,
mp-560891,SnP2Cl8O3,
mp-761976,LiCoPO4,
mp-556247,Dy3S3N,
mp-556601,BiBPbO4,
mp-560553,IrF6,4.368892716
mp-510508,Ba2(IrO3)3,
mp-560561,Cu2SeO4,
mp-566052,Pr3BWO9,
mp-560574,Hg2C2N2O,
mp-571242,Rb2CoCl4,
mp-510544,SrSm2Nb2O9,
mp-22479,Zr4Pd2O,
mp-560950,K2NaTlO3,
mp-510549,K3B12H12Br,
mp-566070,Pr2B2MoO9,
mp-560964,K3Sm(AsS4)2,
mp-566088,Eu3BWO9,
mp-560614,KLiSO4,
mp-556699,Na2PHO3,
mp-19619,NaMnPO4,83.85739037
mp-19226,NaFePO4,83.60793117
mp-25701,Mn2GeO4,
mp-25702,Mn2GeO4,
mp-640163,Co2W4C,
mp-542932,LiFeAsO4,
mp-542969,VCuAgO4,
mp-25711,La2NiO4,
mp-25713,KNiPO4,
mp-866746,La3MnW(SO2)3,
mp-17838,KTb3F10,
mp-543100,LiCoSiO4,
mp-543104,V2O5,
mp-866782,Gd2(Ga3Co)3,
mp-543108,VAsO5,
mp-25721,UVO5,
mp-547168,Rb2Co2O3,
mp-560350,K2CuF4,
mp-19584,K3NdV2O8,
mp-19602,Ba2CoO4,58.63220807
mp-19625,Ba2CoO4,
mp-19638,KSrVO4,
mp-19643,Rb2CrO4,
mp-554528,TiMn2O4,
mvc-12011,CaCr2O4,
mp-18867,Ba3W2O9,
mp-554728,K3MnO3,
mp-1022731,BaNb2Fe2O9,
mp-601420,Ce(SiAu2)2,
mp-556345,Ag2BrNO3,
mp-18892,KBaVO4,
mp-2865,K2CuF4,
mvc-15084,Mg(FeO2)2,
mp-19705,SrV4O9,
mp-18910,BaV4O9,
mp-18928,Mn2SiO4,116.2115202
mp-1024049,Na2Zn2Se3,
mp-1024051,Na2Zn2Se3,
mp-1024056,Fe2SiS4,
mp-556392,ZnS,
mp-32486,VPO5,
mp-32540,PWO5,
mp-1040497,AlV2O4,
mp-3318,Na2BeF4,
mp-18997,LiMnPO4,
mp-669355,Fe2Mo4C,
mp-3516,UTeO5,
mp-2245,Si3N4,
mp-19017,LiFePO4,90.86276546
mp-19028,Na3Fe(PO4)2,
mp-556430,TeS2(NCl)2,
mp-19050,Ca2MnO4,132.619641
mp-556712,Ga2BiS4,
mp-556716,ZnS,
mp-4287,Sr2SnO4,106.4639096
mp-19096,Ba2VO4,
mp-17250,K3SbO3,
mp-24926,Tl2CrO4,
mp-4648,KTeF5,
mp-601696,Fe(SbO2)2,
mp-669458,Cs3Bi2I9,
mp-777039,NaNiPO4,
mp-757924,SbH5(Cl3O)2,
mp-763060,LiCoPO4,
mp-778223,Li4Ti3Mn2Cr3O16,
mp-697575,Rb2ZnH4,
mp-778296,LiNiPO4,
mp-697331,Mg2NiH4,
mp-763050,Li4Ti3Mn2Cu3O16,
mp-768361,Li2Fe2S3,
mp-771179,Li4Nb5Cr3O16,
mp-757885,LiSnPO4,
mp-774886,Li4Nb3Cu3(TeO8)2,
mp-765141,LiNiPO4,
mp-763130,LiNiPO4,
mp-771118,Li4Co5Sb3O16,
mp-778062,LiFeF5,
mp-768288,Li3FeS3,
mp-768041,Li4MnCr3(PO4)4,
mp-607931,Cs3NaLi2(BO3)2,
mp-625873,Ba(HO2)2,
mp-559747,La2Ti2SiO9,
mp-774230,Li4Ti5V3O16,
mp-696797,HSeNO4,
mp-647553,VP2Cl7O4,
mp-762995,Li2MnF4,
mp-696794,RbHSeO4,
mp-768214,Li3FeS3,
mp-757349,LiSiBiO4,
mp-768204,Li2Fe2S3,
mvc-6773,Zn(CuO2)2,
mp-743987,Ti3V2O9,
mp-768786,BaYI5,
mp-757325,Li3Ti(PO4)2,
mp-19072,Si(NiO2)2,
mp-849472,Li5Co7O3F13,
mp-849470,Li7Co(O2F)2,
mp-626435,Al(HO)3,
mp-662572,Ta3In2Cl9,
mp-626431,Al(HO)3,
mp-600186,Cs2MnBr4,
mp-743941,KFeC6(NO)3,
mp-778284,Li4V3Co2Sn3O16,
mp-696272,HgHNO4,
mp-778280,Li4Mn3V3(SnO8)2,
mp-771074,Li7CrO6,
mp-640889,Tm(CuTe)3,53.67831428
mp-763062,LiNiPO4,
mp-757209,LiCuPO4,
mp-778230,Li4V3Cr3(CuO8)2,
mp-770386,LiMnAlO4,
mp-771063,Li4Fe3Ni(PO4)4,
mp-762860,LiCoSiO4,
mp-767986,Li4V2Cr3Co3O16,
mp-771061,MnFeBO4,
mp-778222,Na3VO3,
mp-778220,Li4V3Cr2Fe3O16,
mp-762913,Li4Nb2Fe3Ni3O16,
mp-778219,Li4Cr3Co3(SnO8)2,
mp-771059,Li4Nb2Co3Sn3O16,
mp-757490,LiSnPO4,
mp-695998,K2ZnH4,16.71356164
mvc-3731,CaCrF5,
mp-765171,Li4V3Co3(SbO8)2,
mp-767976,Li4Nb3V3(SnO8)2,
mp-771161,Ba3(BrO)2,
mp-771160,Rb2MgH4,
mp-778102,BaYF5,
mp-774092,Na3CoO3,52.24896552
mp-777903,Li4Cr2Fe3Sn3O16,
mp-774252,Li4Cr2Fe3Sb3O16,
mp-767963,Li2FeSi3O8,
mp-778065,Ga3NO3,
mp-778064,Ga3NO3,
mp-1020721,Zn2SiO4,
mp-1020594,Zn2SiO4,
mp-774232,Li4Cr3Ni3(SbO8)2,
mp-1007694,SnPO4F,
mp-1019738,BaEu2O4,
mp-774248,Li4Ni3Sb5O16,
mp-1005792,Sm2CuAs3O,
mp-767997,LiNiPO4,
mp-1004376,NaMn2O4,
mp-1019727,NaEuGeO4,
mp-1004038,CaMn2O4,
mp-1003770,MgMn2O4,
mp-757159,LiSiBiO4,
mp-1019531,BaAl2Si3(NO)4,
mp-653454,K2ZnCl4,
mp-19154,Ba(FeO2)2,
mp-556774,K2OsN3Cl3O5,
mp-30559,LaCo13,
mp-8870,LiMgAsO4,
mp-608662,Na3FeS3,
mp-25044,LiMnAsO4,
mp-19231,Mn(SbO2)2,41.03132033
mp-560635,Cs2MoS4,
mp-19232,K2CrO4,
mp-510587,Fe2SiO4,125.1435171
mp-510588,Fe(SbO2)2,46.58829945
mp-560647,Ca2GeO4,
mp-14368,SbAsO5,
mp-777665,Li2FeF4,
mp-5830,Na3AsS3,
mp-19320,K2FeO4,
mp-531523,LiGa5O8,
mp-25625,VSO5,
mp-9749,Sr(BO2)2,
mp-25643,V2O5,
mp-866492,Cs9AlO4,
mp-561121,CsTi3P5O19,
mp-561123,U2AuF11,
mp-566113,GdMoO4F,
mp-735500,Fe2BO4,
mp-566252,Ba2VP2O9,
mp-571314,K2CoCl4,
mp-6211,RbLiSO4,
mp-643930,Eu2H4Pd,
mp-697672,Ce2(GeO3)3,
mp-763148,LiCoCO4,
mvc-10066,CaTi4O9,
mvc-10067,MgTi4O9,
mvc-10084,Ti4ZnO9,
mp-765841,LiV2O3F,
mvc-6779,Zn(MoO2)2,
mvc-6520,Ca(BiO2)2,
mvc-6503,Mn2ZnO4,
mvc-6523,MgCr2O4,
mvc-6601,MgV2O4,
mvc-6573,Ca(SnO2)2,
mvc-6639,V2ZnO4,
mvc-6621,Ti2ZnO4,
mvc-6535,Ca(CoO2)2,
mvc-6622,Mg(CuO2)2,
mvc-6602,Mg(CoO2)2,
mvc-6718,Mg(MoO2)2,
mvc-6733,Mg(FeO2)2,
mvc-6762,Mg(BiO2)2,
mvc-6766,Ca(SbO2)2,
mvc-6799,Ca(BiO2)2,
mvc-6817,ZnCr2O4,
mvc-6827,Zn(WO2)2,
mvc-6826,Mg(SnO2)2,
mvc-6811,Mg(AgO2)2,
mvc-6844,Ca(SnO2)2,
mvc-6788,Ca(CuO2)2,
mvc-6860,Zn(SnO2)2,
mvc-6862,Ca(AgO2)2,
mvc-6842,Zn(AgO2)2,
mvc-6921,MgMn2O4,139.3375925
mvc-6986,Mg(WO2)2,
mvc-7090,Zn(MoO2)2,
mvc-7067,Zn(FeO2)2,
mvc-7095,Ca(WO2)2,
mvc-6963,Mg(NiO2)2,
mvc-7113,Zn(WO2)2,
mvc-7254,Mg(SbO2)2,
mvc-7242,CaMn2O4,
mp-9625,LiMgPO4,
mp-505613,Fe2BO4,
mvc-8677,SbPO5,
mvc-8680,TaPO5,
mvc-8689,BiPO5,
mvc-8705,BiTeO5,
mvc-8775,BiSbO5,
mvc-8758,ReBiO5,
mvc-8847,TaBiO5,
mvc-8880,Bi2O5,
mp-772109,LiSiBiO4,
mvc-90,ZnW4O9,
mp-864841,Nb4Ni2C,
mvc-12636,Mg(NiO2)2,
mvc-9140,PWO5,
mvc-9141,MoPO5,
mvc-9121,CrPO5,
mvc-9130,BiMoO5,
mvc-9134,CrBiO5,
mvc-9129,BiWO5,
mp-644838,Co2Mo4N,
mvc-7245,Ca(MoO2)2,
mvc-7066,Mg(MoO2)2,
mvc-10218,MgSb4O9,
mvc-10219,ZnSb4O9,
mvc-10212,CaSb4O9,
mvc-1626,W3Se2ClO8,
mvc-16395,CaNb2O4,
mvc-16419,CaTa2Bi2O9,
mvc-16396,Ca3AlSb3,37.86458289
mvc-16392,ZnW4O9,
mvc-16463,VZn2P2O9,
mvc-1646,Mo3Se2ClO8,
mp-7995,Mg2BO3F,
mvc-5544,Zn(SbO2)2,
mp-504520,RbEu3F10,
mvc-5871,Zn(BiO2)2,
mvc-5922,Ca(SnO2)2,
mvc-5982,Mg(WO2)2,
mvc-5992,AsWO5,
mvc-6001,Ca(MoO2)2,
mvc-6041,MgTi2O4,
mvc-6043,Mg(MoO2)2,
mvc-6112,Zn(MoO2)2,
mvc-6040,Zn(WO2)2,
mvc-6167,Ca(WO2)2,
mvc-6179,Ca(AgO2)2,
mvc-6262,Mg(BiO2)2,
mvc-6286,Ca(SbO2)2,
mvc-6307,Mg(SbO2)2,
mvc-6325,Zn(SbO2)2,
mvc-6345,Zn(BiO2)2,
mvc-6329,Ca(CuO2)2,
mp-763091,Li2MnF4,
mvc-6398,Mg(WO2)2,
mvc-6411,Mg(AgO2)2,
mvc-10447,MgV4O9,
mvc-10451,MgCr4O9,
mvc-10446,V4ZnO9,
mvc-10455,ZnCr4O9,
mvc-10452,MgBi4O9,
mvc-10473,MgSn4O9,
mvc-10474,ZnSn4O9,
mvc-10478,CaBi4O9,86
mvc-10456,CaCo4O9,
mvc-10479,CaW4O9,
mvc-10491,CaSn4O9,
mvc-10485,ZnBi4O9,
mvc-10513,CaCr4O9,
mvc-10506,MgCo4O9,
mvc-10542,MgMo4O9,
mvc-10545,ZnMo4O9,
mvc-10566,MgMn4O9,
mvc-10568,CaMn4O9,
mvc-10548,ZnCo4O9,
mvc-10587,Mn4ZnO9,
mvc-10638,CaMo4O9,
mvc-10646,CaFe4O9,
mvc-10730,MgW4O9,
mvc-10697,ZnFe4O9,
mvc-10701,MgFe4O9,
mvc-1180,Sb3Se2ClO8,
mvc-1220,Bi3Se2ClO8,
mp-768232,Rb3SbO3,
mvc-12550,Zn(CoO2)2,
mvc-1433,V3Se2ClO8,
mvc-1466,Cr3Se2ClO8,
mp-644256,LiH2CO3,
mp-647606,Cu3SbS3,
mp-775607,Li4Mn3Sn2Sb3O16,
mp-865889,YbBe13,
mp-865201,LuNi5Sn,
mp-866470,Ca2SnS4,
mp-866648,La(ZnAs)3,
mp-866685,Er2(Ga3Co)3,
mp-866789,Gd5(C2Cl)3,
mp-866714,La3NiBr3,
mp-863851,LiFeSiO4,
mp-1074039,Mg9Si5,
mp-1074003,Mg9Si5,
mp-1074026,Mg9Si5,
mp-1074008,Mg9Si5,
mp-1074023,Mg9Si5,
mp-1074009,Mg9Si5,
mp-779209,Li4Nb3Fe3(TeO8)2,
mp-1074044,Mg9Si5,
mp-1074028,Mg9Si5,
mp-1074050,Mg9Si5,
mp-1074066,Mg9Si5,
mp-1074041,Mg9Si5,
mp-1074046,Mg9Si5,
mp-1074061,Mg9Si5,
mp-1074064,Mg9Si5,
mp-1074057,Mg9Si5,
mp-1074062,Mg9Si5,
mp-1074063,Mg9Si5,
mp-1074069,Mg9Si5,
mp-1074093,Mg9Si5,
mp-1074095,Mg9Si5,
mp-1074263,Mg4Si3,
mp-1074278,Mg4Si3,
mp-1074344,Mg4Si3,
mp-1074327,Mg4Si3,
mp-1074429,Mg4Si3,
mp-1074388,Mg4Si3,
mp-1074347,Mg4Si3,
mp-1074458,Mg4Si3,
mp-1074468,Mg4Si3,
mp-1074528,Mg4Si3,
mp-1074519,Mg4Si3,
mp-1074475,Mg4Si3,
mp-1074545,Mg4Si3,
mp-1074553,Mg4Si3,
mp-1074546,Mg4Si3,
mp-1074573,Mg4Si3,
mp-1074542,Mg4Si3,
mp-1074588,Mg4Si3,
mp-1074639,Mg4Si3,
mp-1074673,Mg4Si3,
mvc-6765,Mg(CuO2)2,
mp-1075001,Mg3Si4,
mp-1075253,Mg3Si4,
mp-1075335,Mg3Si4,
mp-1075482,Mg3Si4,
mp-647533,Sb2O5,
mp-1075612,Mg5Si9,
mp-1075608,Mg5Si9,
mp-1075609,Mg5Si9,
mp-1075616,Mg5Si9,
mp-1075617,Mg5Si9,
mp-1075610,Mg5Si9,
mp-1075644,Mg5Si9,
mp-1075622,Mg5Si9,
mp-1075658,Mg5Si9,
mp-1075638,Mg5Si9,
mp-1075640,Mg5Si9,
mp-1075651,Mg5Si9,
mp-1075645,Mg5Si9,
mp-1075627,Mg5Si9,
mp-1075635,Mg5Si9,
mp-1075660,Mg5Si9,
mp-1075655,Mg5Si9,
mp-1075620,Mg5Si9,
mp-1075684,Mg5Si9,
mp-1075674,Mg5Si9,
mp-1075664,Mg5Si9,
mp-1075720,Mg5Si9,
mp-1075723,Mg5Si9,
mp-1075693,Mg5Si9,
mp-1075715,Mg5Si9,
mp-1075719,Mg5Si9,
mp-1075717,Mg5Si9,
mp-1075734,Mg5Si9,
mp-1075724,Mg5Si9,
mp-1075725,Mg5Si9,
mp-1075731,Mg5Si9,
mp-1075666,Mg5Si9,
mp-1075741,Mg5Si9,
mp-1075744,Mg5Si9,
mp-1075600,Mg5Si9,
mp-1075742,Mg5Si9,
mp-1075766,Mg5Si9,
mp-1075592,Mg5Si9,
mp-1075761,Mg5Si9,
mp-1075649,Mg5Si9,
mp-1075779,Mg5Si9,
mp-1003920,Mn2HO4,
mp-653120,Mn(GaTe2)2,
mp-757084,Rb3SbO3,
mp-777919,Na3CoO3,
mp-1003735,MgMn2O4,
mp-774087,Na3CoO3,
mp-1020683,NaCa(PO3)3,
mp-1020657,NaSr(PO3)3,
mp-1020646,NaLi2B(PO4)2,
mp-1020110,Mg2SiO4,
mp-1020022,Li3B(PO4)2,
mp-1019793,K3La(PO4)2,
mp-1006368,Ce2SnSe4,
mp-1019732,EuAl2O4,
mp-1015065,Cr3N4,
mp-1003548,CaMn2O4,
mp-1019537,BaAlSi4N5O3,
mp-690531,La5Mn5O18,
mp-690543,Mn2NiO4,
mp-850185,Li3Bi(PO4)2,
mp-776418,CaGd2O4,
mp-690866,LiMnPO4,
mp-776744,Li4Mn3Cr3(SbO8)2,
mp-776749,Li2V3CuO8,
mp-776751,Li4V5Co3O16,
mp-13451,Dy2Sb5,
mp-1618,PPd6,
mp-1619,Ba3Si4,
mp-11625,KCa(PO3)3,
mp-13608,Be13Sb,
mp-11726,LaSi4Ni9,
mp-622099,SrMnV2(AgO4)2,
mp-13843,Li2TeO4,
mp-1845,CaBe13,
mp-2173,P2O5,37.92537668
mp-1040,RbCd13,
mp-14058,KMg(PO3)3,
mp-14125,Ho2(Ga3Co)3,
mp-1666,Th2S5,
mp-16713,Pr2B5,
mp-14367,AsPO5,
mp-1875,TeF6,
mp-2504,RbZn13,
mp-1878,HfBe13,
mp-12562,CeCu5Au,
mp-1469,P4S3,
mp-12615,TbBe13,
mp-29524,K3BiO3,
mp-562634,Na2Mn2S3,
mp-2080,SrBe13,
mp-15066,LiTmSiO4,
mp-12834,ThCu6,
mp-11142,SrCu9Si4,
mp-11143,BaCu9Si4,
mp-11144,SrCu9Ge4,
mp-11140,Ho2Sb5,
mp-11145,BaCu9Ge4,
mp-15395,CsBePO4,
mp-2392,Th2Se5,
mp-196,Al5Co2,125.4267537
mp-607868,Na2Mn2O3,
mp-1562,ThBe13,
mp-2406,Mg5Pd2,61.90808155
mp-15656,Si4Ir3,
mp-11486,Y2(Al3Co)3,109.8297349
mp-13413,ThCu5Sn,
mp-2275,UF6,4.667235541
mp-1788,As2O5,
mp-1791,Al5Rh2,131.04924
mp-277,Zr3N4,
mp-2892,BaNd2O4,
mp-24294,HgHClO4,
mp-4199,Na2S2O3,
mp-540853,Ti3Ni3O,
mp-22626,OsF6,5.739821302
mp-22627,Dy2(Ga3Ru)3,
mp-775074,Li4Fe3Sn3(TeO8)2,
mp-29458,Rb3Mo2Cl9,
mp-29459,Rb3Mo2Br9,
mp-24390,CaPHO4,72
mp-22630,Sc2PbS4,
mp-29476,Cu3SbSe3,50.74500134
mp-29995,La3SiBr3,
mp-29505,Cs3BiO3,
mp-3081,BeAl2O4,214.4747383
mp-29509,Zn(AsO2)2,
mp-28452,Fe3W3N,
mp-24515,RbAl(H2N)4,
mp-28079,Na2Mn2S3,
mp-4376,BaAlF5,
mp-28112,In5Cl9,
mp-28124,H8NF5,
mp-29575,Cs3Fe2Cl9,
mp-28127,Na2S5,
mp-541907,Fe3O4,
mp-28126,K2GeTe4,
mp-28131,C(Se2Br)2,
mp-16780,KBaNbS4,
mp-21086,Fe2GeS4,
mp-16786,Sr2EuNb(CuO4)2,
mp-27402,Na2CoCl4,
mp-29596,Ca3AlN3,93.18324824
mp-4449,Tl2SeO4,
mp-16795,CaAlF5,
mp-16801,GdSO4F,
mp-29605,SrPr2O4,
mp-4481,Ca2SiO4,89.62173423
mp-19604,NaMnAsO4,
mp-19605,K3Na(WO4)2,
mp-16839,Na3WN3,
mp-24796,Rb3B12H12Br,
mp-24798,Rb3B12H12Cl,
mp-24799,Cs3B12H12Cl,
mp-4529,K2SO4,29
mp-28201,Sr4(PPd)5,
mp-19681,RbBaMnO4,
mp-19703,Ba2CrO4,
mp-4556,Li2SO4,
mp-16903,SrSbF5,
mp-16911,Rb2S5,
mp-16915,BaTiOF4,
mp-16927,NaTbGeO4,
mp-16930,Na3GeTe3,
mp-16934,BaLaAlO4,
mp-4618,Rb2SeO4,
mp-16972,CsErSiS4,
mp-510559,Na(CoO2)2,69.5824462
mp-4655,SrTl2O4,
mp-29525,Rb3BiO3,
mp-703492,Zr3Zn3C,
mp-17009,Ba3Te2O9,
mp-17030,RbMo6Se7,
mp-17043,Tm2ZnS4,
mp-17048,Rb2WS4,
mp-4735,TbCo9Si4,
mp-22976,Rb2(NbCl3)3,
mp-17088,KBaPS4,
mp-17089,K3Eu(PO4)2,
mp-29745,Na2Mn2Se3,
mp-17105,Hf9V4S,
mp-28366,Gd2B5,
mp-337,PuBe13,
mp-23015,Cs3Mo2Br9,
mp-17120,Cs6K3AlSb4,
mp-21307,NaEuTiO4,
mp-3372,Rb2SO4,25.37643559
mp-23029,Cs3Sb2I9,
mp-28380,Rb3TlO3,
mp-28381,Cs3InO3,
mp-17143,BaGd2O4,
mp-17146,K2S5,
mp-30934,As(S8I)3,
mp-17148,Na3GaSe3,
mp-17153,Ba(TbTe2)2,
mp-3094,SrAl2O4,81.18641551
mp-3397,Ba2TiO4,63.86732644
mp-25672,VPO5,
mp-23076,Rb2CoCl4,
mp-25685,CrBPbO4,
mp-4876,Tl3SbSe3,14.0634825
mp-25689,FeBPbO4,61.03252647
mp-17187,K3Nd(PO4)2,
mp-25698,MnBPbO4,
mp-23089,SrTa2Bi2O9,83.39434413
mp-23090,La3Si2S8I,
mp-17217,Tl3GeTe3,
mp-30975,Na3BO3,
mp-19932,In4Se3,
mp-17229,RbBe3ZnF9,
mp-28471,Li3AsS3,
mp-4959,Ca(GaO2)2,
mp-565302,ErMoO4F,
mp-770886,Li3FeO3,
mp-761298,LiVPO4,
mp-23931,LiPH2O3,
mp-769590,Li2V3CrO8,
mp-647134,SrCr2O4,
mp-722937,Zr3Zn3N,
mp-1080190,Ti3N4,
mp-1080204,Mn3N4,
mp-715310,Fe3O4,
mp-767131,LiMn2O3F,
mp-1094013,Zn(GaS2)2,
mp-1094025,ZnIn2O4,
mp-1094106,Na2Zn2S3,
mp-1094107,Na2Zn2S3,
mp-1094134,LiNiSbO4,
mp-1094131,Mg7Fe(SiO4)4,
mp-672225,BaZn13,
mp-25690,Ca(FeO2)2,
mp-1163,UBe13,
mp-18866,CaV4O9,
mp-610652,TiMn2O4,
mp-504733,Ti3Fe3O,
mp-1014358,Cr3N4,
mp-626024,H2SeO4,
mp-754822,Li4Ti3Sn5O16,
mp-772661,Li4MnSn3(PO4)4,
mp-765692,LiCo2OF3,
mp-618968,UMoO5,
mp-674477,MgZr4O9,
mp-769914,Li2VFe3O8,
mp-769940,MnV2O4,
mp-866832,Ca2SnS4,
mp-763984,Na3VO3,
mp-775570,Na3VO3,
mvc-12116,Mn2ZnO4,
mvc-12124,V2ZnO4,
mvc-12653,Ca(NiO2)2,
mp-675076,Sr5U5O18,
mp-28090,Si2H2S3,
mp-554430,NaCu(IO3)3,
mp-559755,Sm2(SeO3)3,
mp-566693,YMoO4F,
mp-560830,Nd3Si2ClO8,
mp-510646,TlPPbS4,
mp-6057,TlSnPS4,
mvc-6242,Zn(AgO2)2,
mp-867296,RePO5,
mp-1096811,Al(BiO2)2,
mp-457,CeBe13,110.7385411
mp-25637,LiVPO4,
mp-1096809,Al2ZnS4,
mp-1096902,BaNb2Fe2O9,
mp-1096938,Cs2ReO4,
mp-1096784,Ni(AsO2)2,
mp-505525,Nb4Zn2C,
mp-569179,Ni3Mo3C,
mp-771699,Sb2O5,
mp-1096874,Co(AsO2)2,
mp-620714,Ba2V3O9,
mp-1097820,MgMn2O4,
mp-774436,CrPO5,
mp-31787,Li3Fe(PO4)2,
mp-630865,CaFeF5,
mp-32456,Li3V(PO4)2,
mp-562464,NaYbGeO4,
mp-585387,LiCoPO4,
mp-715570,Mn3O4,
mp-689962,LiCr(PO3)3,
mp-561910,Ca2RuO4,
mp-615701,BaCr2O4,
mp-695725,LiCrPO4,
mp-1020002,NaEuGeO4,
mp-704784,Rb2Co2O3,
mp-565898,Fe2BO4,
mvc-14812,Ti2ZnO4,
mp-774981,CrPO5,
mp-585401,LiCoPO4,
mp-540837,CaV2O4,
mp-585362,LiCoPO4,
mp-607281,CaCr2O4,
mp-613826,BaCrF5,
mp-608489,BaMnF5,
mp-859131,LiMnPO4,
mp-29977,Rb3BS3,
mp-780533,LiMnSiO4,
mp-866539,Ca2SnS4,
mp-775654,Li4V3Sn3(TeO8)2,
mp-21536,Ni2Mo4C,
mp-753022,NaGa5O8,
mp-770881,Mn2BeO4,148.1833889
mp-769715,LiVBO4,
mvc-3732,CaCoF5,
mp-849461,Na3MnO3,
mp-626414,Al(HO)3,
mp-762001,LiNiPO4,
mp-540879,Eu(BO2)2,
mp-3051,Mg2GeO4,
mp-769737,LiAlVO4,
mp-541062,Ca3GaAs3,
mp-765872,LiMnPO4,
mp-643710,Cs3B12H12I,
mp-6481,Na2ZnSi3O8,
mp-614572,Ca3InP3,
mp-761397,LiCrPO4,
mp-8686,Na3AsSe3,
mvc-3744,CaNiF5,
mp-540960,Zr3V3O,
mvc-3399,CaCuF5,
mp-31798,Na3FeO3,
mp-766794,LiMn2O3F,
mp-776001,Li4Nb3V3(SbO8)2,
mp-28192,AuSCl5,
mp-581942,CeCu6,
mp-775693,Li4Nb3Co3(TeO8)2,
mp-686905,TmMoO4F,
mp-762173,LiNiPO4,
mp-12441,CaAl2O4,
mp-19941,As2PbS4,
mvc-12602,MgCr2O4,
mp-3592,KAuS5,
mp-558151,Ag2PO3F,
mvc-6370,Mg(SnO2)2,
mp-766923,LiVSiO4,
mp-767622,Li2VOF3,
mp-2753,Tl4S3,
mp-990091,Ag2WS4,
mp-1080201,Re3N4,
mp-554641,Sr3Mg(SiO4)2,
mvc-10599,CaNi4O9,
mp-715558,Fe3O4,
mp-762181,Li4CoSn3(PO4)4,
mp-18510,Sr2SiO4,
mp-766782,Li4Nb2Fe3Sb3O16,
mp-768199,Li3SbS3,
mp-683666,Cu2WO4,
mp-561287,SrMnV2(AgO4)2,
mp-763863,Li4Mn3Nb3(SnO8)2,
mp-761464,LiFePO4,
mp-640885,Er(CuTe)3,53.53428045
mvc-3748,MgWF5,
mp-764592,LiFe2OF3,
mp-695800,KScAs2(HO4)2,
mp-571150,Cs2Zr7CI18,
mp-772596,Li2FeNi3O8,
mp-765826,LiMnPO4,
mp-673655,Cu9Se5,
mp-616461,Na2ZnCl4,
mp-657233,EuTlPS4,
mp-566496,HoMoO4F,
mp-510030,Pb3(ClO)2,
mp-762659,Li4Mn3Nb2Sn3O16,
mp-780825,LiMnSiO4,
mvc-11138,MgTi2O4,
mp-980666,Sr(DyS2)2,
mp-1945,NdCu6,
mp-628735,KEuPS4,
mp-722913,Hf3Zn3N,
mp-770684,LiCr2O4,
mp-776804,Li4NiSn3(PO4)4,
mp-635084,LiPWO4,
mp-865134,LiNi2OF3,
mp-775506,Li4Mn3Sn3(TeO8)2,
mp-624502,NaCoPO4,
mp-24683,RbZn2P2HO8,
mp-22633,Pb3O4,39.69130963
mp-622026,Cu2WO4,
mvc-15039,Zn(FeO2)2,
mp-13486,LaCoCu12,
mvc-6814,Zn(SnO2)2,
mp-31846,LiFePO4,
mp-561456,Na3FeS3,
mp-20696,Fe3W3C,
mp-569708,TiPt3,234.0999272
mp-505349,KCuPO4,
mp-859784,LiV2O3F,
mp-31317,La3PbI3,
mp-28449,CsTbF5,
mp-504304,LiCuPO4,
mp-26794,Li3Cu(PO4)2,
mp-540367,Li3Ni(PO4)2,
mp-540110,LiFePO4,
mp-17189,K3Ce(PO4)2,
mp-505498,PH8BrN4,
mp-570421,Sm2B5,
mp-25507,LiCrPO4,
mp-25449,LiCuPO4,
mp-541997,K3FeSe3,
mp-540405,LiFePO4,
mp-540275,LiCo(PO3)3,
mp-540248,LiNiPO4,
mp-716052,Fe3O4,
mp-715811,Fe3O4,
mp-540791,Si4Rh3,179.5806292
mvc-16098,Al2BiS4,
mp-28267,Na7Al2Sb5,
mvc-258,MgNi4O9,
mp-504106,LiTiPO4,
mp-26467,LiCuPO4,
mp-510292,CuPH6NO5,
mp-540255,LiNiPO4,
mp-541084,Cs3V2Cl9,
mp-21537,Ce(In2Au)2,
mp-554714,Np2O5,
mp-540236,MoPO5,
mp-560000,Ce2Ti2SiO9,
mp-559918,Ti2CuS4,
mp-554049,Mn(AgO2)2,
mp-584226,Li3Cu(PO4)2,
mp-717600,Mn3O4,
mp-608234,K3MnO3,
mp-868601,Li4Ti2Mn3Co3O16,
mp-673817,Rb3P11,
mp-689990,LiMn(PO3)3,
mp-1096953,EuTlPS4,
mp-704305,V5O9,
mp-554715,Ti5O9,
mvc-3410,MgAgF5,
mp-630799,K3EuV2O8,
mvc-6281,Zn(CuO2)2,103.0364819
mp-868333,Mn11ZnO16,
mp-1097975,NaEuGeO4,
mp-556928,CsLiBeF4,
mvc-16347,ZnCr2O4,
mp-556598,Na2BeF4,
mp-8076,Na3SbO3,
mp-1100385,CaSn4S9,
mp-868359,LiMnPO4,102
mp-868349,LiFeSiO4,
mp-618571,KVPbO4,
mp-697183,B(HO)3,
mp-27914,Na3BiO3,
mp-30425,BaBe13,
mp-982883,Na6Cd16Au7,
mp-636953,V6Si7Ni16,
mp-5382,Sc6Si7Ni16,
mp-672275,Ce3(Ge3Pd10)2,
mp-570457,Mg6Si7Ni16,
mp-662609,Ce3(Si3Pd10)2,
mp-980195,Tm6Al7Cu16,
mp-669649,Yb6Fe23,
mp-979260,Sc6Ga16Ru7,
mp-672670,Dy5Mg24,
mp-978976,Ti6Al16Pt7,
mp-983480,Hf6Al16Rh7,
mp-22372,Mn6Ni16P7,
mp-978662,Sc6Al16Ir7,
mp-639154,Co23B6,
mp-3337,Ti6Si7Ni16,
mp-850113,Fe7(Ni3O8)2,
mp-504753,Cu12As4S13,
mp-782696,Li4Mn(PO3)6,
mp-764909,Li5Mn3Cr(PO4)4,
mp-982005,Th(Mg4Al3)4,
mp-981988,Y(Mg4Al3)4,
mp-641575,Cr21(WC3)2,
mp-675003,Ce8Nd2O19,
mp-570166,Zr6Si7Ni16,
mp-21666,Nb3(Fe10B3)2,
mp-675208,Co(Mo3Se4)4,
mp-766077,Sr5U5O19,
mp-765844,Na5(NiO2)8,
mp-672677,Ti6Co16Si7,
mp-765418,Li4V2P4H3O16,
mp-741593,Ba4Y2Cu4W2O17,
mp-541852,Co21(ReB3)2,
mp-673837,Ba8Bi4O17,
mp-30569,Zr6Co23,
mp-763839,La8Ni4O17,
mp-695140,Ba4NbP4(O9F)2,
mp-542728,Co21(B3Mo)2,
mp-945194,Na5(SiO3)6,
mp-861126,Li4Ni(PO3)6,
mp-677724,U8Bi2O19,
mp-762467,Li15Cr2O12,
mp-975424,Rb(Mg4Al3)4,
mp-762434,Li15(FeO6)2,
mp-762422,Li4Fe(PO3)6,
mp-762421,Li15Mn2O12,
mvc-15237,Ba4CaCu6(HgO8)2,
mp-975160,Nd(Mg4Al3)4,
mp-542996,Ta6Fe16Si7,
mp-976925,Na(Mg4Al3)4,
mp-684898,Cu18S11,
mp-676287,Ce6Th4O19,
mp-630265,U3(Si3Pd10)2,
mp-759230,NaAl11O17,
mp-866613,CsNa2Be6(BO3)5,
mp-647164,Cu12Sb4S13,
mp-972924,La(Mg4Al3)4,
mp-764475,Li3Fe10O7F9,
mp-10131,Zn3(Ni10B3)2,
mp-31222,Th6Mn23,
mp-973924,Li(Mg4Al3)4,
mp-705482,Ba3La3Mn2(WO6)3,
mp-35,Mn,
mp-752783,Ca2CuB2(HO)12,
mp-4502,Ta6Si7Ni16,
mp-676645,Ga2(Hg4Te5)3,
mp-684919,H16PtC4(NCl3)2,
mp-684743,GaGe5H6C4NO12,
mp-767145,Mg8V5O16,
mp-684815,Ba4La2Ti3Nb2O18,
mp-760747,Ti11O18,
mp-760683,Li4Cu(PO3)6,
mp-568562,Ni21(SnP3)2,
mp-778351,Li10Mn3F16,
mp-3195,Sr11(CdSb2)6,
mp-673685,Li17(MnAs2)4,
mp-561099,Ba4Os6ClO18,
mp-673662,Ce3(Si3Pd10)2,
mp-21551,In2(Ni7B2)3,
mp-764417,Fe14O15,
mp-763569,Li2V3(CO3)6,
mp-766608,Li5Co2Cu2(PO4)4,
mp-542758,Fe23B6,
mp-677192,K4PH5S3O16,
mp-677222,Ba3La3Ti4NbO18,
mp-541851,Ce2(Ni7B2)3,
mp-672657,Hf6Co16Ge7,
mp-973769,Hf6Al16Os7,
mp-766275,Ca2Bi10O17,
mp-672689,Hf6Co16Si7,
mp-676556,Sm2Zr8O19,
mp-676552,Nd2Th8O19,
mp-676629,Sm2Th8O19,
mp-672652,Ta6Co16Ge7,
mp-672653,Nb6Ni16Ge7,
mp-676527,Na4PH5Se3O16,
mp-695043,K4PH5Se3O16,
mp-763398,Li2Cr3(CO3)6,
mp-743133,NiH12(BrO7)2,
mp-5979,Mn3(P3Pd10)2,
mp-672221,Co21(B3W)2,
mp-640898,La6Mg22Al,
mp-21642,Mn3(Ni10P3)2,
mp-634466,HgH12(ClO7)2,
mp-634187,Fe3H6C6(N3Cl4)2,
mp-641587,Fe21(MoC3)2,
mp-766360,La6Cu6O17,
mp-542830,Mn23C6,
mp-3640,Nb6Si7Ni16,
mp-28656,Tl5(Cu7Se5)2,
mp-21613,K5Pb24,
mp-677392,Yb2Ce8O19,
mp-27165,Hf8Ni21,
mp-28706,Sr5(B5Rh7)2,
mp-21608,Tm2(Ni7B2)3,
mp-641573,Cr21(MoC3)2,
mp-30260,Zr8Ni21,
mp-17684,La6Ni6P17,
mp-766034,Sr5(IrO3)6,
mp-642279,U6Fe16Si7,
mp-582924,Zr6Fe23,
mp-27489,Ba6Fe8S15,
mp-31381,Nb21S8,
mp-1993,Tm5Mg24,
mp-1374,Zr5Re24,
mp-31530,Co10Ge3O16,
mp-30641,Y6Fe23,
mp-559254,Rb2U3(IO5)4,
mp-542727,Cr2(Co7B2)3,
mp-505472,Al3(Ni10B3)2,
mp-21612,Mg6Cu16Si7,
mp-758088,Ba6Bi6O17,
mp-21725,Mg6Ni16Ge7,
mp-567490,Hf5Re24,
mp-865880,Yb(Mg4Al3)4,
mp-672651,Zr6Ni16Ge7,
mp-675068,Nd2Zr8O19,
mp-505544,Co21(B3Sb)2,
mp-669648,Ho6Mn23,
mp-10130,U2(Ni7B2)3,
mp-758044,Li5Ti8O16,
mp-504776,Ce6P17Pd6,
mp-765669,Li7Mn3Co3O16,
mp-675118,Y2Th8O19,
mp-643575,CoH12(BrO7)2,
mp-628588,Fe4Si2Sn7O16,
mp-777312,Li4Sn2P4H3O16,
mp-640158,Hf6Fe16Si7,
mp-505537,Al3(Co10B3)2,
mp-850115,Li4Ni2P4H3O16,
mp-673092,Li4Sn(PO3)6,
mp-30615,Er6Zn23,
mp-541940,Cr6Si7Ni16,
mp-862605,Rb4Zr6CCl18,
mp-765612,Ba8Bi4O17,
mp-30782,Sr6Mg23,
mp-567775,La10C4I15,
mp-561386,K2Hg3C8(NO)8,
mp-723,Cr23C6,
mp-675835,Dy2Zr8O19,
mp-568512,Ba6Mg23,
mp-573974,Tl10Hg3Cl16,
mp-558108,U3Tl2(IO5)4,
mp-672680,Zr6Co16Si7,
mp-568683,La16Al13,
mp-2151,Mg17Al12,50
mp-22290,Mn6Si7Ni16,
mp-558910,Li2U3(PO5)4,
mp-972093,Tm(Mg4Al3)4,
mp-677291,Ca2Bi10O17,
mp-772159,La6Cu6O17,
mp-504775,La6P17Pd6,
mp-30439,Ta6Be15Cu8,
mp-771909,Li4Mn2P4H3O16,
mp-677234,Ce8Gd2O19,
mp-21587,Mg6Ni16As7,
mp-675564,La2Th8O19,
mp-695793,ZnAs4(HO2)8,
mp-695365,LiAl3Si9(N7O)2,
mp-558944,Tl2Cu3(SeO3)6,
mp-570121,Ba11(CdSb2)6,
mp-10117,Mg3(Ni10B3)2,
mp-565489,Cr8O21,
mp-570442,Th6Mg23,
mp-541611,La4Ru6O19,
mp-541640,Nd4Os6O19,
mp-672654,Zr6Co16Ge7,
mp-570798,Er3(P3Pd10)2,
mp-560831,Na6P4Pb3S16,
mp-973970,Li(Mg4Al3)4,
mp-1988,Y5Mg24,
mp-975395,Nd(Mg4Al3)4,
mp-21573,Ni21(SnB3)2,
mp-556637,Ba6Na2Nb2P2O17,
mp-647205,Sc2(Ni7B2)3,
mp-19673,Ba6Lu2(WO6)3,
mp-556374,K2U3(IO5)4,
mp-24929,Cr2CdH14(NO2)4,
mp-641595,Fe21(WC3)2,
mp-753921,Sb11S18,
mp-743876,Cr2CdH14(NO2)4,
mp-762973,Li4V(PO3)6,
mp-774141,Li4Cr2P4H3O16,
mp-760755,KAl11O17,
mp-1355,Y6Mn23,
mp-865352,Mg17Al11Pd,
mp-675012,Ho2Zr8O19,
mp-765360,Ni(Pt3O4)4,
mvc-16258,Sr9Zn4(CuO7)2,
mp-541854,Zr2(Co7B2)3,
mp-21628,Mn6Ni16As7,
mp-541612,La4Os6O19,
mvc-16036,Ca5(TiS2)8,
mp-866136,Zr6Al16Ru7,
mp-862839,Pr10C4Br15,
mp-864900,Hg,
mp-865489,Mg17Al11Ag,
mp-627575,K4Zr6CBr18,
mp-757372,Sr5U5O19,
mp-2162,Er6Fe23,
mp-12662,Re24Mo5,
mp-10123,Ni21(B3Sb)2,
mp-580092,Hf6Ni16Ge7,
mp-2272,Sr6Li23,
mp-2759,Ho6Fe23,
mp-4193,Tm9(FeGe)10,
mp-32913,Nb16N13,
mp-971834,Y(Mg4Al3)4,
mp-865235,Ti6Al16Ni7,
mp-20962,Ni23B6,
mp-972591,Sm(Mg4Al3)4,
mp-4802,La4Re6O19,
mp-5172,Zr2(Ni7B2)3,
mp-983411,Lu(Mg4Al3)4,
mp-542739,Co21(SnB3)2,
mp-541938,Nb6Co16Si7,
mp-676389,Yb2Zr8O19,
mp-11558,Sc5Re24,
mp-675556,Er2Zr8O19,
mp-676820,Tm2Zr8O19,
mp-580744,Hf6Si7Ni16,
mp-2218,Er5Mg24,
mp-977324,Ga3(Ni10B3)2,
mp-29724,Ni20(SnB2)3,
mp-676646,Tb2Zr8O19,
mp-541853,U2(Co7B2)3,
mp-518,Ti5Re24,
mp-580140,Nb6Co16Ge7,
mp-542995,Nb6Fe16Si7,
mp-14842,Mg3(Ni10P3)2,
mp-582759,Ti6Ni16Ge7,
mp-582719,Ta6Ni16Ge7,
mp-570547,Sc6Ni16Ge7,
mp-21683,In2(Ni7P2)3,
mp-570661,Ta6Co16Si7,
mp-850160,Li7(CoO3)2,
mp-8380,K2Si4O9,
mp-8531,Lu5Ni19B6,
mp-6520,Ba3MgRu2O9,
mp-651175,CeSiNO2,
mp-775907,Y2O3,128.1171069
mp-765013,Zr9VO20,
mp-764913,Mn2O3F,
mp-6810,K2Ti(SiO3)3,
mp-6443,Ba3CaRu2O9,
mp-775863,Zr2N2O,
mp-640040,Mn4Nb2O9,
mp-638676,Nb2Co4O9,
mp-850870,Fe5O7F3,
mp-768004,MgFe11O18,
mp-9711,Ba2Si5N8,
mp-9710,Sr2Si5N8,
mp-850776,Fe5O7F3,
mp-764951,Li6V2O5F2,
mp-977148,LiBeH3,
mp-675470,YZr9O20,
mp-767700,LiVCrP2(O4F)2,
mp-764435,Mn2O3F,
mp-767689,LiVCrP2(O4F)2,
mp-866662,K5La4Si4O16F,
mp-675329,LaZr9O20,
mp-745180,CrH6SO7,
mp-686056,Fe(Mo3Se4)2,
mp-777861,Fe10O11F9,
mp-977049,Hf4Co4Ge7,
mp-722903,K2LiAlF6,
mp-30030,Zn6Ni7Ge2,
mp-675102,Ce9GdO20,
mp-622528,Li4Mo3O8,
mp-697794,Mn2P3O10,
mp-6345,Ba3TbRu2O9,
mp-674976,Zr9ScO20,
mp-674484,YbCe9O20,
mp-674436,NdZr9O20,
mp-752870,ZrU4O10,
mp-669436,ZrAsPd,
mp-674320,Ce9DyO20,
mp-504619,Fe2W2C,
mp-669425,Cu3BiSe2IO8,
mvc-3784,AlWO3,
mvc-3779,AlMoO3,
mvc-3777,MnAlO3,
mvc-3776,AlNiO3,
mvc-3775,AlCrO3,
mp-766557,Mn2OF3,
mvc-3774,AlCoO3,
mvc-3773,YNiO3,
mvc-3772,YWO3,
mp-675290,Nb9IrSe20,
mvc-3770,YVO3,
mvc-3769,YMoO3,121.7117003
mvc-3768,YCrO3,
mp-849417,Co2OF3,
mvc-3765,YCoO3,
mvc-3751,YFeO3,
mp-766007,Zr3U7O20,
mp-566093,MnSO3,
mp-673117,Sn2P3O10,
mp-777510,Fe10O11F9,
mp-782658,V6O5F19,
mp-694960,NaLa2Ti2MnO9,
mp-774380,Co2OF3,
mp-765459,Li3Mn4O8,
mp-6301,Ba3CeRu2O9,
mp-771815,Eu2Al4O9,
mvc-3513,AlSnO3,
mvc-3506,AlSbO3,
mp-743870,MgCoH16(ClO2)4,
mvc-3501,AlCuO3,
mvc-3494,AlBiO3,
mvc-3479,YBiO3,
mp-771697,La2Ga4O9,
mvc-3476,AlAgO3,
mvc-3470,YAgO3,
mvc-3468,YCuO3,
mvc-3466,TiAlO3,
mvc-3464,YSnO3,
mvc-3460,YSbO3,
mp-743770,La4Mn5Co(PbO9)2,
mvc-3431,YTiO3,
mp-759784,Li2Bi2P2O9,
mp-851263,Co2OF3,
mp-743694,Ba2La4Mn5SnO18,
mp-691136,Ti2Fe4O9,
mp-762258,Na2Sn4O9,
mp-773541,Fe10O11F9,
mp-863858,Li4V2F9,
mp-780752,Fe2O3F,
mp-781107,Fe5O7F3,
mp-684555,USe2,
mp-560665,LaPb6BrO7,
mp-781072,Fe5O7F3,
mp-781071,Fe5O7F3,
mp-781068,Fe5O7F3,
mp-781064,Fe5O7F3,
mp-780974,Fe10O11F9,
mp-6641,Ba3SrRu2O9,
mp-540351,V2P3O10,
mp-673645,Mo7S8,
mp-780679,Fe5O7F3,
mp-780862,Mn2OF3,
mp-764082,V3OF11,
mp-6580,Ba3NdRu2O9,
mp-878,Ho2S3,
mp-850114,Fe10O9F11,
mp-762812,Li3Co2(SiO4)2,
mp-705480,MnF4,
mp-780812,Fe10O9F11,
mp-762751,Li3Co2(SiO4)2,
mp-780805,Fe5(OF4)2,
mp-6815,Ti2Cu(PO5)2,
mp-780800,Fe10O11F9,
mp-6077,Ba3SmRu2O9,
mp-780797,Fe10O11F9,
mp-780793,Fe10O11F9,
mp-6018,Ba3NdRu2O9,
mp-780756,Fe2O3F,
mp-861172,LiFe(SiO3)2,
mvc-12329,MgV2(BiO5)2,
mp-762786,Li3Fe2(SiO4)2,
mp-861293,Li8Ni(O2F)2,
mp-5933,BaTiO3,140
mp-997552,Fe5O7F3,
mp-771048,FeCo9O20,
mp-780648,Fe2O3F,
mp-780686,Fe2O3F,
mp-780644,Fe2O3F,
mp-639705,SiO2,
mp-3202,BaNi9P5,
mp-638521,Er5Al3Ni3Ge4,
mp-646579,V2Ni(PO5)2,
mp-780577,Fe5O3F7,
mp-93,U,
mp-676664,KBa2DyBi2O9,
mp-780515,Fe5(O4F)2,
mp-780514,Fe5(O4F)2,
mp-978284,Na2P3HO9,
mp-861553,Li6Mn3Cr2Fe3O16,
mp-780434,Fe10O11F9,
mp-780421,LaAlO3,
mp-780323,V3OF11,
mp-864887,MgH4(NO4)2,
mp-780299,Fe5(O4F)2,
mp-769538,Li3Mn2(SiO4)2,
mp-780324,Co2O3F,
mp-677131,Ce9YO20,
mp-780084,Fe5O7F3,
mp-779953,Fe5O7F3,
mp-779774,Fe10O11F9,
mp-5418,Li6Zr2O7,
mp-680092,CdI2,
mp-635134,KFeBP2HO9,
mp-608266,Ba3NiIr2O9,
mp-769925,TiCrO3,
mp-866504,CaSnS3,
mp-684970,Cu19Se11,
mp-706223,La4TiMn5(PbO9)2,
mp-769711,Li3Cr3CoO8,
mp-676447,Na2LiLa3Ti6O18,
mp-779359,Fe10O19F,
mp-676106,NdZr9O20,
mp-863292,Na3VP2O9,
mp-779093,Fe10O11F9,
mp-780779,Cr(Si2O5)2,
mp-985701,AgAs3H2O9,
mp-778886,Fe10O11F9,
mp-853218,V6O5F19,
mp-5116,K6Ge2O7,
mp-625285,VHO3,
mp-625378,NaH9O5,
mp-619015,CsCdCl3,
mp-287,UF4,
mp-673814,La3U2O10,
mp-510757,Fe(Se2O5)2,
mp-763781,Li3Fe2(SiO4)2,
mp-648573,ZnAg2C4(SN)4,
mp-626751,Mo3(HO5)2,
mp-780508,Fe5O7F3,
mp-610190,Zr9(In2Co)7,
mp-974606,ReH6CN3O4,
mp-780328,Fe5(O4F)2,
mp-764795,Li2Fe4OF8,
mp-780310,Fe5(O4F)2,
mp-769383,RbB3Te2O9,
mp-780288,Li3Si2(NiO4)2,
mp-769294,Rb8SnO6,
mp-775910,ZrO2,188
mp-801028,Ba4Sb2O9,
mp-675332,InI4,
mp-690460,BaLa2Mn3O9,
mp-984586,Nb4Co4Si7,
mp-974035,Pb3I2(Cl2O3)2,
mp-765721,Na4V3O8,
mp-753548,Rb6Ti2O7,
mp-573084,Yb2S3,
mp-780176,Fe5O3F7,
mp-780169,Hf2N2O,
mp-764405,KFeH2S2O9,
mp-767821,Na3(CoO2)4,
mp-767816,LiMn2(PO5)2,
mp-645299,Cs2Mo2O11,
mp-767793,Li8MnO5F,
mp-780129,Fe2OF3,
mp-780128,Fe2OF3,
mp-767780,KV4O10,
mp-767745,Li6Mn2O5F2,
mp-705523,CaLaVFeO6,
mp-625295,VHO3,
mp-775445,Fe5(O4F)2,
mp-780050,Hf2N2O,
mp-767601,Li6Mn2O5F2,
mp-690546,TiNiO3,
mp-767583,LiCr2(PO5)2,
mp-636982,DyMnO3,
mp-690492,Ti5Fe7O18,
mp-775389,Fe10O19F,
mp-767559,LiMn2(PO5)2,
mp-780004,Fe5O3F7,
mp-690581,Li6Mo2O7,
mp-771374,Li3Cr3GaO8,
mp-771430,Li6Cr2O7,
mp-690508,Ta2Mn4O9,
mp-752674,BaY3F11,
mp-767464,LiVCrP2(O4F)2,
mp-775262,Fe5O3F7,
mp-650929,Na2Ti9O19,
mp-779992,Fe5(O4F)2,
mp-775260,Li6CoCu3(PO4)4,
mp-868600,Li3MnP2O9,
mp-764113,V3OF11,
mp-761431,Ti5Fe7O18,
mp-752449,La2B4O9,
mp-764104,Li8Co(O2F)2,
mp-650023,K2PdC4(SN)4,
mp-764102,Li3Fe2(SiO4)2,
mp-752713,HoBO3,
mp-767468,Li6Mn2O5F2,
mp-775287,Fe10OF19,
mp-764053,V3OF11,
mp-868637,Li7(CoO3)2,
mp-779811,Fe5O3F7,
mp-764020,V6O5F19,
mp-779792,Fe5(OF4)2,
mp-779794,Fe5(OF4)2,
mp-764014,V3OF11,
mp-779785,Fe5(OF4)2,
mp-764134,Li6Co5Ni3O16,
mp-767273,Li2Mn3F10,
mp-779810,Fe5O3F7,
mp-743618,CoPH6O6F,
mp-676564,NdTh9O20,
mp-863033,Rb4P2PbSe8,
mp-767223,LiVCrP2(O4F)2,
mp-763959,Li3Mn3FeO8,
mp-764043,Li3Mn3NiO8,
mp-764036,Li3Mn3CrO8,
mp-761364,Rb6Co2O7,
mp-779813,Fe5O3F7,
mp-767292,Li8Fe7O15,
mp-779357,V3OF11,
mp-770871,Li6Cr2O7,
mp-774995,Fe5(OF4)2,
mp-676282,Mg(Mo3S4)2,
mp-760994,NaSbO3,
mp-763918,V6O5F19,
mp-676264,YTh9O20,
mp-761337,SrCrO3,
mp-860791,AgSbO3,
mp-763903,V3OF11,
mp-676169,Hg3SeO6,
mp-676168,Ag8GeTe6,
mp-616355,CsFeF3,
mp-770805,Li6Hf2O7,
mp-619984,Ba3ErMn2O9,
mp-763980,Li6Mn5Ni3O16,
mp-763964,Li6Co3Ni5O16,
mp-743178,FeH8(ClO2)2,
mp-779199,V3OF11,
mp-761148,Ti9SnO20,
mp-779188,Fe5O3F7,
mp-763824,Ba2LiVP2O9,
mp-779172,Fe5(OF4)2,
mp-675833,Mg(Mo3Se4)2,
mp-761118,Ti7Sn3O20,
mp-779369,Fe5(OF4)2,
mp-675745,Cu(Mo3S4)2,
mp-770694,Li6Cr2O7,
mp-779266,Li3Si2(NiO4)2,
mp-733929,P2H4PbO8,
mp-640578,KTiI3,
mp-675743,Mg(Mo3Se4)2,
mp-779222,Li3Co2(SiO4)2,
mp-733604,Ba2Mg3H10,
mp-780493,Li8CrO6,
mp-763836,Li3MnP2HO8,
mp-735524,VP2(HO)6,
mp-864891,NaPO3,
mp-763831,Li8Mn(O2F)2,
mp-779186,Li3Co2(SiO4)2,
mp-769397,MgSO3,
mp-730154,NaAs3H2O9,
mp-638226,La2Ga12Pd,
mp-779094,Fe10O11F9,
mp-769394,Ba4Ta2O9,
mp-763686,Li6TiNi7O16,
mp-863367,KBiO3,
mp-862671,ThF4,
mp-770408,Rb6Ti2O7,
mp-769307,Ca4Ta2O9,
mp-778800,LiMnF3,
mp-722979,K2Zn(H2N)4,
mp-770506,V5BO9,
mp-773714,SrV4O10,
mp-778773,Fe5O3F7,
mp-753546,Li8TiS6,
mp-769268,Sr4Ta2O9,
mp-853268,Fe10O9F11,
mp-778868,Fe10O11F9,
mp-853254,Fe10O9F11,
mp-778863,Fe5(OF4)2,
mp-976184,Hf4Co4Si7,
mp-853233,Fe10O9F11,
mp-778823,Fe5(OF4)2,
mp-862787,AlInSe3,
mp-759737,Ti3(SnO5)2,
mp-766790,VF4,
mp-764391,Li3TiCo3O8,
mp-763582,KMn2P2HO9,
mp-766757,Ti2Fe4O9,
mp-853267,Fe10O9F11,
mp-853262,Fe10O9F11,
mp-778699,V3OF11,
mp-773596,Na7(CuO3)2,
mp-853211,Fe2O3F,
mp-677422,Ca2Ga2Si(HO4)2,
mp-766659,Li2Ni4OF8,
mp-778708,Fe5O3F7,
mp-722189,H8PtN2(ClO)2,
mp-763537,LiCo2(CO3)3,
mp-778633,LiMnF3,
mp-780444,V6O5F19,
mp-758948,Cs2H6CO6,
mp-766391,Ti(Sn2O5)2,
mp-778631,Li3Mn2(SiO4)2,
mp-766370,CeZr9O20,
mp-762063,Na4Cu6O5,
mp-778622,Li3Fe2(SiO4)2,
mp-769333,Ca4Ta2O9,
mp-764982,Mn2OF2,
mp-764233,Na8CoO6,46.5199345
mp-763499,Li2V(CO3)3,
mp-766289,ZrU9O20,
mp-721047,CaH8(ClO2)2,
mp-676867,Ca2HoF7,
mp-778557,V2O3F,
mp-720921,Na2Te2H4O7,
mp-758620,LiCu2(CO3)3,
mp-769271,Sr4Ta2O9,
mp-770159,Sr7W4O19,
mp-761931,Na8SnO6,
mp-761897,LiCuF3,
mp-766175,RbInBP2HO9,
mp-766168,Ti4SnO10,
mp-766163,TiSn9O20,
mp-764133,Li3FeNi3O8,
mp-763440,Li8Mn(O2F)2,
mp-780092,V6O5F19,
mp-777814,Na6Sn2O7,
mp-761412,BaMnO3,
mp-859132,Li8VO5F,
mp-766123,Ce4ThO10,
mp-770128,Cs6Ti2O7,
mp-850974,Na7Cr2O6,
mp-704952,Cs4U3Mo3O20,
mp-695237,Rb2PH3SO8,
mp-764017,Li3Co3NiO8,
mp-628637,Cu3BiSe2BrO8,
mp-704848,V2Re2O11,
mp-676361,Li3ErCl6,
mp-764006,Li3TiFe3O8,
mp-850904,Mn2OF3,
mp-765970,Ti3Sn7O20,
mp-850957,Na6Ti2O7,
mp-625111,H8PtO6,
mp-763971,Li3VFe3O8,
mp-766063,Na2W3O10,
mp-763933,Li3CrFe3O8,
mp-760729,Ca2Ga2Si(HO4)2,
mp-770648,Li8ZrO6,
mp-770645,Li8HfO6,
mp-639682,SiO2,
mp-638553,Ba2InIrO6,
mp-779073,LiMnF3,
mp-760151,LiAgF3,
mp-770527,Li2Mn4O9,
mp-863916,Ta2Co4O9,
mp-770415,HoErO3,
mp-770399,Li6Ti2O7,
mp-766423,Li8BiS6,
mp-850869,Fe5O7F3,
mp-677094,MgTi3Nb2(PbO3)6,
mp-30990,K6Si2O7,
mp-4971,K4Sn3Se8,
mp-4975,RbZnF3,
mp-17307,K2Hg3(GeSe4)2,
mp-28548,Li8GeO6,
mp-28549,Li8SiO6,81.21516689
mp-26312,Li4Cu(PO4)2,
mp-31033,HfF4,
mp-31034,ThF4,
mp-17382,Rb2Si3SnO9,
mp-28575,W(S4Cl3)2,
mp-17435,Zr4Fe4Si7,
mp-23311,EuBr2,
mp-17448,Ba3CaIr2O9,
mp-26944,Sn2P3O10,
mp-17464,SrGeO3,
mp-17552,CaSiO3,
mp-17481,Mg4Ta2O9,148.7262897
mp-504482,AlInS3,
mp-30013,SbKr3F11,
mp-27164,FeP4,138
mp-504590,Ca2Si3PbO9,
mp-504607,YInO3,
mp-27228,Tl6Si2O7,
mp-30096,Be2Te7Cl6,
mp-17620,TmBO3,
mp-23519,Ga4Bi2O9,
mp-28787,Zn2BIr2,
mp-30165,Sr7Re4O19,
mp-17738,Sr2Cu(SeO3)3,
mp-17761,CaGeO3,
mp-21876,Ba3NaIr2O9,
mp-765004,Li3Fe2(CO4)2,
mp-504951,InGaS3,
mp-504952,InGaSe3,
mp-31278,Ca3(Bi2Pd)4,
mp-23733,Cu3H2(CO4)2,
mp-23738,RbMgH3,
mp-17792,K2Hg3(GeS4)2,
mp-35040,LiMg9B20,
mp-23745,H8Se(NO2)2,
mp-17808,Nb2Zn4O9,
mp-27366,KNiCl3,
mp-28904,Na2Te4O9,
mp-505104,Cu3BiSe2ClO8,
mp-23797,LiH6ClO7,19.47949846
mp-17841,Mg4Nb2O9,
mp-17853,YGaO3,
mp-28922,Ca2Si5N8,
mp-23808,KScBP2HO9,
mp-27390,K5ThF9,
mp-23809,RbScBP2HO9,
mp-17867,Mn2NbP12,
mp-17868,NaAsO3,
mp-28940,Sr4Nb2O9,
mp-23858,H8PtN2(ClO)2,
mp-558546,KSO3,
mp-17889,KNa2(PO3)3,
mp-17905,Cs2Hg6S7,
mp-505253,U2V2O11,
mp-29019,Rb3IO,
mp-23985,LiH6BrO7,
mp-17984,Ag8SnSe6,
mp-3598,BaRuO3,
mp-29049,SrCuO3,
mp-29062,ThZr2F12,
mp-29090,Rb4Au6S5,
mp-22233,Zr4Co4Ge7,
mp-31369,Gd2B4O9,
mp-18100,Na6Ge2Se7,
mp-18115,K2Sn2Hg3S8,
mp-18216,BaCa2(SiO3)3,
mp-22352,Ba3InRu2O9,
mp-18224,Rb6Ge2O7,
mp-29205,YBO3,
mp-18243,K2Si3SnO9,
mp-22379,Y3(Co2Sn)4,
mp-27752,Na6Ge2S7,
mp-27764,K4I2O9,
mp-27767,Li6Si2O7,
mp-18302,Mn2MoP12,
mp-18315,Cs6Si2O7,
mp-37990,AlPO4,
mp-22472,Ba3CuRu2O9,
mp-30550,AlAu2,
mp-18407,BaSiO3,
mp-18427,Nb2Al,160.5253716
mp-29314,RbVBr3,
mp-29341,K4Au6S5,
mp-569794,Ta,194.7514572
mp-18483,Rb6Si2O7,
mp-22551,UP2(PbO5)2,
mp-39008,AlBr4,
mp-18559,LaSiNO2,
mp-18583,Ti4Si7Ni4,
mp-18701,Ba3YRu2O9,
mp-18729,V2Co(PO5)2,
mp-31531,Li8CoO6,73.18712886
mp-40778,Fe3H10S2NO14,
mp-559123,YSiNO2,
mvc-11667,Mn3Nb2ZnO9,
mp-567129,KLaSi(CN2)4,
mp-559159,Cu4As2O9,
mp-559170,V2Co(PO5)2,
mp-559198,Rb2Mo3O10,
mp-559226,Ba3Cr2WO9,
mp-542700,RuC4(O2F3)2,
mp-567221,H10C3IN,
mp-571452,KPSe3,
mp-571464,RbPSe3,
mp-542897,BaIrO3,
mp-569309,RbMnCl3,
mp-556982,CuSiO3,
mp-567430,TlCoCl3,
mp-556996,K2LiAlF6,
mp-676305,Mg4Sb2O9,
mp-763495,LiMnF3,
mp-773443,V3O7,
mp-758243,TiNb2O7,
mp-642273,U6Fe16Si7C,
mp-850762,Fe5O7F3,
mp-716814,Fe2O3,
mp-765946,Na2Co6O7,
mp-686677,Rb2PH3SeO8,
mp-777602,V2O3F,
mp-625154,H8PtO6,
mp-624406,CdI2,
mp-624400,CdI2,
mp-625113,H8PtO6,
mp-625112,H8PtO6,
mp-850444,Na8NiO6,
mp-777470,LiFeF3,
mp-765898,Li3TiMn3O8,
mp-777526,Fe10O19F,
mp-777501,V2O3F,
mp-777489,LiFeF3,
mp-850409,Fe2OF3,
mp-756850,LuAlO3,
mp-765758,Li3MnFe3O8,
mp-777221,Li8FeO5F,
mp-756758,CuH4(IO4)2,
mp-763225,Li2VO2F,
mp-756705,YAlO3,
mp-762773,Li5Fe4P4O16F,
mp-672681,Nb8Zn4C3,
mp-765678,Li3TiV3O8,
mp-762706,Li5Mn4P4O16F,
mp-616601,Ba2InRuO6,
mp-777019,Li8SbS6,
mp-674395,Tl5SnF9,
mp-850141,Mn2OF3,
mp-772521,Li8TiO6,
mp-609465,Fe2O3,
mp-764727,Li8NiO5F,
mp-769079,ScGaO3,
mp-772217,ErInO3,
mp-769045,HoGaO3,
mp-772188,DyErO3,
mp-772180,LuScO3,
mp-769015,DyGaO3,
mp-850098,Fe10O9F11,
mp-765726,Mn2OF3,
mp-765957,Li6V2O5F2,
mp-772151,Li2Ti4O9,
mp-675918,Li9CrN5,
mp-675896,Ca2NdF7,
mp-850090,Fe10O9F11,
mp-769007,YScO3,
mp-765713,Li8Co(O2F)2,
mp-765935,Li2Co4OF8,
mp-763320,V3OF11,
mp-768987,Li8BiO6,
mp-768889,YHoO3,
mp-764661,Li3CoNi3O8,
mp-647247,Er2Ga10Os3,
mp-647243,Tm2Ga10Os3,
mp-754598,Hg3SeO6,
mp-672673,In2Se3,
mp-707170,CuH6SO7,
mp-685928,Rb5Tc3S7,
mp-768702,Ta2Zn4O9,
mp-672346,RbVI3,
mp-764049,V6O5F19,
mp-765686,Li2Co4OF8,
mp-715333,Fe7O8,
mp-757048,LiTi(SiO3)2,
mp-623814,Hf8FeTe6,
mp-768505,LuGaO3,
mp-763305,Li8FeO6,
mp-769977,Li3CrFe3O8,
mp-779807,Fe5O3F7,
mp-763267,V3OF11,
mp-675563,LaZr9O20,
mp-706983,K3HPtS2(ClO3)2,
mp-849977,Mn2O3F,
mp-756914,Er2B4O9,
mp-684990,Al2O3,
mp-849951,Li2Fe4OF8,
mp-773199,Cs6Co2O7,
mp-765857,LiCr(SiO3)2,
mp-849707,NaV4O10,
mp-753974,Li8CrS6,
mp-777423,Na6Ti2O7,
mp-762650,Li3Fe2(SiO4)2,
mp-765602,Na5Ni9O16,
mp-776018,SrTiO3,
mp-765573,Li4Zr3O8,
mp-763193,Li2VO2F,
mp-850251,Na2Ti9O19,124.2312857
mp-768469,TmGaO3,
mp-769873,Li3MnF6,
mp-768400,Li8FeS6,
mp-768353,YTmO3,
mp-768347,Li8NbS6,
mp-768333,DyYO3,
mp-768267,HoInO3,
mp-777253,Li6Fe2O5F2,
mp-771257,MnTlO3,
mp-779212,V6O5F19,
mp-768149,DyInO3,
mp-768145,DyHoO3,
mp-850158,V3OF11,
mp-777223,V3OF11,
mp-612740,In2Se3,
mp-771123,ScFeO3,171.2164745
mp-866688,Cs4P2PdSe8,
mp-707443,Na7AlH2C4(O3F)4,
mp-850133,Fe10O9F11,
mp-849285,Na8NbO6,
mp-771075,Li8MnO6,
mp-762921,LiMnF3,
mp-767988,LiV(CO3)2,
mp-782035,Al2O3,15.97000838
mp-772255,CuPO3,
mp-649039,Ga2Fe2Bi2O9,
mp-760080,CeTh9O20,
mp-772781,Lu2B4O9,
mp-772218,Ti2Ni(PO5)2,
mp-618788,Ba(Cu5P2)2,
mp-776630,V2O3,
mp-772199,Rb3ClO,
mp-772185,Li6Hf2O7,
mp-768992,Li6Bi2O7,
mp-707027,CaScSi3HO9,
mp-781695,Fe2O3F,
mp-607369,Zn5B3Ir7,
mp-616615,Hf8MnTe6,
mp-762693,Li3TiFe3O8,
mp-772055,Li6Ti2O7,
mp-706585,CaP2(HO2)4,
mp-559335,ZnAg2C4(SN)4,
mp-5455,K6Ti2O7,
mp-864627,Nd2Ga12Ni,
mp-561313,Si2Ag6O7,
mp-555063,Nd2As4O9,
mp-567195,Ce2Ga12Ni,
mp-571538,CdI2,
mp-557038,MnAs2F12,
mp-555078,Ba3SrSb2O9,
mp-567718,KTiBr3,
mp-569415,Nd5Co19B6,
mp-559391,Pr3Si2Cl3O7,
mp-571559,CdI2,
mp-555094,PrPH5CO7,
mp-571578,CdI2,
mp-571579,CdI2,
mp-571583,CdI2,
mp-571594,K3AgSn3Se8,14.90018029
mp-571595,CdI2,
mp-571605,CdI2,
mp-557115,Cs2As2OF10,
mp-571615,CdI2,
mp-571616,CdI2,
mp-568136,RbVBr3,
mp-561434,Rb2Sn2Hg3S8,
mp-568231,RbMnBr3,
mp-568270,KTiCl3,
mp-639874,Ta2Al,161.9917266
mp-572332,Cs2Sb2OF10,
mp-559523,RbMgF3,
mp-561470,AuS5N5Cl4,
mp-568385,SrLiGaN2,
mp-555191,La3Si2Cl3O7,
mp-540598,Ti4Tl2O9,
mp-19580,Ti2Ni(PO5)2,
mp-540615,Nb3Se5Cl7,
mp-573051,ReO3F,
mp-573069,Ba2CaTl2(CuO4)2,
mp-555246,Ba3LuRu2O9,
mp-34052,Li7Ti7O16,
mp-554266,Ba3SrIr2O9,
mp-706328,Ba3DyUFeO9,
mp-540691,Ba3YIr2O9,
mp-557696,Na5Y4Si4O16F,
mp-540694,Ba2NiOsO6,
mp-568553,TlFeBr3,
mp-557715,Cd(AuF6)2,
mp-555302,CsFeF3,
mp-540707,Cs2Sn(GeO3)3,
mp-5546,Cu8GeS6,
mp-540728,K2Zn6O7,
mp-557828,HoPH5CO7,
mp-5981,Ce2Ga12Cu,
mp-540739,Ba3YIr2O9,
mp-540741,Fe4Bi2O9,
mp-554699,GePbO3,
mp-42,Ta,195.3060175
mp-669387,Sr2P6Rh7,
mp-569827,HgH8C2Br3N,
mp-31905,Ta2Mn4O9,
mp-580202,PbI2,
mp-540794,Ba3SrNb2O9,
mp-540795,Ba3SrTa2O9,
mp-554817,Ba3CaSb2O9,
mp-569862,Rb4P2Se9,
mp-558121,K4Ba(VS4)2,
mp-558125,BaTiO3,
mp-554823,Na2Sn(CO2)4,
mp-559745,SiAg8(SO2)2,
mp-558204,ErPH5CO7,
mp-554837,Ba3LiIr2O9,
mp-562041,BaCrO3,
mp-568726,Mo(SeCl6)2,
mp-581575,EuGeS3,
mp-562154,DyMnO3,
mp-559824,Au2Se3O10,
mp-554891,RbCoF3,
mp-558532,K2PtN3(ClO2)3,
mp-562387,Li6Tb2O7,
mp-568803,Mg(B6C)2,228.5489548
mp-554909,Ba3MgIr2O9,
mp-559852,CsUGa(PO5)2,
mp-558603,K2Si4O9,
mp-558624,Ba3LaRu2O9,
mp-540949,Ba3SrNb2O9,
mp-540950,Ba3SrTa2O9,
mp-555517,ErCu3Se2ClO8,
mp-1003769,Li3Mn4O8,
mp-558702,CsMnF3,
mp-555522,EuPH5CO7,
mp-582444,Os(SeCl6)2,
mp-540991,BaNi9As5,
mp-776456,Ti2O3,213
mp-706543,BaP2(HO2)4,
mp-616240,K2PtC4(SN)4,
mp-647340,Ba3Co10O17,
mp-781591,Li3Co2(SiO4)2,
mp-646633,V2Ni(PO5)2,
mp-781501,Li8CoO5F,
mp-772572,Rb6Co2O7,
mp-769618,Ni4P2O9,
mp-768518,LaAlO3,
mp-769596,Li3V3CrO8,
mp-652695,Re(SeCl6)2,
mp-769583,Li3VCr3O8,
mp-776271,Zr2N2O,
mp-781077,Fe5O7F3,
mp-781075,Fe5O7F3,
mp-769569,Li6MgNi7O16,
mp-776239,Zr2N2O,
mp-643430,Al2S3,
mp-776220,Hf2N2O,
mp-769108,NiP4,
mp-781954,Fe5(OF4)2,
mp-604613,La2Ga12Ni,
mp-769096,MnP4,118.7923707
mp-676865,BaGeO3,
mp-769008,Li4Bi3O8,
mp-781701,Fe10O9F11,
mp-769003,BaY3Cl11,
mp-764680,V3OF11,
mp-676684,Sr4Nb2O9,
mp-850981,V6O5F19,
mp-764527,Li8Fe(O2F)2,
mp-776405,Li6Sb2S7,
mp-753831,Cu2OF2,
mp-781375,Fe5O3F7,
mp-761631,Ti2Fe4O9,
mp-781127,Fe10O9F11,
mp-776273,Zr2N2O,
mp-763308,V6O5F19,
mp-628185,K3NaSn3Se8,
mp-698696,Ta2W2O11,
mp-675711,Li(Mo3S4)2,
mp-767951,V11NiO18,
mp-776245,Zr2N2O,
mp-768382,La2Al4O9,
mp-774394,Fe10O11F9,
mp-781061,V3OF11,
mp-761603,LiV(SiO3)2,
mp-763242,V6O5F19,
mp-778412,Co2O3F,
mp-774384,Fe10O11F9,
mp-763145,Co2OF3,
mp-781011,V3OF11,
mp-744948,FeH8(ClO2)2,
mp-776086,CaGeO3,
mp-776084,BaSiO3,
mp-776074,CaGeO3,
mp-753955,K3H8RhC4(ClO6)2,
mp-780914,Mn2OF3,
mp-753942,BaY3Br11,
mp-753854,Rb2PH3SeO8,
mp-774356,Li3Mn2(SiO4)2,
mp-774355,Li3Co2(SiO4)2,
mp-780893,Na6V2O7,
mp-765257,Li6V2O5F2,
mp-695325,Ti5ZnBi2(Pb2O9)2,
mp-764501,Na8FeO6,
mp-764500,Li8Fe(O2F)2,
mp-765672,V6O5F19,
mp-849453,Fe10O9F11,
mp-778275,Fe3Co7O20,
mp-774308,Fe5O7F3,
mp-662499,RbMgCl3,
mp-757981,Na2SnGe2(HO4)2,
mp-849419,Fe10O9F11,
mp-636934,Bi2O3,
mp-558959,CS5N5O3F,
mp-555596,K6Si2S6O,
mp-565246,Na2MnO2,
mp-570163,Tm4Mn4Sn7,
mp-541454,Rb2V4O9,
mp-569005,MoCl4,
mp-560049,CuSeO3,
mp-541162,Ba2Mg3F10,
mp-565358,V2Cd(PO5)2,
mp-6600,K2Zr(SiO3)3,
mp-676636,Ce9SmO20,
mp-565403,Ti2Fe(PO5)2,
mp-569193,Cs4P2Se9,
mp-565464,SrV2(PO5)2,
mp-541289,Y2S3,65.67999994
mp-541294,SrNi9P5,
mp-32491,Li4V3O8,
mp-555845,BaLiZr2F11,
mp-648411,BaCrO3,
mp-560228,K6Ti2O7,
mp-32711,SrBr2,
mp-541393,K3NaRe2O9,
mp-3281,Al5BO9,
mp-541485,Ba3CaRu2O9,
mp-19385,YMnO3,
mp-541581,KSO3,
mp-570544,Zr(SeCl6)2,
mp-560316,Hg3SO6,
mp-541720,Ba3DyRu2O9,
mp-541721,Ba3ErRu2O9,
mp-541743,Ba3YbRu2O9,
mp-541813,RbMgF3,
mp-542001,CeF4,
mp-542034,Pr5Co19B6,
mp-505807,Nd5Co21B4,
mp-542207,Ba3LiOs2O9,
mp-542208,Ba3NaOs2O9,
mp-565829,Cr2HgO7,
mp-570710,Ca3(Cu2Sn)4,
mp-566279,TmFeO3,163.4219227
mp-566831,Bi2Te2WO10,
mp-556797,K2Si3SnO9,
mp-566881,P2W2O11,
mp-566366,Cs2V4O9,
mp-566896,V2Ni(PO5)2,
mp-566430,Ba3ErMn2O9,
mp-556100,Si(Sn3O4)2,
mp-556458,BaCa(CO3)2,
mp-571020,CsMgH3,
mp-561170,Ba3ZrRu2O9,
mp-556488,RbNiF3,
mp-560792,K2Mo3O10,
mvc-11635,CaV2(PO5)2,
mp-566643,TmMnO3,
mvc-12113,Mn2Nb2Zn2O9,
mp-556523,LaPb6ClO7,
mp-556189,Ba3NiIr2O9,
mp-556539,BaSb2Xe5F22,
mp-571164,Rb3AgSn3Se8,
mp-556228,Na5Ca4P4O16F,
mp-560519,Ba3ScCO3F7,
mp-556602,Ba3BiRu2O9,
mp-556259,Ba3EuRu2O9,
mp-556258,Na3BeAl(SiO4)2,
mp-560570,Rb2NaAl6F21,
mp-571235,ZrI4,
mp-556305,NdPH5CO7,
mp-556657,GdPH5CO7,
mp-774395,Fe10O11F9,
mp-25719,Ba3NiRu2O9,
mp-18808,LuMnO3,
mp-19622,Ba3MnSb2O9,
mp-553999,Ba2Ni3F10,
mp-2654,Al2S3,32.5692102
mp-19691,Ba3NiSb2O9,
mp-1022733,Ba2NbFeO6,
mp-19697,Ba3NiSb2O9,
mp-18954,ScMnO3,
mp-556407,Ba3Bi2TeO9,
mp-3978,SrSiO3,
mp-19056,HoMnO3,
mp-19058,Ba3CoRu2O9,
mp-556719,K2Ti(SiO3)3,
mp-11638,Eu3(Cu2Sn)4,
mp-556726,Re2SCl12,
mp-4428,CaSiO3,75.48055826
mp-19141,K6Co2O7,34.71616727
mp-600038,SiO2,
mp-615503,CrPC5Br3O5,
mp-778451,Na6Sn2O7,
mp-778217,Fe2Co3O10,
mp-744322,CrH8(NO2)2,
mp-774385,Fe5(OF4)2,
mp-697127,K3HPdS2(ClO3)2,
mp-626835,H8PtO6,
mp-778420,Fe5O3F7,
mp-849375,Fe10O9F11,
mp-778369,V3OF11,
mp-768301,Ho2B4O9,
mp-849512,Na7V2O6,
mp-778364,Na6Ti2O7,46.4532364
mp-849360,LiV2CrO6,
mp-768280,Sm2B4O9,
mp-763003,LiMnF3,
mp-774359,V3OF11,
mp-757375,Ti2Sn3O10,
mp-626554,NaH9O5,
mp-849344,Li2Cr(CO3)3,
mp-867022,CaSnS3,
mp-773980,Bi3(TeCl5)2,
mp-696291,ZnH4(NO4)2,
mp-744639,Cr2Hg2H2O9,
mp-774171,Li3Mn2(SiO4)2,
mp-676329,Rb5Re3S7,
mp-623135,Bi3(TeCl5)2,
mp-757203,NaPH4SO8,
mp-626165,NaH9O5,
mp-768417,LaAlO3,
mp-849399,Mn2OF3,
mp-762907,Co2O3F,
mp-774106,Li3Fe2(SiO4)2,
mp-1020630,Rb2Na(NO3)3,
mp-849363,Fe10O9F11,
mp-654305,Tl2FeC5N6O,
mp-744081,K6W2N4O3,
mp-696283,H4S4N6O,
mp-849236,V6O5F19,
mp-757256,ZnH4(IO4)2,
mp-699208,Al2S3,
mp-662523,SrTeO3,
mp-697676,H2Pb4SO8,
mp-625501,NaH9O5,
mp-849412,V6O5F19,
mp-625455,NaH9O5,
mp-696066,Ba2Zn(HO)6,
mp-625230,Zn(HO)2,
mp-625272,Zn(HO)2,
mp-504795,Ca4Fe9O17,
mp-19217,ErMnO3,
mp-560638,Na2U2Si(O4F)2,
mp-19267,BaMnO3,
mp-25087,MoH8S2(NO)2,
mp-19356,YbMnO3,113.5406549
mp-510697,Zn5B3Rh7,
mp-25494,CoH8(BrO2)2,
mp-25531,FeH8(BrO2)2,
mp-17145,Ba3CuSb2O9,
mp-25568,LiMnH6O7,
mp-25583,MoH8(NO2)2,
mp-561065,MgTi2(PO5)2,
mp-25623,KVBP2HO9,
mp-561089,Ba3LaIr2O9,
mp-25676,BaCoBP2HO9,
mp-566123,Mn2Si2Pb2O9,
mp-540142,Mo2P2O11,
mp-540204,Co2P3O10,
mp-542122,Ba3LiRu2O9,
mp-542123,Ba3NaRu2O9,
mp-566199,V4HgO10,
mp-566257,Li4Mo3O8,
mp-566266,Nd2Mo(SeO5)2,
mp-571313,Hf(SeCl6)2,
mp-6694,Cs2Zr(SiO3)3,
mp-18634,CdSO3,
mp-562050,Cs2NaTiF6,
mvc-8553,MgTi2(PO5)2,
mvc-8609,MgSn2(PO5)2,
mvc-8595,Ti2Zn(PO5)2,
mvc-8639,MgBi2(PO5)2,
mvc-8630,CaTi2(PO5)2,
mvc-8632,MgSb2(PO5)2,
mvc-8644,ZnSn2(PO5)2,
mvc-8646,ZnBi2(PO5)2,
mvc-8687,CaSn2(PO5)2,
mvc-8692,CaSb2(PO5)2,
mvc-8702,ZnSb2(PO5)2,
mvc-8700,CaBi2(PO5)2,
mvc-8885,MgV2(PO5)2,
mvc-8904,V2Zn(PO5)2,
mvc-8980,Mn2Zn(PO5)2,
mvc-8998,ZnFe2(PO5)2,
mvc-9043,MgMo2(PO5)2,
mvc-9000,MgCo2(PO5)2,
mvc-9013,MgFe2(PO5)2,
mvc-9050,ZnP2(WO5)2,
mvc-9040,MgMn2(PO5)2,
mvc-9041,MgCr2(PO5)2,
mvc-9098,MgP2(WO5)2,
mvc-9053,MgNi2(PO5)2,
mvc-9049,ZnMo2(PO5)2,
mvc-9057,ZnCo2(PO5)2,
mvc-9048,ZnCr2(PO5)2,
mvc-9143,CaP2(WO5)2,
mvc-9088,ZnNi2(PO5)2,
mvc-9150,CaMo2(PO5)2,
mvc-9149,CaNi2(PO5)2,
mvc-9120,CaCo2(PO5)2,
mvc-9125,CaFe2(PO5)2,
mvc-9122,CaMn2(PO5)2,
mvc-9151,CaCr2(PO5)2,
mvc-16316,YMnO3,148
mvc-1639,AlV3Se2ClO8,
mvc-1694,AlNi3Se2ClO8,
mvc-1752,AlMo3Se2ClO8,
mvc-1805,YMo3Se2ClO8,
mvc-1755,AlFe3Se2ClO8,
mvc-2417,AlW3Se2ClO8,
mp-562335,Sr4Nb2O9,
mvc-1255,YSn3Se2ClO8,
mvc-1246,AlBi3Se2ClO8,
mvc-1256,AlSb3Se2ClO8,
mvc-1249,YBi3Se2ClO8,
mvc-1261,YSb3Se2ClO8,
mvc-1324,YMn3Se2ClO8,
mvc-1336,YCr3Se2ClO8,
mvc-1297,AlSn3Se2ClO8,
mvc-1403,YNi3Se2ClO8,
mvc-1467,YCo3Se2ClO8,
mvc-1473,YFe3Se2ClO8,
mvc-1474,YV3Se2ClO8,
mvc-1471,YTi3Se2ClO8,
mvc-1601,AlCo3Se2ClO8,
mvc-1472,Ti3AlSe2ClO8,
mvc-16101,Al4Bi2O9,
mp-644303,UW3O11,
mp-699431,AlH4(SeO4)2,
mp-644533,Yb2Ga10Ru3,
mp-694975,Ba3HoUFeO9,
mp-26532,Cu2P3O10,
mp-625238,Re2H4O9,
mp-625208,H8PtO6,
mp-625457,VHO3,
mp-781179,Fe10O9F11,
mp-757092,NdAl11O18,
mp-690559,NaLa2Ti2MnO9,
mp-690564,La2Mn3PbO9,
mp-776724,Li4Fe2OF8,
mp-16189,Tm4Zn5Ge6,
mp-16190,Lu4Zn5Ge6,
mp-13872,Cu8SiS6,
mp-10428,Cu8SiSe6,
mp-16600,Dy2B4O9,
mp-14237,YbBO3,
mp-12304,Sc11Ir4,
mp-12305,Sc11Os4,
mp-585414,Co2P3O10,
mp-669344,Ba3CuRu2O9,
mp-2234,Er2S3,69.01878466
mp-210,BaLi4,
mp-29450,CuSe3I,
mp-24361,CaP2(HO2)4,
mp-24364,CaAs2(HO2)4,
mp-29477,C2S7Cl6,
mp-28021,Sr5(Br4Cl)2,
mp-28037,Mo2SBr2,
mp-4307,BaIrO3,
mp-3404,RbSO3,
mp-19337,Ba3CoSb2O9,
mp-4400,Si2N2O,
mp-4429,CaSiO3,92.53968948
mp-16789,Yb2S3,
mp-16805,Cs2Ti(GeO3)3,
mp-16821,Ba3PrRu2O9,
mp-19603,Sr2Co(SeO3)3,
mp-29626,Na4Sn3S8,
mp-24811,KTiH2S2O9,
mp-24817,LiBeH3,
mp-16889,Na6Sn2Se7,
mp-16961,Na6Si2Se7,
mp-16977,Ti(MnP6)2,
mp-16978,Ba3MgSb2O9,
mp-28291,Ge(SF6)2,
mp-17008,CaTeO3,
mp-17020,TiTl2(GeO3)3,
mp-29708,Hf(Te4Cl3)2,
mp-17037,Rb2Ti(SiO3)3,
mp-562706,Ba3CuRu2O9,
mp-30890,Hg3SO6,
mp-17097,SrIrO3,
mp-4794,Sm2As4O9,
mp-29762,GdBO3,
mp-23032,CsCuCl3,
mp-17137,Ba3ZnRu2O9,
mp-4907,Na6Sn2S7,
mp-778034,Fe5O3F7,
mp-607239,RbNiF3,
mp-562532,Ba3NaIr2O9,
mp-653455,FeSO3,
mp-624620,CsMnF3,
mp-780899,V6O5F19,
mp-779185,Fe5O3F7,
mp-763953,V6O5F19,
mp-972384,V2Se2O11,
mp-18313,SrSiO3,
mp-622060,RbCoF3,
mp-706696,Ba2Ni3F10,
mp-636992,Ba3CoSb2O9,
mp-618867,MnAs2F12,
mp-562159,Cu3H2(CO4)2,
mp-646409,V2Co(PO5)2,
mp-769543,Li3Mn2(SiO4)2,
mp-684560,MoCl4,
mp-694955,NaLi2La3Ti6O18,
mp-569522,MnP4,137.2038863
mp-849379,Fe10O9F11,
mp-765700,V6O5F19,
mp-771703,LaAlO3,
mp-849431,Fe10O9F11,
mp-778080,BaY3F11,
mp-770226,Li3Cr3FeO8,
mp-720710,K3H2S2NO7,
mp-27195,In4Bi2S9,
mp-43,U,
mp-765945,Li2Mn4OF8,
mp-764374,Li2Mn4OF8,
mp-779393,LiV2P2HO9,
mvc-15217,Bi3(PO5)2,
mp-560192,TaP4(SCl)5,
mp-669560,K4Eu(PS4)2,
mp-625142,Re2H4O9,
mp-566655,Na2U(WO5)2,
mp-24384,CaH8(ClO2)2,
mp-645060,Ti2Co(PO5)2,
mp-778689,V6O5F19,
mp-769398,Na3IO,
mp-763208,Li3Fe2(BO4)2,
mp-723483,Sr2Zn(HO)6,
mp-695196,AsS2N2OF9,
mp-686037,U7Cd3O20,
mp-707440,Sr2Mg3H10,
mp-764852,V6O5F19,
mp-764557,V6O5F19,
mp-567401,Tb4Zn5Ge6,
mp-780931,LiMn2P2HO9,
mp-542794,Fe7S8,
mp-18474,Ag8GeSe6,
mp-780287,Li3Mn2(SiO4)2,
mp-1080207,Li3Mn4O8,
mp-559112,K2Zn6O7,
mp-21677,Ca3(InNi2)4,
mp-762723,Li3Fe2(SiO4)2,
mp-850411,Fe7S8,
mp-540692,Ba3SmIr2O9,
mp-973694,H8PdC2NCl3,
mp-5169,Cu4P2O9,
mp-25658,Co2P3O10,
mp-555174,BaTcO3,
mp-542983,MnPbO3,
mp-581370,YCu3Se2ClO8,
mp-540076,Li3MoP2O9,
mp-540458,Li3CrP2O9,
mp-31981,Mn2P3O10,
mp-568885,Ce2Ga12Pd,
mp-542939,Ba3ZnIr2O9,
mp-540498,Fe2P3O10,
mp-27812,RbTiI3,
mp-572807,NdCu3Se2ClO8,
mp-540454,Li3FeP2O9,
mp-556674,Ba3LuIr2O9,
mp-504787,NpF4,
mp-31635,Cr2P3O10,
mp-558577,FeSO3,
mp-20529,Ba3NaIr2O9,
mp-26248,Li4Cu(PO4)2,
mp-19427,Na7(CoO3)2,
mp-685128,Fe7S8,
mp-850111,Mo7S8,
mp-864802,NpF4,
mp-562171,KTiH2S2O9,
mp-25610,Ni2P3O10,
mp-562112,Sr7Re4O19,
mp-850128,Fe7S8,
mp-562080,UP2(PbO5)2,
mp-6816,Ti2Cu(PO5)2,
mp-505278,Zr9(NiP2)2,
mp-559601,LiH6ClO7,
mp-540493,Co2P3O10,
mp-561142,In4Bi2S9,
mp-743538,CrH18(O3F)3,
mp-674412,Ce8U2O21,
mp-29953,Na2B29,
mp-754856,Li7Y7ZrS16,
mp-675509,Mg4(BiO2)9,
mp-675060,In8Cu7Se16,
mp-684964,Cu11S20,
mp-765416,Li2Fe2Si8O19,
mp-743783,CoP4(H5O8)2,
mp-764295,Na4(NiO2)9,
mp-645893,Ce6In14Pt11,
mp-865564,Tl2CoP4(HO2)8,
mp-975505,Rb2CoP4(HO2)8,
mp-6238,Ba2Ta6Te2O21,
mp-626827,Fe4H14O13,
mp-769526,Li7MgNi7O16,
mp-775539,K11Mn4O16,
mp-780332,Li2VP4(HO2)8,
mp-764404,K2NiP4(HO2)8,
mp-767753,Li2Fe2Si8O19,
mp-705551,Fe15O16,
mp-761348,Li7Fe7SiO16,
mp-743567,Li2Ti4Ni(PO5)4,
mp-642254,Tl2V8O21,
mp-641959,K2V8O21,
mp-1099229,CsRbMg14O15,
mp-863025,Rb2MgP4(HO2)8,
mp-866620,Cs2MgP4(HO2)8,
mp-682548,Cs5Te3H4NCl18,
mp-623165,Cs2Ce10Os2I17,
mp-766752,Li7Fe7SiO16,
mp-677467,Rb5Te3H4NCl18,
mp-691131,Bi6W4O21,
mp-867673,Na3(Pt3O4)4,
mp-634984,Mg5(Si8Pd5)2,
mp-27261,Ba7(BIr)12,
mp-1099231,CsRbMg14O15,
mp-1094137,Ni15Cl16,
mp-30324,Mg5(Si8Pt5)2,
mp-542522,Bi14PdBr16,
mp-559127,K2Zn2Si8O19,
mp-559150,Na9ZrP4ClO16,
mp-705519,Ni15O16,169
mp-763674,K8Li3(FeO4)4,
mp-554084,BaBi6(PO5)4,
mp-557991,H12Pd(N5O4)2,
mp-570039,La12Fe2I17,
mp-555528,Ca2Th(Si2O5)4,
mp-849673,Li17Cr2O12,
mp-699543,Na2Co5Mo4(ClO4)4,
mp-758269,Ba8In6O17,
mp-761622,Li7Fe7SiO16,
mp-675781,Cu3(Mo3S4)4,
mp-744672,Ca2Mn2Si4H6O17,
mp-745163,Mn2Cu5P4(HO9)2,
mp-673683,Sn16P15,
mp-541087,CuAs4(H5O8)2,
mp-866658,H16RhN5(Cl2O)3,
mp-570462,Pr12Fe2I17,
mp-32697,Y10H21,
mp-505619,Ce11O20,
mp-505697,Bi6P4PbO20,
mp-684907,U12O19,
mp-565761,SrV4(Bi3O10)2,
mp-556069,Tb11O20,
mp-556842,CuH12(N5O4)2,
mp-698312,K4H4PtC6S2(NO6)2,
mp-1099260,CsMg14BO15,
mp-30082,Ni19Ge12,
mp-626855,Fe4H14O13,
mp-626851,Fe4H14O13,
mp-782640,K8Li3Cr4O16,
mp-645953,Fe5Te6(ClO9)2,
mp-757470,K2ZnP4(HO2)8,
mp-1034839,RbNaMg14O15,
mp-1034797,RbNaMg14O15,
mp-1034771,CsHfMg14O15,
mp-1034744,NaMg14BO15,
mp-1034663,RbNaMg14O15,
mp-1034649,NaMg14BO15,
mp-1034638,NaMg14BO15,
mp-1034637,CsNaMg14O15,
mp-1034618,NaMg14BO15,
mp-1034563,RbNaMg14O15,
mp-1035753,KHfMg14O15,
mp-1035752,KHfMg14O15,
mp-1035724,KHfMg14O15,
mp-1034380,NaHfMg14O15,
mp-1034374,RbMg14BO15,
mp-1035690,RbLiMg14O15,
mp-1035645,KMg14BO15,
mp-1034284,RbMg14BO15,
mp-1034270,RbMg14BO15,
mp-1035562,CsLiMg14O15,
mp-1034243,RbMg14BO15,
mp-1034241,NaHfMg14O15,
mp-1034229,NaHfMg14O15,
mp-1034225,NaHfMg14O15,
mp-1034206,RbHfMg14O15,
mp-1035523,KHfMg14O15,
mp-1035484,LiMg14BO15,
mp-1035479,RbLiMg14O15,
mp-1035470,RbLiMg14O15,
mp-1034150,KRbMg14O15,
mp-743890,Mn4Si4SnB2(HO9)2,
mp-1035441,CsLiMg14O15,
mp-1035418,NaLiMg14O15,
mp-1035407,RbLiMg14O15,
mp-1035403,NaLiMg14O15,
mp-1034098,KRbMg14O15,
mp-1035394,NaLiMg14O15,
mp-1035354,LiMg14BO15,
mp-1035353,LiMg14BO15,
mvc-16492,Mg3(Mo3Se4)4,
mp-771050,Li7MgNi7O16,
mp-1035344,LiMg14BO15,
mp-1034045,RbHfMg14O15,
mp-1034041,KLiMg14O15,
mp-757077,Li2Cu2Si8O19,
mp-1034028,KLiMg14O15,
mp-1034015,KNaMg14O15,
mp-1034014,KLiMg14O15,
mp-1034013,KLiMg14O15,
mp-1034001,KRbMg14O15,
mp-1033983,RbHfMg14O15,
mp-1033980,KNaMg14O15,
mp-1033978,KRbMg14O15,
mp-1033973,KNaMg14O15,
mp-1033946,KNaMg14O15,
mp-1033938,CsKMg14O15,
mp-1035212,LiHfMg14O15,
mp-1033909,HfMg14BO15,
mp-1033841,HfMg14BO15,
mp-1035025,LiHfMg14O15,
mp-1035023,LiHfMg14O15,
mp-1035011,LiHfMg14O15,
mp-1033737,HfMg14BO15,
mp-1033729,HfMg14BO15,
mp-1034945,RbHfMg14O15,
mp-1034901,CsNaMg14O15,
mp-1034881,CsNaMg14O15,
mp-690528,Li7(NiO2)8,
mp-690570,Ni4(BiO2)9,
mvc-16032,Ca7(TiS2)8,
mp-690584,Fe7(PO5)4,
mp-691155,Ni15O16,
mp-1099228,RbHfMg14O15,
mp-16998,Ba2Nb6Te2O21,
mp-561005,SrBi6(PO5)4,
mp-1098062,CsHfMg14O15,
mp-1099247,CsHfMg14O15,
mp-1098090,CsRbMg14O15,
mp-1098087,CsHfMg14O15,
mp-1099212,RbLiMg14O15,
mp-1098064,CsHfMg14O15,
mp-759946,Sc16O15,
mvc-16369,CaBi6(PO5)4,
mp-17987,Tb11O20,
mp-585261,LiMo4(P2O11)2,
mp-1035393,NaLiMg14O15,
mp-530081,Mo15N16,
mp-33255,Ni15O16,
mp-1035680,KMg14BO15,
mp-1035758,KMg14BO15,
mp-1035836,KMg14BO15,
mp-1035964,CsKMg14O15,
mp-695751,LiMo4(P2O11)2,
mp-1100319,Ni15O16,
mp-703682,GdMn2O5,
mp-673635,Fe3N,199.6106069
mp-8204,LiAlB14,
mp-6896,Rb2NaCo(CN)6,
mp-768517,Tm2GeO5,
mp-764957,Li2CoSiO4,
mp-556747,Ag3SNO3,
mp-698647,LiVO2,
mp-768423,Li3VS4,
mp-1099197,KMg14WO16,
mp-758793,Li2CuSiO4,
mp-758325,Li2CuSiO4,
mp-767668,Li9Fe5(SiO8)2,
mp-644118,H5N2Cl,
mp-767661,Li2VF5,
mp-767660,LiMnCO3F2,
mp-782667,Li2MnSiO4,
mp-767648,Li2SiNiO4,
mp-767640,LiFeCO3F2,
mp-767637,LiCrCO3F2,
mp-768059,Li7Ni9O16,
mp-984604,TiPHO5,
mp-980420,Ti3Si,
mp-703291,Ba3CuP2Br3O7,
mp-699460,KLiH4S2(NO3)2,
mp-866847,CaSn2S5,
mp-778533,Li2MnF5,
mp-758554,Li2AgF5,
mp-9622,Tl4SnS3,
mp-764917,Li3VO3F,
mp-764908,Li3VO3F,
mp-982385,Np3S5,73.53870788
mp-985277,Ce2USe5,
mp-765955,Li2CuSiO4,
mp-866617,Cs2Sr2(CO3)3,
mp-777684,LiFe2F5,
mp-765512,Li2CuF5,
mp-765400,Li3Cr(CO3)3,
mp-767624,Li9V5(SiO8)2,
mp-1016111,MnHO2,
mp-672256,Y5Ga3,
mp-696987,CsH(CO2)2,
mp-672217,La5Ga3,
mp-672205,Ce(C2N3)3,
mp-752554,Y2HfO5,
mp-766743,LiCo15O16,
mp-6668,LiTiPO5,96.00202949
mp-6622,BaNd2Ti3O10,
mp-765674,Na9Ni7O16,
mp-777226,Li2MnVP2(O4F)2,
mp-980066,Sm2(CuAs)3,
mp-675042,Mg2TiO,
mp-984519,NaAsSe2,
mp-759900,K2LiNbO4,
mp-759866,TeH3CCl3,
mp-776788,Li2MnVP2(O4F)2,
mp-758989,P2HNF4,
mvc-12807,CaMnFeO5,
mp-772812,Lu2GeO5,
mp-1099069,YMg14MnO16,
mp-1099136,Mg14MnBiO16,
mp-764298,Na5(NiO2)9,
mp-669318,Eu5Si(Cl3O2)2,
mp-764296,V2OF5,
mp-1099036,CaMg14VO16,
mp-781289,NaV13O18,
mp-763309,Li2CoSiO4,
mp-780900,LiMn3(BO3)3,
mp-764127,Cr4OF11,
mp-1099026,CaMg14FeO16,
mp-1099013,Mg14AlBiO16,
mp-1099222,CsMg14CrO16,
mp-763974,Li8TiNi7O16,
mp-6596,MgAlPO5,
mp-96,S,
mp-9880,YB2C,177.1439485
mp-978785,Si4MoPt3,
mp-762683,LiMnPO4F,
mp-646320,Li2FeSiO4,
mp-6456,LiNbGeO5,
mp-762554,Li2FeSiO4,
mp-1099061,Mg14MnCoO16,
mp-8597,ScB2C,
mp-643629,Sr2YCu3(PbO4)2,
mp-1098988,Mg14AlCoO16,
mp-780362,La(ClO4)3,
mp-859799,Li9Si2Ni5O16,
mp-763231,Cr4OF11,
mp-6426,Na2MgSiO4,
mp-861251,Li9Mn5(SiO8)2,
mp-641018,CsK5Zn4Sn5S17,
mp-714914,V3O5,
mp-1099220,CsMg14WO16,
mp-771121,La2HfO5,
mp-695892,KH(IF6)2,
mvc-5864,MgMoAsO5,
mvc-5827,ZnNiAsO5,
mvc-5813,CaFeAsO5,
mp-1099059,Mg14MnNiO16,
mvc-5769,VZnAsO5,
mvc-5763,MnZnAsO5,
mvc-5747,MgMnAsO5,
mvc-5726,ZnCrAsO5,
mvc-5683,CaNiAsO5,
mvc-5656,CaCoAsO5,
mvc-5650,MgSbAsO5,
mvc-5617,MgNiAsO5,
mp-770654,Li2BSbO4,
mvc-5587,CaMnAsO5,
mvc-5565,MgCrAsO5,
mvc-5561,CaCrAsO5,
mvc-5557,MgCoAsO5,
mvc-5541,ZnCuAsO5,
mvc-5538,MgBiAsO5,
mvc-5500,TiZnAsO5,
mvc-5455,ZnAgAsO5,
mp-762400,Li2CrSiO4,
mvc-11274,CaCoN2,
mvc-5438,MgTiAsO5,
mvc-5380,CaAgAsO5,
mvc-5377,MgAgAsO5,
mp-867934,KF3,
mvc-5282,MgCuAsO5,
mp-867713,Eu2SiO5,
mp-294,UO3,
mp-619461,WO3,
mp-3079,CaTa4O11,
mp-1099122,SrMg14MnO16,
mp-1099023,CaMg14FeO16,
mp-868302,Li3Co13O16,
mp-637267,Eu(C2N3)3,
mp-780524,LiMn3(BO3)3,
mp-770189,Gd2TiO5,
mp-6358,NaTiPO5,
mp-762316,Li2CrSiO4,
mp-6442,LiAl(Si2O5)2,
mp-762298,Li2CrSiO4,
mp-769619,Ni2PO5,
mp-976401,Ge3Rh2Se3,
mp-641962,KAuC2(SN)2,
mp-861468,LiFe(Si2O5)2,
mp-771449,Mn2PO5,
mp-868004,LiNi2P3O10,
mp-6246,Ca2CO3F2,
mp-640383,Ho5NiSb2,
mp-6330,RbUN3O11,
mp-622520,EuMn2O5,
mvc-5804,CaAsWO5,
mvc-5706,ZnSnAsO5,
mp-705511,Ce8Fe8As8O7F,
mp-779370,V4(OF3)3,
mvc-5576,CaVAsO5,
mp-6109,CaTiSiO5,
mvc-5477,CaSnAsO5,
mp-705458,SrNd7Fe8(AsO)8,
mp-639805,Ta3Ge,
mvc-5383,CaTiAsO5,
mp-769338,SbN3(O3F)3,
mp-977371,PW4Cl11,
mp-6055,Sm2SiTeO4,
mp-1100744,Li9Mn2Co5O16,
mp-985583,Li3PS4,21.46618904
mp-762176,Li3Mn(CO3)3,
mp-985298,Ce2HfS5,
mp-638002,BaV13O18,
mp-853204,Li2MnSiO4,
mp-5142,Sn3Te3Ir2,
mp-866806,TbAgH2C2SO9,
mp-866739,RbMnP3HO10,
mp-3151,Li3TaO4,
mp-5094,Co2(GeSe)3,
mp-5746,MgTe2O5,
mp-657985,Ce5C2Cl9,
mp-2878,Li3PO4,
mp-866657,DyAgH2C2SO9,
mp-649419,Sr2(PPd)3,
mp-77,S,
mp-769999,Li4Cr3NiO8,
mp-1099124,NaMg14MnO16,
mp-1099008,HfMg14AlO16,
mp-1099162,YMg14VO16,
mp-1099048,CaHfMg14O16,
mp-1099165,YMg14VO16,
mp-866468,CrH9(BrN)3,
mp-769719,Li4Cr3NiO8,
mp-684965,ZrSe,
mp-771814,CaPbI6,
mp-633655,Rb5Si2NiO8,
mp-771691,CaPbI6,
mp-6219,K3Co(CN)6,
mp-863298,Ba2VP2O11,
mvc-15289,Ba3Al2(Sb2O7)3,
mvc-14421,BaCa(CoN2)2,
mp-985477,AlTlS2,
mvc-12321,CaSb2S5,
mp-3719,Rb3NbS4,
mp-1098981,Mg14MnAlO16,
mp-5152,La2SiO5,98.22177232
mp-631247,LiVTeO5,
mp-3797,K3AsS4,
mp-5704,Tl3AsS4,
mp-3768,KN3O4,
mp-1036556,Mg14AlCuO16,
mp-3075,TlGeS2,
mp-763493,Li2VP3O10,
mp-1098977,Mg14AlFeO16,
mp-18684,KPF6,
mp-648448,Eu2GeO5,
mp-628216,Cs2KMn(CN)6,
mp-624187,Y5Bi3,
mp-617407,Na2EuCl5,
mp-608354,OsC3IO3,
mp-775612,Na4MnO3,
mp-764790,Li2FeSiO4,
mp-780510,LiMn3(BO3)3,
mp-972470,V2Cu3Pb(ClO4)2,
mp-780392,Li5Cu(PO4)2,
mp-780327,LiMn3(BO3)3,
mp-780321,Li3Cu3(PO4)2,
mp-764766,Li2VOF4,
mp-780320,LiMn3(BO3)3,
mp-764761,Li2VOF4,
mp-764494,Li2VFeP2(O4F)2,
mp-769310,SiBi2O5,
mp-976313,K3V(SO5)2,
mp-780237,Li3Cu3(PO4)2,
mp-764471,V4O5F7,
mp-780216,Li5Fe3O8,
mp-1099151,YMg14FeO16,
mp-6899,CaBePO4F,
mp-769004,Li3BiO4,
mp-775454,Li2MnSiO4,
mp-780195,LiVP3HO10,
mp-767860,Li2SiNiO4,
mp-772430,Li2AlFeO4,
mp-767851,Li2SiNiO4,
mp-780158,Cr4OF11,
mp-767837,LiVCO3F2,
mp-767806,VO2F,
mp-780123,LiMn3(BO3)3,
mp-764367,V2OF5,
mp-975924,Ge3Ir2Se3,
mp-780114,LiVSiO5,
mp-764346,Li2FeSiO4,
mp-764340,Li2FeSiO4,
mp-40374,Na6TiMn(SiO3)6,
mp-704836,CaTiSiO5,
mp-776821,Li2MnF5,
mp-776816,Li2FeF5,
mp-769152,Sc(ClO4)3,
mp-776815,LiFe2F5,
mp-690711,TlP(HO2)2,
mp-767600,Li2MnF5,
mp-767598,LiVPO5,
mp-693892,Sr2CrClO4,
mp-639714,TlVTeO5,
mp-767605,Li2VF5,
mp-764270,Na3Ni5O8,
mp-752717,La2SiO5,
mp-767596,Li2VSiO4,
mp-771377,Li4AlCr3O8,
mp-652046,Re3S4Br,
mp-764837,Li2VOF4,
mvc-6096,MgSnAsO5,
mp-764187,V4OF11,
mp-762049,LiCu2PO4,
mp-762048,Li3V(CO3)3,
mp-767572,Li2MnF5,
mp-771413,Li3CrO4,
mp-771412,Li2CoBO4,
mp-771410,Li2MnBO4,
mp-771409,Li2FeBO4,
mp-1099137,HfMg14MnO16,
mp-771404,Li2NiBO4,
mp-767557,Li3Mn(OF)2,
mp-779916,Li2CuPO4,
mp-761981,Li2FeCO4,
mp-650026,PrIn2Cl5,
mp-676864,K3Nd3I10,
mp-861714,Li2VCrP2(O4F)2,
mp-767479,Li2V2SiGeO10,
mp-740930,LaP3(HO)6,
mp-752405,Dy2SiO5,
mp-868375,LiFePO5,
mp-752579,Tm2TiO5,
mp-560297,LiTaSiO5,
mp-861603,Li2SiNiO4,
mp-752453,Sm2TiO5,
mp-743619,CoH6C2S2N2O3,
mp-761419,Li9Cr5(SiO8)2,
mp-775216,LiVTeO5,
mp-779643,Li2CuPO4,
mp-779641,LiCu5(PO4)2,
mp-867966,Eu2SiO5,
mp-779588,LiCu2PO4,
mp-779579,LiCu5(PO4)2,
mp-752414,Tb2TiO5,
mp-763972,Cr4OF11,
mp-684592,HN,
mp-779472,Li5Cu(PO4)2,
mp-641965,RbAuC2(SN)2,
mp-859100,Li2CuF5,
mp-779363,Cr4OF11,
mp-770867,Li2VBO4,
mp-685049,IF7,
mp-641565,Er5Sb3,
mp-779347,V4OF11,
mp-1099007,HfMg14AlO16,
mp-779276,LiCu5(PO4)2,
mp-642655,K2GdF5,
mp-760786,Li2Cu3F11,
mp-765878,Li2NiP3O10,
mp-770816,Dy2TiO5,
mp-770806,Sm2TiO5,
mp-763877,Li2VCrP2(O4F)2,
mp-779241,LiCu5(PO4)2,
mp-684640,MoCl3,
mp-640357,Al2SiO5,
mp-761299,Li2CoBO4,
mp-640340,Ca4MgAl3,
mp-761292,Li2FeBO4,
mp-761287,Ca2WO5,
mp-18043,Sr6YSc(BO3)6,
mp-770754,Ho(ClO4)3,
mp-761286,Li2FeBO4,
mp-1099040,CaMg14CoO16,
mp-642157,V2Cu3Pb(ClO4)2,
mp-770733,Li2AlFeO4,
mp-774050,V4OF11,
mp-1099018,Mg14AlCO16,
mp-638261,La2GeO5,
mp-867649,LiTi(Si2O5)2,
mp-770707,Li2AlFeO4,
mp-770704,Li2AlFeO4,
mp-760927,NaTiPO5,
mp-770702,Li2AlFeO4,
mp-770698,Li2AlFeO4,
mp-867590,LiCu2F5,
mp-779305,Li2FeBO4,
mp-774859,LiNbPO5,
mp-770687,LiCr2O5,
mp-1036216,CaMg14CdO16,
mp-760798,Li2CuF5,
mp-1035429,Mg14TiCuO16,
mp-763898,NaVPO5,
mp-763876,Li2MnSiO4,
mp-637336,NaSbMoO5,
mp-774567,Er2TiO5,
mp-770629,Li2AlFeO4,
mp-778949,Li2CuPO4,
mp-774462,LiFePO5,
mp-770610,Li2AlCoO4,
mp-774433,LiMnPO5,
mp-680646,NiSn,
mp-680570,Ti5P3,
mp-779165,Li2MnF5,
mp-759915,Li2BiP3O10,
mp-773910,Er2GeO5,
mp-984332,Rb2Sr2(CO3)3,
mp-769399,BaTa4O11,
mp-866481,Co2(SnTe)3,
mp-866482,CsSi,
mp-705338,FeCoPO4F,
mp-763699,LiMn5O10,
mp-866313,Ba3In(BO3)3,
mp-766855,BaH9IO5,
mp-766989,LiFe(Si2O5)2,
mp-770553,Li2AlCoO4,
mp-770551,Li2MnAlO4,
mp-770550,Li2AlCoO4,
mp-770547,Mn2PO5,
mp-770541,Mn2PO5,
mp-770540,Mn2PO5,
mp-770538,Mn2PO5,
mp-637389,Na3VS3O,
mp-779046,Li5Cu(PO4)2,
mp-766942,Li2MnF5,
mp-34763,NaAlB14,
mp-770409,Tm2GeO5,
mp-770522,Li2AlVO4,
mp-770519,Li2AlVO4,
mp-759720,LiCuO2,
mp-764473,NaCo3O4,
mp-778899,LiCrPO5,
mp-627409,Ce5C2Cl9,
mp-778772,Li3Cu3(PO4)2,
mp-773887,TiBi2O5,
mp-778878,BaLi4O3,
mp-766753,LiSi4NiO10,
mp-699284,Li2HN,
mp-863868,Li2VF5,
mp-853251,LiVP3HO10,
mp-778739,LiCu5(PO4)2,
mp-557225,Cu6GeWS8,
mp-770400,Li2AlNiO4,
mp-763645,Li2FeSiO4,
mp-722910,K2B6H5NO2,
mp-770336,Li4Cr3GaO8,
mp-722348,RbP(HO2)2,
mp-766669,LiMn2F5,
mp-766764,Li2VOF4,
mp-770379,Tm2GeO5,
mp-853274,Li2AlCoO4,
mp-770360,Li2AlVO4,
mp-770311,Li4AlCr3O8,
mp-770357,Li2AlNiO4,
mp-770355,Li4Cr3CoO8,
mp-766741,LiFePO5,
mp-770306,Li4Cr3GaO8,
mp-778743,Li5Cu(PO4)2,
mp-770297,Li4Cr3NiO8,
mp-766723,CoTe2O5,
mp-995226,H2CO,
mp-770334,Li2VBO4,
mp-766602,V4OF11,
mp-770346,Li2VBO4,
mp-770328,Li4Cr3FeO8,
mp-766641,Li3Fe(CO3)3,
mp-770277,Li4Cr3GaO8,
mp-778661,LiCu5(PO4)2,
mp-759302,Yb2TiO5,
mp-770303,Li4Cr3FeO8,
mp-763544,LiVPO5,
mp-770249,Li4Cr3NiO8,
mp-721896,H4CSN2,
mp-770241,Li4Cr3GaO8,
mp-770240,Li4AlCr3O8,
mp-770264,Li4Cr3CoO8,
mp-770257,Li4Cr3FeO8,
mp-770255,Li4Cr3CoO8,
mp-770236,Li4Cr3GaO8,
mp-763520,LiPWO5,
mp-677238,Th10N9F13,
mp-766422,Li3BiS4,
mp-758907,CrH18I7N6,
mp-770234,Li4Cr3CoO8,
mp-770231,Li4Cr3NiO8,
mp-770230,Li4CrFe3O8,
mp-773517,ScMn2O5,
mp-677055,ScCuSe2,
mp-763512,Li2CoSiO4,
mp-770224,Li4Cr3FeO8,
mp-721246,Sr6CoC2N7,
mp-554065,La2RuO5,
mp-763485,Li2CoSiO4,
mp-758758,Li2CuSiO4,
mp-773438,Li5Cu(PO4)2,
mp-758743,Li2CuSiO4,
mp-763474,LiPWO5,
mp-851015,LiMn3(BO3)3,
mp-763473,Li2FeCo9O20,
mp-851011,LiMnP3HO10,
mp-758708,Li2CuSiO4,
mp-763470,Li2CoSiO4,
mp-763465,Li2CoSiO4,
mp-766170,Li9Ti5(SiO8)2,
mp-758587,Li2CuPO4,
mp-770151,Li2VBO4,
mp-767401,Gd2AsO5,
mp-770145,Li4CrFe3O8,
mp-763437,LiWF6,
mp-758435,Li2CuSiO4,
mp-603263,BaFe(Si2O5)2,
mp-758450,LiCu3(CO3)3,
mp-777710,LiMn2F5,
mp-763388,Li4VP2O9,
mp-758311,Li2CuSiO4,
mp-770085,Li4Cr3FeO8,
mp-770076,Li4CrFe3O8,
mp-763363,LiPWO5,
mp-763354,LiVPO5,
mp-777667,LiV2O5,74.19521091
mp-625109,H5NO2,
mp-625108,H5NO2,
mp-850950,LiMn3(BO3)3,
mp-770091,Li4AlCr3O8,
mp-779456,Y2ReO5,
mp-540850,TlPF6,
mp-681150,Pu5Rh3,
mp-680561,U5Re3C8,
mp-766057,V4OF11,
mp-628690,SbN6Cl,
mp-777631,LiMn2F5,
mp-770426,Ho(ClO4)3,
mp-23146,TlZnSClO4,
mp-29839,Bi2SeO5,
mp-17254,TlGaSe2,
mp-4988,TlAsS2,
mp-29853,HgCN2,
mp-28496,K2UCl5,
mp-17282,SrTh2Se5,
mp-17283,K3NbSe4,
mp-17288,Li2ZnSiO4,
mp-1099029,CaMg14MnO16,
mp-29878,Re2PCl13,
mp-29887,Pr(ClO4)3,
mp-26247,Li5Cu(PO4)2,
mp-29888,Er(ClO4)3,
mp-5040,CaTe2O5,
mp-28536,BaSe2O5,
mp-27192,CsBe2F5,
mp-26311,Li5Cu(PO4)2,
mp-29912,Sb2MoSe,
mp-17366,Ho2SiSO4,
mp-28563,CsAsSe2,
mp-17371,K2ErF5,
mp-28562,RbAsSe2,
mp-31043,H5NF2,28.97516212
mp-2994,Co2(GeTe)3,
mp-21525,RbPb,
mp-28574,KPbO2,
mp-21526,KPb,
mp-31067,Nd(ClO4)3,
mp-21538,Ba5Ge3,
mp-28583,Si2NCl5,
mp-26695,Li2CuPO4,
mp-17434,K2SmF5,
mp-29988,CsPd2Cl5,
mp-26875,Li2CuPO4,
mp-23333,Hg3Cl4O,
mp-23334,Bi2TeO5,
mp-31104,KBi,
mp-17466,Hf5Sb3,
mp-31105,RbBi,
mp-28639,Tl2GeTe5,
mp-28641,ThB2O5,
mp-504476,Cu2PO4F,
mp-504502,Ta3P,
mp-21598,SiNi2As,
mp-17509,Rb2NaCr(CN)6,
mp-23398,BClF6,
mp-27145,Ca5Bi3,32.22272088
mp-985707,CoSn3,
mp-21651,Ce5Ge2Ru,
mp-27162,Sc3Co,
mp-21657,Tl5Se3,
mp-21658,Sm5Ga3,
mp-17559,Y2TiO5,
mp-28701,CsSbS6,
mp-30054,CS2N,
mp-17564,Ca5Sb3,
mp-28710,BaGe2S5,
mp-27185,KTh6F25,
mp-27187,Be2TlF5,
mp-20209,Eu2ReO5,
mp-27213,AuBr3,
mp-30107,RbNb4Cl11,
mp-17633,Er2SiSeO4,
mp-17637,USO6,
mp-17638,Rb3SbSe4,
mp-30119,Cs3AsO4,
mp-17650,KGaS2,
mp-3468,NaAsO2,
mp-27241,K2SbCl5,
mp-28758,KPd2F5,
mp-23553,GeBi2O5,
mp-27247,Na3NbO4,
mp-23567,CuHgSCl,
mp-17676,Sr2SnS3F2,
mp-780889,LiMnP3HO10,
mp-28776,K2UBr5,
mp-859118,LiAgF6,
mp-30158,Sr3Ga4O9,
mp-17688,CsGaTe2,
mp-27283,TlPb2Cl5,
mp-17702,Yb2SiO5,80.86346157
mp-17709,Na2ZnSiO4,
mp-23674,NaH4BrO2,
mp-17741,Sm2ReO5,
mp-28836,TeCF2,
mp-17750,Pr2SiTeO4,
mp-27322,Nb2Te3O11,
mp-17784,CaTiGeO5,
mp-23723,K2CaH2S2O9,
mp-30220,Ba3P3I2,
mp-505002,Sc5As3,
mp-28867,Ba7Ir6O19,
mp-28869,Ga3B4Pt9,
mp-27351,SbN3Cl4,
mp-28881,Rb2UCl5,
mp-17805,Ba2SnSe3F2,
mp-28885,PSe,
mp-17811,Cs3SbSe4,
mp-17812,Sm2SiTeO4,
mp-505081,Ti2NiP5,
mp-3520,Y2SiO5,
mp-17823,Tl3B3S10,
mp-23792,NaCa2Si3HO9,
mp-17834,La2SiSeO4,
mp-28920,Tl5Se2Cl,
mp-3529,K3VS4,
mp-17861,Tm3Sb,
mp-23831,NdHSO5,
mp-30285,Sb2MoS,
mp-28947,NaSn2Cl5,
mp-3031,BaSi2O5,56.13687508
mp-505177,TiIn2O5,
mp-23893,H5BrNO,
mp-23894,LiAs(HO2)2,
mp-23902,PH3O4,
mp-17904,Nd2TiO5,
mp-505203,Mn3Se3O10,
mp-17913,Tb2SiSeO4,
mp-28993,La(AuF4)3,
mp-23930,H4CSN2,
mp-29002,SrMgSi2,
mp-31313,K3PSe4,
mp-31320,Nd(C2N3)3,
mp-17945,RbPSe6,
mp-31321,La(C2N3)3,
mp-558082,Li5GaO2,
mp-17956,Ca2UO5,
mp-17959,Nd2SiTeO4,
mp-505281,CsSbS6(O3F)6,
mp-17965,KGaTe2,
mp-505286,Rb2NaFe(CN)6,
mp-30408,MgAu3,111.0000817
mp-505321,CsNb(CuTe2)2,
mp-17989,K3PS4,
mp-505322,CsTa(CuTe2)2,
mp-27548,CuTe2O5,
mp-505390,Ba2ReO5,
mp-18051,La2TiO5,
mp-29109,SiI3,
mp-18089,Sr2HoCu3(PbO4)2,
mp-18090,Ba3TaAs3O,
mp-18111,Ba2LaC3O9F,
mp-24215,ScH3Br3N,
mp-18148,K3TaS4,
mp-505528,Nb3P,
mp-30424,Zn3Au,
mp-505539,Cr5As3,
mp-24263,KP(HO2)2,
mp-505541,V5As3,
mp-18177,Ba3NbAs3O,
mp-30522,Nd5Ir3,
mp-766437,MgTi5O10,
mp-29178,TePbF6,
mp-30523,Ta3As,
mp-18197,Na2BeGeO4,
mp-18199,Sr3TaAs3O,
mp-18219,Dy2SiSeO4,
mp-1036585,Mg14AlCrO16,
mp-27727,CCl2O,
mp-18262,HoAgS2,
mp-27735,GaSbCl6,
mp-18305,Rb3AsSe4,
mp-27786,SbAs2Cl13,
mp-22447,Zr3P,125
mp-18350,V3P,
mp-18347,KAlTe2,
mp-18822,Mn2PO4F,
mp-18373,ZnSe2O5,
mp-18383,K3NbS4,
mp-29333,Rb2PuCl5,
mp-18466,Nd2SiSeO4,
mp-18471,Sr2UO5,
mp-22536,U3S5,
mp-31463,Tb5Bi3,
mp-27896,BF3,
mp-31464,Dy5Bi3,
mp-31465,Ho5Bi3,
mp-31466,Er5Bi3,
mp-18542,Nd2SiTeO4,
mp-18584,Ho2SiSeO4,
mp-18610,Sm2SiSeO4,
mp-18625,KPSe6,
mp-31481,Ca3Ga3Ir2,
mp-31488,Li3NbO4,
mp-31489,PNF2,
mp-31508,KPb2Br5,
mp-4016,TlGaS2,
mp-18958,UMoO6,
mp-4160,Tl3PSe4,
mp-30677,Tm3Ga5,
mp-510452,CeHSO5,
mp-556894,Rb2SbAuS4,
mp-542570,AsSe,
mp-569209,SbAsPCl13,
mp-542604,AsS,
mp-542605,Se,
mp-567092,Cr2PIO4,
mp-569221,Sm(C2N3)3,
mp-554950,Hg3SbAsS3,
mp-542635,SeN,
mp-542663,Ce2SiTeO4,
mp-542664,Ce2SiSeO4,
mp-505759,Zr5Sb3,
mp-5363,Hg2TeO5,
mp-768314,BiB2O5,
mp-542738,SN,
mp-561248,SmCuTeS,
mp-556950,ZnS,
mp-542810,AsS,
mp-567320,La5C2I9,
mp-542831,Gd2SiO5,
mp-540203,LiCo2P3O10,
mp-567328,BaMo2Se2O11,
mp-556965,NpAgSeO5,
mp-540276,LiVPO5,
mp-555015,SiAg6SO8,
mp-567414,BiAuCl6,
mp-543017,Dy12(MnC3)5,
mp-561290,K2BiF5,
mp-567433,BP(IBr)3,
mp-773466,NaCu3O4,
mp-850864,Ho2TiO5,
mp-850814,NaSbO2,
mp-638586,Te3Pd13,
mp-765942,Li2VOF4,
mp-770065,Gd2TiO5,
mp-777680,Li2VF5,
mp-1099126,NaMg14MnO16,
mp-1035237,Mg14CuSiO16,
mp-763304,Li2CoSiO4,
mp-763302,LiVPO5,
mp-763280,Li2CoCO4,
mp-763279,VPH7N2O5,
mp-714911,V3O5,
mp-623044,Ce3Si2Rh3,
mp-765850,NaV2O5,
mp-622497,V3O5,184.854021
mp-618309,Bi2AuO5,121.3817319
mp-622171,VSb2O5,
mp-850227,LiCrPO5,
mp-622018,BAs5(Pb3O10)2,
mp-669566,ZnAu3,
mp-772659,Li3CrO4,
mp-762857,LiFePO5,
mp-765748,NaVPO5,
mp-772910,Bi3IO4,
mp-613455,Yb(ReO4)3,
mp-707395,NaH2SeO4,
mp-769148,Sc(ClO4)3,
mp-772838,Er(ReO4)3,
mp-772833,Y2HfO5,
mp-686055,Sr3Pr4O9,
mp-772823,Y2HfO5,
mp-765938,LiVF6,
mp-762791,LiCrPO4F,
mp-672223,Na2Zn2(TeO3)3,
mp-772098,Sm(ClO4)3,
mp-505570,PaH3,
mp-504425,Nb3As,
mp-618929,Ni2GeP,
mp-850742,LiV3OF11,
mp-672360,Gd(C2N3)3,
mp-624200,Re3Se4Br,
mp-776370,Ag3IrO4,
mp-672260,PNCl2,
mp-559957,SrTiGeO5,
mp-617119,MnFeBiO5,
mp-616850,Sr2VClO4,
mp-1036211,BaMg14MnO16,
mp-1036154,Mg14MnBiO16,
mp-1036221,CaMg14CdO16,
mp-616689,K2NaMnO4,
mp-775103,V4(OF3)3,
mp-772676,Sr2WO5,
mp-695799,KP(HO2)2,
mp-669594,Pr5Ga3,
mp-850395,LiMn3(BO3)3,
mp-777453,LiVF6,
mp-763232,Cr4OF11,
mp-763228,Cr4OF11,
mp-773146,Li2CuPO4,
mp-643941,CaAl2Si(HO2)4,
mp-707976,KH2SeNO3,
mp-773136,LiCu2PO4,
mp-773135,Li3Cu3(PO4)2,
mp-616173,Ce5NiGe2,
mp-643656,Li5H9Pt2,
mp-706430,H3NO4,
mp-643655,LiAl2H6ClO6,
mp-777328,V2OF5,
mp-675109,Y5O4F7,
mp-622183,Co2PClO4,
mp-669377,Ba2CaWN4,
mp-644259,Ti2NiH,
mp-779309,V4(OF3)3,
mp-615754,RbCuPdF5,
mp-627640,Eu(ClO4)3,
mp-768419,La(ClO4)3,
mp-622086,La2GeS5,
mp-674993,KPb2Cl5,
mp-769628,Li4V3CrO8,
mp-767088,Li3Sb11S18,
mp-769615,Li4V3CrO8,
mp-772563,Li2VO2F3,
mp-769614,Li4V3CrO8,
mp-669320,Ba5Si3,
mp-707729,BaH6C2S2N2O3,
mp-768147,Dy(ClO4)3,
mp-769611,Li4V3CrO8,
mp-773007,LiCu5(PO4)2,
mp-769605,Li4VCr3O8,
mp-1099217,Mg14SiBO16,
mp-765504,Li8Fe3Co5O16,
mp-776894,NaTiO2,
mp-777229,V4O7F5,
mp-776886,Li2FeF5,
mp-769595,Li4VCr3O8,
mp-762557,Li2FeSiO4,
mp-769593,Li4VCr3O8,
mp-772939,Li5Cu(PO4)2,
mp-762540,Li2FeSiO4,
mp-762539,Li2FeSiO4,
mp-680555,TlGaSe2,
mp-783909,Li2MnSiO4,
mp-772298,LiTi2Ni(PO5)2,
mp-769609,Li4VCr3O8,
mp-866506,CaSn2S5,
mp-1099176,YMg14CrO16,
mp-778001,Tm(ClO4)3,
mp-777197,Li2MnVP2(O4F)2,
mp-680531,CaZn3,
mp-704504,YbMn2O5,
mp-649453,Ca3BCNCl2,
mp-777194,Li2MnVP2(O4F)2,
mp-850097,LiMn3(BO3)3,
mp-782065,LiTePO5,
mp-850096,LiMn3(BO3)3,
mp-619575,ClF3,
mp-673134,LiSn2P3O10,
mp-673119,LiSn2P3O10,
mp-781976,Li2CuF5,
mp-764730,Li3VO3F,
mp-772242,LiVPO5,
mp-1099131,RbMg14MnO16,
mp-865274,TlInS2,
mp-733717,Tl3SnSe4,
mp-850071,LiMn3(BO3)3,
mp-769048,Li3NbS4,
mp-1034847,Mg14NiSnO16,
mp-1034838,BaMg14NiO16,
mp-1034825,Mg14CoBiO16,
mp-617442,RbTa(CuTe2)2,
mp-1034822,HfMg14CoO16,
mp-1034815,Mg14CrSiO16,
mp-1034805,Mg14NbNiO16,
mp-1034777,Mg14CdSiO16,
mp-1034768,CeHfMg14O16,
mp-1034765,Mg14NbSiO16,
mp-1034749,Mg14SiNiO16,
mp-1034739,Mg14CrNiO16,
mp-772186,Tm(ClO4)3,
mp-1034738,SrMg14NiO16,
mp-777092,LiMn3(BO3)3,
mp-1034729,BaMg14SiO16,
mp-1034728,CsCeMg14O16,
mp-1034717,Mg14CdNiO16,
mp-1034699,RbMg14SiO16,
mp-1034688,HfMg14NiO16,
mp-1034686,SrMg14SiO16,
mp-1034668,Mg14NiBiO16,
mp-672248,TaAsPCl13,
mp-1034664,CeMg14BO16,
mp-1034659,NaMg14SiO16,
mp-1034607,NaMg14WO16,
mp-1034591,Mg14SiCO16,
mp-1034600,NaMg14BO16,
mp-1034594,NaMg14CrO16,
mp-607230,Ca3Ga3Rh2,
mp-1034587,Mg14SiBiO16,
mp-1034573,HfMg14SiO16,
mp-616821,U2PbSe5,
mp-1034549,Mg14VSnO16,
mp-1034524,SrMg14CrO16,
mp-1034518,BaSrMg14O16,
mp-1034502,SrMg14CO16,
mp-765658,V2OF5,
mp-1034501,Mg14NiCO16,
mp-1034491,SrMg14CdO16,
mp-1034479,SrMg14NbO16,
mp-1034473,BaMg14VO16,
mp-1034472,SrMg14VO16,
mp-1035892,Mg14FeSnO16,
mp-1034467,Mg14VCrO16,
mp-636243,FeC3SO3,
mp-671510,Sc3Re2Si3,
mp-703305,Na2PHO4,
mp-1035776,KMg14FeO16,
mp-1034449,Mg14VSiO16,
mp-1034447,Mg14VCO16,
mp-1035772,Mg14ZnCrO16,
mp-1035770,Mg14TiFeO16,
mp-616641,K2UI5,
mp-762692,Li5Fe11O16,
mp-1035767,Mg14FeNiO16,
mp-1034443,Mg14TiVO16,
mp-1035757,Mg14FeCuO16,
mp-1034435,BaMg14CrO16,
mp-616577,Sr3BCNCl2,
mp-1035756,Mg14FeCoO16,
mp-669684,U3Se5,
mp-1034421,Mg14NbVO16,
mp-706617,Na2AlSi3HO9,
mp-1034404,Mg14VCdO16,
mp-1035739,HfMg14ZnO16,
mp-1034395,BaMg14NbO16,
mp-1034386,CsMg14TiO16,
mp-1035725,Mg14ZnCO16,
mp-1035709,Mg14NbZnO16,
mp-781646,Tb2TiO5,
mp-1034376,SrHfMg14O16,
mp-1034358,SrMg14BiO16,
mp-543051,Lu5Sb3,
mp-543052,Tm5Sb3,
mp-557016,TaP4S6Cl5,
mp-567551,SiC,213.5880354
mp-557019,RbErSeCl2O3,
mp-567555,Pr5C2Cl9,
mp-1099032,CaMg14MnO16,
mp-555071,BrN(OF2)2,
mp-31636,LiCrPO5,
mp-557031,S,
mp-561344,Rb2CrF5,
mp-567672,Na2VOF4,
mp-557044,Yb(ClO4)3,
mp-555087,Ba5Si(Cl3O2)2,
mp-567763,Pr(C2N3)3,
mp-557074,BaPr2Ti3O10,
mp-567824,K2NaCo(CN)6,
mp-555097,Tb3Si2Cl5O6,
mp-555099,Na3Eu(CO3)3,
mp-567846,Ta3P,
mp-557092,Y3Si2Cl5O6,
mp-559441,LiTiPO5,
mp-555131,CsCO2,
mp-568044,KSm2Cl5,
mp-555136,SN,
mp-561407,RbGaS2,
mp-559459,CsInS2,
mp-559469,CaH6C2O7,
mp-561441,Y2GeO5,
mp-555160,CsYSeCl2O3,
mp-569547,Sr6FeC2N7,
mp-553884,Ba5Si(Br3O2)2,
mp-559519,Na4TiAs2O9,
mp-553923,K2AgSbS4,
mp-572546,CsRe(Cl2O)2,
mp-568380,Tl5Se3,
mp-553962,Rb2LiNbS4,
mp-553972,CuCSN,
mp-559540,RbZnSClO4,
mp-557293,Li2CdSiO4,
mp-554005,KGdCO3F2,
mp-557304,Sr2SiCl2O3,
mp-572903,CsCu2F5,
mp-559562,AgTeNO5,
mp-559571,ZrB2O5,
mp-554081,Ca2PClO4,
mp-554119,KSnAsS5,
mp-573202,K3Ta2Ag3S8,
mp-1099130,LiMg14MnO16,
mp-554200,Sr2YCu3(PbO4)2,
mp-554239,NaSbCO2F3,
mp-568514,BPBr2NCl3,
mp-557540,Rb2AgSbS4,
mp-504593,Pb2CCl2O3,
mp-570502,Cs2LiCr(CN)6,
mp-561584,Gd2GeO5,
mp-559616,PH3CS3,
mp-559617,HfB2O5,
mp-557626,Gd2TiO5,
mp-554388,ZnGa3N3O,
mp-540690,CsV2O5,
mp-1099185,YMg14CO16,
mp-557673,RbBe2P3O10,
mp-555292,PNF2,
mp-540695,Cs2DyCl5,
mp-557738,Li3BiO4,
mp-541908,KSbF6,
mp-578628,Sr2YCu3(PbO4)2,
mp-557744,NaUBO5,
mp-557753,K3PO4,37
mp-557786,CaNb2P2O11,
mp-5955,NaSbF6,
mp-578882,SbPb2S2I3,
mp-554591,K2Ca2(CO3)3,
mp-568590,SbCNCl5,
mp-555322,Eu2SiCl2O3,
mp-554674,ZnGa3N3O,
mp-557910,Cd2PO4F,
mp-554704,TiPHO5,
mp-505181,MnH2SO4,
mp-554716,NaSbCO2F3,
mp-557969,LiLa2S2O8F3,
mp-554763,NpAgSeO5,
mp-758104,Mn11Pd21,142.216697
mp-554783,KUN3O11,
mp-650704,Na2MnF5,
mp-555378,Rb2FeF5,
mp-558045,NaLi2PO4,
mp-569853,CsNb4Br11,
mp-540801,K3Mn(CN)6,
mp-555396,Mg2PClO4,
mp-558126,LaH4S2NO8,
mp-569868,MnBiPO5,
mp-555414,Ba3Sb4O,
mp-558149,BF3,5.391348875
mp-558160,NaYCO3F2,
mp-558159,BaTi2O5,
mp-985558,Ce2US5,
mp-558170,Rb3PO4,
mp-540824,Mn2BiO5,127.5646228
mp-558165,SbC(Cl2O)2,
mp-581115,K3Nb2Ag3S8,
mp-558188,AgHg2AsO4,
mp-562018,CSNF5,
mp-555433,NaYbCO3F2,
mp-558241,TaTl2AgS4,
mp-540847,Cs2LiCr(CN)6,
mp-581419,K3Nb2Cu3S8,
mp-558269,Ce2SiS5,
mp-558312,Li2O2,
mp-733876,P2H4RhO9,
mp-558330,IClOF,
mp-558338,Tl2CuAsO4,
mp-558341,CrXeF6,
mp-559795,Rb7NaZn2O6,
mp-568761,AgTe,
mp-554879,CuHgSBr,
mp-555645,CuHgSBr,
mp-569967,K2PrCl5,
mp-558481,ZnGaNO,
mp-540904,ThI3,
mp-540905,YAlGeO5,
mp-558498,ZnGaNO,
mp-558506,BH9(CO)3,
mp-581864,CsAsSe2,
mp-562338,USeO6,
mp-555493,Re2S2NCl11,
mp-540922,CrTe3,
mp-32001,LiMn2P3O10,
mp-554914,Hg3PO4,
mp-555512,RbCO2,
mp-1020114,MgSi2O5,
mp-582067,Hf3As,
mp-582146,CsNb4Cl11,
mp-582161,K3Ta2Ag3Se8,
mp-558716,WSNCl5,
mp-558724,La2SiS5,
mp-559889,CSNCl,
mp-778115,Li2BiBO4,
mp-558786,Ag6GeSO8,
mp-555541,KC(NO2)2,
mp-1034355,NaMg14BiO16,
mp-1035685,Mg14VFeO16,
mp-1034353,Mg14CrSnO16,
mp-1035670,KMg14BiO16,
mp-1035669,KMg14SbO16,
mp-1034338,NaMg14SbO16,
mp-768865,Lu2GeO5,
mp-1034328,Mg14SnCO16,
mp-1034326,NaMg14CO16,
mp-605905,VAgSeO5,
mp-1035627,Mg14NbFeO16,
mp-1034314,NaMg14GaO16,
mp-768814,Y2GeO5,
mp-605860,Ba2LiN,15.70266402
mp-1034311,BaMg14SnO16,
mp-761657,Li2CrSiO4,
mp-764641,Li2CoSiO4,
mp-669384,Cs2NaCo(CN)6,
mp-768731,Li2BiBO4,
mp-1034307,Mg14CdSnO16,
mp-1034304,Mg14NbSnO16,
mp-1035604,CsMg14FeO16,
mp-768684,Ce(ClO4)3,
mp-1034297,SrMg14SnO16,
mp-1035605,KMg14CO16,
mp-1034283,HfMg14VO16,
mp-17065,Ho2SiO5,
mp-1034278,Mg14TiSnO16,
mp-1035597,Mg14CrFeO16,
mp-849606,Cr4OF11,
mp-1035591,RbMg14FeO16,
mp-761641,LiMnPO5,
mp-1034271,Mg14SiSnO16,
mp-768605,Ho2TiO5,
mp-1014332,C3N,
mp-1035588,KMg14GaO16,
mp-706268,BaAlSi5N7O2,
mp-1035582,KMg14BO16,
mp-646192,NaCrF6,
mp-1034245,Mg14VBiO16,
mp-677371,Sr4LaCl11,
mp-1035561,Mg14FeSiO16,
mp-613518,K2SbF5,
mp-699229,HPb3ClO3,
mp-792971,Li2MnVP2(O4F)2,
mp-761413,Li2CrP3O10,
mp-699219,NaZnSiHO4,
mp-1035550,LiCeMg14O16,
mp-761618,LiMnPO5,
mp-758985,RbTiPS5,
mp-761616,LiMnPO5,
mp-1034209,HfMg14SnO16,
mp-1035532,LiLaMg14O16,
mp-766417,Ba10Cu5O17,
mp-1035533,Mg14FeBiO16,
mp-1035531,Mg14FeBO16,
mp-782644,LiMn3(BO3)3,
mp-1035527,LiMg14SiO16,
mp-1034199,RbMg14CrO16,
mp-1034194,Mg14TiSiO16,
mp-1035521,BaMg14FeO16,
mp-771906,Li2AlCoO4,
mp-761599,Li4MnP2O9,
mp-1034187,LiMg14TiO16,
mp-1035509,SrMg14FeO16,
mp-1035508,Mg14CdFeO16,
mp-1034178,KMg14TiO16,
mp-649165,Fe2TeO5,
mp-1034177,RbMg14BO16,
mp-1034175,Mg14SnBiO16,
mp-1034167,RbMg14WO16,
mp-1035472,Mg14CoCuO16,
mp-703528,RbP(HO2)2,
mp-767916,Li2SiNiO4,
mp-1035468,HfMg14FeO16,
mp-772107,Ca2WO5,
mp-771825,Er2TiO5,
mp-1035459,Mg14FeCO16,
mp-1034142,BaMg14TiO16,
mp-604119,KP(HO2)2,
mp-1034141,Mg14TiNbO16,
mp-607138,Sc5Bi3,
mp-1035457,NaMg14FeO16,
mp-780918,Li2MnSiO4,
mp-1035445,LiMg14FeO16,
mp-1034137,SrMg14TiO16,
mp-1035434,LiMg14CrO16,
mp-1034122,RbMg14TiO16,
mp-781682,LiMn3(BO3)3,
mp-1035414,BaMg14CuO16,
mp-1035413,Mg14VCuO16,
mp-1034096,RbMg14BiO16,
mp-767896,Li2SiNiO4,
mp-1034083,NaMg14TiO16,
mp-1035377,CsMg14GaO16,
mp-1035374,Mg14CuSnO16,
mp-1034082,RbMg14GaO16,
mp-1034079,RbMg14SbO16,
mp-1035359,Mg14NbCuO16,
mp-1034077,RbMg14CO16,
mp-1034067,Mg14TiCrO16,
mp-1035352,Mg14CuNiO16,
mp-780908,Na3FeO4,
mp-647343,PBr7,
mp-1034059,Mg14TiBiO16,
mp-647285,NaMg2V3O10,
mp-768873,Y2GeO5,
mp-761489,LiFePO5,
mp-17025,Sr3Y(BO3)3,
mp-603276,NaSr7Cu8(SF)8,
mp-628908,KICl2,
mp-781607,LiMn3(BO3)3,
mp-1035324,LiMg14WO16,
mp-1034035,Mg14TiCdO16,
mp-1035313,CsMg14SbO16,
mp-1035311,Mg14CrCuO16,
mp-1034033,Mg14TiCO16,
mp-1035309,CsMg14BiO16,
mp-602268,Zr2In5Ni,
mp-761477,CoH2SeO4,
mp-781594,LiMn3(BO3)3,
mp-1035300,Mg14CoNiO16,
mp-642462,B3C10N3,
mp-639787,K3VO4,
mp-1034024,Mg14TiBO16,
mp-643701,TlP(HO2)2,
mp-699437,KP(HO2)2,
mp-1034018,KCeMg14O16,
mp-643643,BaH2CSNClO,
mp-1035292,Mg14CuBiO16,
mp-758223,Bi11PO20,
mp-1035267,HfMg14CuO16,
mp-781134,V2OF5,
mp-1033996,HfMg14TiO16,
mp-645743,VAgTeO5,
mp-1033981,KLaMg14O16,
mp-628305,K2MnSnSe4,
mp-601852,La3Si2Rh3,
mp-627993,LiV2O5,
mp-778534,LiCrPO5,
mp-761610,LiMnPO5,
mp-1033949,Mg14NbCrO16,
mp-1035240,Mg14CdCuO16,
mp-778506,Li2VF5,
mp-768411,Dy2SiO5,
mp-1035238,Mg14CuCO16,
mp-1035222,Mg14CuSiO16,
mp-1035219,SrMg14CuO16,
mp-698633,K3Sc(HO)6,
mp-768348,Sm(ClO4)3,
mp-1035217,Mg14ZnSnO16,
mp-675435,MgMo3Se4,
mp-765321,Li2VF5,
mp-622591,BaTbF6,
mp-767934,Li3Co13O16,
mp-781049,V4OF11,
mp-764571,Li2VFeP2(O4F)2,
mp-1033911,KMg14SiO16,
mp-698479,RbTeHOF4,
mp-626869,H2WO5,
mp-626865,H2WO5,
mp-778395,LiCrPO5,
mp-757836,BeH2SeO4,
mp-698205,LiB(HO2)2,
mp-768311,Cs3NO4,
mp-768309,Ce2TiO5,
mp-675048,Sr3Nd4O9,
mp-1035195,Mg14VZnO16,
mp-768292,Li2BiBO4,
mp-695698,Ca2TiAlSi2O9F,
mp-1035190,Mg14ZnCoO16,
mp-757785,Bi12PbO19,
mp-1035182,BaMg14CoO16,
mp-1035174,LiMg14BiO16,
mp-1033888,Mg14CrCdO16,
mp-768243,Tm2TiO5,
mp-780904,Cr4OF11,
mp-1035173,KMg14CoO16,
mp-768237,Gd2HfO5,
mp-504812,Hf3P,
mp-768234,La2HfO5,
mp-1035172,Mg14ZnNiO16,
mp-774354,LiMn2F5,
mp-1033883,BaHfMg14O16,
mp-768208,Li3SbS4,
mp-1099218,CsMg14BO16,
mp-1033880,Mg14NbCdO16,
mp-1035146,NaMg14CoO16,
mp-619791,La5C2Cl9,
mp-757660,Li2CuCO4,
mp-768166,Dy(ClO4)3,
mp-1035140,LiMg14SbO16,
mp-1035135,LiMg14CO16,
mp-626464,PH3O4,
mp-626450,PH3O4,
mp-626449,PH3O4,
mp-1033868,Mg14CrBO16,
mp-1033847,Mg14CrBiO16,
mp-672273,AlBiCl6,
mp-1033846,BaMg14CO16,
mp-1033845,Mg14BCO16,
mp-616718,K3Np(MoO5)2,
mp-768097,V3H4NO8,
mp-601861,RbInS2,
mp-626289,H3NO4,
mp-638070,LiB13C2,
mp-616539,FeC3SeO3,
mp-774306,LiCrPO5,
mp-849558,Cr4OF11,
mp-774404,LiVP3HO10,
mp-626256,H3NO4,
mp-1033839,HfMg14CrO16,
mp-669508,TaP2NCl12,
mp-1035113,LiMg14GaO16,
mp-1033835,BaMg14BiO16,
mp-583094,Li3VO4,
mp-583193,Cs3PSe4,
mp-558982,HgC2O2F3,
mp-541035,CsUN3O11,
mp-583615,K3In2As3,
mp-583630,Ba2SnTe5,
mp-559963,AlS2NCl4,
mp-22033,Ti5Sb3,110.9105315
mp-570152,Co2(SnSe)3,
mp-1099178,YMg14NbO16,
mp-585354,LiCr2P3O10,
mp-541081,NaMg2H3(SO4)2,
mp-32108,Mo2P3O11,
mp-555618,Na2MnF5,
mp-23922,HN,
mp-23993,H4CSN2,
mp-540996,NdGeBO5,
mp-6113,LiTiAsO5,
mp-626259,H3NO4,
mp-555674,LuMn2O5,
mp-570225,NbAsPCl13,
mp-6440,CaTiSiO5,
mp-1099156,YMg14FeO16,
mp-32367,Ni2P3O11,
mp-541174,K3Cr(HO)6,
mp-569128,SiB3,
mp-555777,ZnGa3N3O,
mp-555779,ZnS,
mp-570315,PBr2N,
mp-560128,EuHSO5,
mp-32409,LiVPO5,
mp-560132,Nd2SiO5,
mp-569159,Yb8Ge3Sb5,
mp-32427,LiVPO5,
mp-32430,LiVPO5,
mp-570360,RbNd2I5,
mp-6850,Ba2CeC3O9F,
mp-1099195,YHfMg14O16,
mp-565472,Te2MoCl4O,
mp-32487,V2P3O11,
mp-32488,LiVPO5,
mp-541339,SrH9ClO5,
mp-570512,LiWCl6,
mp-560271,AlCuAsO5,
mp-541462,SrTa4O11,
mp-541484,Rb3Cr(HO)6,
mp-570531,NbP2NCl12,
mp-555946,Pb2CO3F2,
mp-541627,K3Fe(CN)6,
mp-505659,Rb2NaMn(CN)6,
mp-505660,Cs2KFe(CN)6,
mp-505662,Cs2KCo(CN)6,
mp-505661,Cs2RbFe(CN)6,
mp-541677,Cd2AsO4F,
mp-541696,Cs2TlCl5,
mp-560327,Na2Sn2C3(O2F)3,
mp-541722,CsBa2Br5,
mp-541780,CoH2SeO4,
mp-505700,KInSe2,
mp-541774,BiAuBr6,
mp-555983,Er2SiO5,
mp-541859,Tb12(OsC3)5,
mp-505721,Rb3VS4,
mp-555990,Er2SiSO4,
mp-565746,KVPO5,
mp-541909,Zr2(NiP)3,
mp-565750,K3V(SO)2,
mp-541977,Cs2NaFe(CN)6,
mp-541996,Pr2SiTeO4,
mp-542005,Ce5Ge2Rh,
mp-542058,Tl3B3Se10,
mp-542115,Hg3Se3O10,
mp-556030,BaCuCO3F2,
mp-542138,Ca3Si2Ni3,
mp-542117,Cd3Se3O10,
mp-542158,FeNiPO5,
mp-542266,KSmP3HO10,
mp-5065,Al2SiO5,
mp-542374,KSn,
mp-542461,Se,
mp-556085,Rb2LiTaS4,
mp-510073,RbLi(H2N)2,
mp-560740,La2SnS3O2,
mp-556798,AgHg2PO4,
mp-566926,Cr2PBrO4,
mp-566944,NiBiPO5,
mp-566448,KSbMoO5,
mp-510751,CuO,
mp-561150,Yb(ClO4)3,
mp-556820,Sm3Si2Cl5O6,
mp-5299,La2RuO5,
mp-510249,BaV13O18,
mp-556145,NaAsO2,
mp-556503,LiH3CO3,
mp-566709,TiFe2O5,
mp-510277,Ce3S2O3,
mp-556156,LiUBO5,
mp-566768,Ca2VClO4,
mp-560824,La6B(NO2)3,
mp-560478,BaY2Si3O10,
mp-510430,Li13In3,23.2751478
mp-556212,K4U5Te2O21,
mp-565945,Fe2PClO4,
mp-556223,CSNF5,
mp-560513,Gd3Si2Cl5O6,
mp-861566,Mn3Si3O10,
mp-510422,SiNi2P,
mp-560886,SrSi2O5,
mp-560887,ZnGaNO,
mp-556237,KLiYF5,
mp-510453,Ag3RuO4,
mp-1100731,Li9Mn2Co5O16,
mp-571213,PNCl2,
mp-556604,BaCuPClO4,
mp-570942,La3C3Cl2,
mp-561473,CaTaAlO5,
mp-556655,Li2AlBO4,
mp-1099192,Mg14ZnFeO16,
mp-560593,Dy3Si2Cl5O6,
mp-560595,Ca2AsClO4,
mp-556666,CaBiCO4F,
mp-556328,AsS,
mp-504949,Ba2WO5,
mp-25704,PrMn2O5,
mp-543073,Na2LiFeO4,
mp-866774,Gd3Ni19B10,
mp-866809,YbB2C,
mp-548505,FeCoPO5,
mp-18832,K2VO2F3,
mp-556364,Ca2SiCl2O3,
mp-19667,LiNi2P3O10,
mp-19689,MnTe2O5,
mp-18897,NaVTeO5,
mp-978275,MgB7,183.759744
mp-19706,MnSe2O5,
mp-18973,CoSe2O5,
mp-556414,CsTmSeCl2O3,
mp-11051,NaSn,
mp-1099132,RbMg14MnO16,
mp-1098985,Mg14AlNiO16,
mp-556725,CuH8C2Br3NO,
mp-1099042,CaMg14CoO16,
mp-556738,BaZrF6,
mp-556752,CsTcNClO4,
mp-762177,Li2MnCO4,
mp-706524,Sr3La4O9,
mp-1035096,Mg14TiCoO16,
mp-768388,Lu2GeO5,
mp-1033832,Mg14NbBiO16,
mp-694852,K5RbZn4Sn5S17,
mp-1035090,LiMg14BO16,
mp-763055,Li2Fe3Co7O20,
mp-1033825,BaMg14CdO16,
mp-1035080,Mg14CoSnO16,
mp-776933,LiFe2F5,
mp-1033815,HfMg14NbO16,
mp-763157,Li2Co2(CO3)3,
mp-697264,CdH2SeO4,
mp-1035073,Mg14VCoO16,
mp-774387,V4OF11,
mp-1033806,Mg14NbCO16,
mp-771165,Dy2TiO5,
mp-1035054,RbLaMg14O16,
mp-541483,Rb3Sc(HO)6,
mp-1035053,Mg14CoBO16,
mp-972322,Yb2SiO5,
mp-778405,LiFe2F5,
mp-771175,Li2MnBO4,
mp-774379,Cr4OF11,
mp-768317,Dy2SiO5,
mp-652353,PC2S2N3,
mp-849514,LiMn3(BO3)3,
mp-1033791,Mg14CrCO16,
mp-771126,Lu2TiO5,
mp-776664,LiV3OF11,
mp-1033762,Mg14CdBiO16,
mp-1035030,NaLaMg14O16,
mp-778059,Li2FeF5,
mp-778058,Li2FeF5,
mp-1033759,Mg14BWO16,
mp-1035029,Mg14NbCoO16,
mp-765122,LiVF6,
mp-1033757,HfMg14WO16,
mp-654373,RbVPO5,
mp-757734,LiNbPO5,
mp-1035013,Mg14CdCoO16,
mp-607267,KPb2Cl5,
mp-762998,Li2MnF5,
mp-768235,B2TeO5,
mp-757716,LiTi(Si2O5)2,
mp-774229,Mn2InO5,
mp-1033739,Mg14CdCO16,
mp-768020,Li2MnSiO4,
mp-654109,BaCu4S3,
mp-1035006,Mg14CrCoO16,
mp-1034998,Mg14CoCO16,
mp-757624,Sr3La4O9,
mp-771082,Li4CrFe3O8,
mp-778287,LiFe2F5,
mp-1033714,Mg14GaBO16,
mp-1034986,Mg14CoSiO16,
mp-1034985,RbMg14CoO16,
mp-849238,Li2MnSiO4,
mp-662535,PbSe2O5,
mp-849441,LiVP3HO10,
mp-677017,KRb5Zn4Sn5S17,
mp-631378,Cs7NbIn3As5,
mp-1034977,SrMg14CoO16,
mp-771071,Li2FeBO4,
mp-1034976,LiMg14CoO16,
mp-771065,Li4CrFe3O8,
mp-1033691,Mg14BSbO16,
mp-698424,SbH3CS2N,
mp-743882,VH5Se2NO7,
mp-697367,NaP(HO2)2,
mp-849409,V4(OF3)3,
mp-765186,Li2VF5,
mp-777934,Li3FeOF3,
mp-757505,LiNbPO5,
mp-24262,KP(HO2)2,
mp-771058,Li4Cr3CoO8,
mp-1033684,HfMg14SbO16,
mp-771069,Li2FeBO4,
mp-849391,InH9(NCl)3,
mp-1033681,Mg14BiCO16,
mp-601292,RbPrP3HO10,
mp-1033680,HfMg14CdO16,
mp-1034935,BaMg14ZnO16,
mp-652866,K11LiMn4O16,
mp-771031,Lu2TiO5,
mp-1034931,SrMg14ZnO16,
mp-697077,AsH3CNOF9,
mp-777901,Li2VF5,
mp-1033673,HfMg14CO16,
mp-1034850,Mg14NbNiO16,
mp-1034837,CsMg14SiO16,
mp-1034829,HfMg14CoO16,
mp-1034819,Mg14SiBO16,
mp-1034792,Mg14CdNiO16,
mp-1034790,Mg14CrNiO16,
mp-1034788,Mg14CdSiO16,
mp-1034783,SrMg14NiO16,
mp-667291,ReHg2O5,
mp-1034756,Mg14NbSiO16,
mp-1034743,Mg14NiCO16,
mp-1034741,BaMg14SiO16,
mp-1034733,CeHfMg14O16,
mp-1034712,BaSrMg14O16,
mp-1034711,HfMg14NiO16,
mp-1034697,CeMg14BO16,
mp-1034698,SrMg14SiO16,
mp-1034694,HfMg14SiO16,
mp-1034675,RbMg14SiO16,
mp-1034672,CsCeMg14O16,
mp-1034646,NaMg14SiO16,
mp-849350,LiMn3(BO3)3,
mp-696849,NaB(H4O3)2,
mp-1033655,HfMg14GaO16,
mp-1034615,Mg14SiCO16,
mp-1034633,Mg14SiBiO16,
mp-1034626,NaMg14BO16,
mp-1034608,NaMg14GaO16,
mp-1034599,NaMg14WO16,
mp-1034602,NaMg14CrO16,
mp-1034577,Mg14NiBiO16,
mp-1034906,NaCeMg14O16,
mp-757360,HgTe(HO)7,
mp-1034572,Mg14VSnO16,
mp-1034560,SrMg14CrO16,
mp-1034537,Mg14VCO16,
mp-1034534,BaMg14VO16,
mp-1034527,Mg14VCrO16,
mp-1034523,SrMg14VO16,
mp-1034517,Mg14NbVO16,
mp-1034512,SrMg14CdO16,
mp-1033651,HfMg14BO16,
mp-1034483,SrMg14NbO16,
mp-1034474,BaMg14CrO16,
mp-1036012,Mg14FeSnO16,
mp-1034470,SrMg14CO16,
mp-1035830,Mg14ZnCrO16,
mp-1034465,Mg14VBiO16,
mp-1035796,Mg14FeCuO16,
mp-863881,Li2MnP3O10,
mp-654008,K3Cr11S18,
mp-1034452,Mg14VCdO16,
mp-1035790,Mg14FeNiO16,
mp-1034446,Mg14VSiO16,
mp-1034441,Mg14CrSnO16,
mp-1033648,HfMg14BiO16,
mp-1034419,NaMg14CO16,
mp-1034411,BaMg14NbO16,
mp-1035743,Mg14FeCoO16,
mp-1019741,HeSiO2,
mp-1034401,SrMg14BiO16,
mp-1035738,Mg14ZnCO16,
mp-1035726,Mg14TiFeO16,
mp-1034382,SrHfMg14O16,
mp-1035703,HfMg14ZnO16,
mp-1035698,Mg14VFeO16,
mp-1035697,KMg14FeO16,
mp-1034357,NaMg14BiO16,
mp-1035683,KMg14BiO16,
mp-1034352,Mg14SnCO16,
mp-1034348,Mg14SnBiO16,
mp-1034339,BaMg14SnO16,
mp-1035662,BaMg14FeO16,
mp-1034331,HfMg14VO16,
mp-1035654,Mg14FeBO16,
mp-1035646,KMg14SbO16,
mp-1034329,NaMg14SbO16,
mp-1035635,Mg14CoCuO16,
mp-1034325,Mg14CdSnO16,
mp-1035626,Mg14NbFeO16,
mp-1034309,Mg14NbSnO16,
mp-1035624,SrMg14FeO16,
mp-1005754,SmHSO5,
mp-1035614,KMg14GaO16,
mp-1035613,LiMg14WO16,
mp-1034287,SrMg14SnO16,
mp-1035602,Mg14CrFeO16,
mp-1034282,Mg14SiSnO16,
mp-1035599,Mg14FeSiO16,
mp-1033642,Mg14BiBO16,
mp-1034272,Mg14TiCrO16,
mp-1035572,CsLaMg14O16,
mp-1034256,RbMg14WO16,
mp-1034266,Mg14TiSnO16,
mp-1035569,LiCeMg14O16,
mp-1034246,RbMg14CrO16,
mp-1035566,Mg14CuNiO16,
mp-1034896,Mg14ZnSiO16,
mp-1035557,RbMg14FeO16,
mp-1034231,RbMg14BO16,
mp-1035545,LiLaMg14O16,
mp-1034210,Mg14TiSiO16,
mp-1035541,HfMg14FeO16,
mp-1035540,Mg14FeBiO16,
mp-1035536,LiMg14SiO16,
mp-1034204,CsMg14TiO16,
mp-1034202,HfMg14SnO16,
mp-1034191,KMg14TiO16,
mp-625578,H5BrO2,
mp-1035518,Mg14CdFeO16,
mp-625572,H5BrO2,
mp-1035481,NaMg14FeO16,
mp-1035480,Mg14FeCO16,
mp-1034164,SrMg14TiO16,
mp-1034162,RbMg14CO16,
mp-653579,Re3S4Cl,
mp-1034139,Mg14TiNbO16,
mp-1035444,RbMg14CoO16,
mp-777939,LiV3OF11,
mp-1034138,BaMg14TiO16,
mp-1035435,LiMg14FeO16,
mp-1034123,RbMg14TiO16,
mp-1034112,Mg14TiCO16,
mp-1034107,RbMg14SbO16,
mp-27519,SeO3,
mp-1034101,NaMg14TiO16,
mp-696019,Na3P2H4O7,
mp-1035402,LiMg14CrO16,
mp-1034094,RbMg14GaO16,
mp-1034087,RbMg14BiO16,
mp-1035395,Mg14VCuO16,
mp-1034075,CsMg14WO16,
mp-1035346,LiMg14BO16,
mp-1035350,Mg14CuSnO16,
mp-1034061,Mg14TiBiO16,
mp-1098999,Mg14AlSiO16,
mp-556775,ZnS,
mp-24982,Fe2PO5,
mp-504885,BaFe(Si2O5)2,
mp-556778,BaTeF6,
mp-505092,K3FeO4,
mp-25028,TbMn2O5,154.9121967
mp-25040,DyMn2O5,
mp-510592,Tb5CoSb2,
mp-510593,Dy5CoSb2,
mp-510594,Ho5CoSb2,
mp-510595,Er5CoSb2,
mp-1099039,CaMg14NiO16,
mp-769032,Li3NbS4,
mp-19291,NaVPO5,
mp-510633,Pb2CBr2O3,
mp-1966,Cu3As,
mp-560673,NaPr2S2O8F3,
mp-629476,RuC3SeO3,
mp-510417,WO3,
mp-19345,ErMn2O5,
mp-19358,SmMn2O5,151.9906855
mp-560725,ZnS,
mp-19393,NdMn2O5,
mp-1099022,CaMg14CuO16,
mp-17739,Sr5Sb3,
mp-18082,Sm3Ti3(SeO4)2,
mp-18647,Nd3Ti3(SeO4)2,
mp-25617,V3H4NO8,
mp-504669,KBiF6,
mp-25659,CoBiPO5,
mp-25660,LiCo2P3O10,
mp-25686,LaCrHO5,
mp-561095,LiHo3Ge2(O4F)2,
mp-25694,LaMn2O5,
mp-25695,RbMnP3HO10,
mp-17057,Sr2SnSe3F2,
mp-561112,Zn2SeCl2O3,
mp-540075,Li4MoP2O9,
mp-540137,LiMoPO5,
mvc-10960,MgVBiO5,
mp-542159,FeCuPO5,
mp-542396,HoMn2O5,
mp-542431,SrV13O18,
mp-566215,Mn2PClO4,
mp-542607,Sc3Re2Si3,
mvc-13224,YMn2O5,
mp-542842,KMnP3HO10,
mp-566278,WO3,193.850336
mp-17562,Sr3Sc(BO3)3,
mvc-8710,ZnBiSbO5,
mvc-8730,MgBiSbO5,
mvc-8720,MgTaBiO5,
mvc-8764,TaZnBiO5,
mvc-8800,CaBiSbO5,
mvc-8859,MgBi2O5,
mvc-8852,MgSnBiO5,
mvc-8843,MgTiBiO5,
mvc-8882,CaTaBiO5,
mvc-8883,CaBi2O5,
mvc-8876,TiZnBiO5,
mvc-8890,ZnBi2O5,
mvc-8917,CaTiBiO5,
mvc-8909,ZnCuBiO5,
mvc-9017,MgAgBiO5,
mvc-9001,MgCuBiO5,
mvc-9022,ZnSnBiO5,
mvc-9029,CaCuBiO5,
mvc-9023,CaSnBiO5,
mvc-9055,CaAgBiO5,
mvc-9059,ZnAgBiO5,
mvc-9136,VZnBiO5,
mvc-9137,MgMnBiO5,
mvc-9144,MgCrBiO5,
mvc-9146,MnZnBiO5,
mvc-9155,ZnCrBiO5,
mvc-9154,MgCoBiO5,
mvc-9170,CaVBiO5,
mvc-9179,MgBiMoO5,
mvc-9191,ZnBiMoO5,
mvc-9181,ZnCoBiO5,
mvc-9203,CaMnBiO5,
mvc-9214,MgBiWO5,
mvc-9217,ZnBiWO5,
mvc-9212,CaBiMoO5,
mvc-9215,CaCrBiO5,
mvc-9221,MgFeBiO5,
mvc-9209,CaFeBiO5,
mvc-9218,MgNiBiO5,
mvc-9245,CaBiWO5,
mvc-9251,CaCoBiO5,
mvc-9232,ZnFeBiO5,
mvc-9235,ZnNiBiO5,
mvc-9292,CaNiBiO5,
mp-764778,Li3MnO4,
mp-1036528,LiMg14AlO16,
mp-3414,AgSbF6,
mp-26851,Li2CuPO4,
mp-1099219,CsMg14SiO16,
mvc-5499,CaBiAsO5,
mvc-5514,ZnSbAsO5,
mvc-5533,ZnBiAsO5,
mvc-5577,CaSbAsO5,
mvc-5670,MgVAsO5,
mvc-5841,ZnFeAsO5,
mvc-5904,ZnMoAsO5,
mvc-5981,MgAsWO5,
mvc-5907,CaMoAsO5,
mvc-5976,MgFeAsO5,
mvc-6171,ZnAsWO5,
mp-1036089,LiMg14MnO16,
mvc-16242,AlFePO5,
mp-643907,Zr2FeH5,
mp-643923,Zr2CoH5,
mp-866501,CsGe,
mp-866639,KSr2Cd2Sb3,
mp-866805,SrSn3Sb4,
mp-866812,UTa2S6Cl6O,
mp-866691,La2PC,
mp-561823,GeBi2O5,
mp-1100752,Li9Mn2Co5O16,
mp-1035953,CsYMg14O16,
mp-19621,NaVAsO5,
mp-32431,LiV2P3O10,
mp-16993,Er2SiO5,104
mp-558539,Cs2Ba2(CO3)3,
mp-1034054,KCeMg14O16,
mp-1035335,Mg14TiCuO16,
mp-1035331,CsMg14BiO16,
mp-1034890,Mg14VNiO16,
mp-1035330,CsMg14SbO16,
mp-696762,TlP2H5O8,
mp-1034026,Mg14TiBO16,
mp-1035303,Mg14CoSiO16,
mp-1034025,Mg14TiCdO16,
mp-1035299,HfMg14CuO16,
mp-1035297,BaMg14CuO16,
mp-1035284,Mg14CrCuO16,
mp-771132,Ba3Ga4O9,
mp-1034882,Mg14TiZnO16,
mp-1035281,Mg14CoNiO16,
mp-743857,NaFe2H3(SO4)2,
mp-1034006,HfMg14TiO16,
mp-1035274,Mg14NbCuO16,
mp-697108,K3HRhC5N5O,
mp-1034004,KMg14CrO16,
mp-1033998,KLaMg14O16,
mp-1035266,Mg14CuBiO16,
mp-1035261,Mg14CdCuO16,
mp-1035249,Mg14CuSiO16,
mp-1035244,Mg14CuCO16,
mp-1035243,SrMg14CuO16,
mp-1033940,Mg14NbCrO16,
mp-1033925,BaMg14BiO16,
mp-1035213,Mg14ZnSnO16,
mp-1033928,KMg14SiO16,
mp-1035209,Mg14VZnO16,
mp-1033910,Mg14NbCdO16,
mp-1035198,Mg14ZnCoO16,
mp-1034875,Mg14TiNiO16,
mp-1035197,Mg14VNiO16,
mp-1033901,HfMg14CrO16,
mp-1033898,Mg14CrBO16,
mp-1035183,NaLaMg14O16,
mp-1033897,BaHfMg14O16,
mp-1035175,Mg14ZnNiO16,
mp-1033892,Mg14NbCO16,
mp-1020641,Rb2Ca2(SiO3)3,
mp-1033886,Mg14CrCdO16,
mp-1035164,LiMg14SbO16,
mp-1035156,LiMg14BiO16,
mp-1035155,KMg14CoO16,
mp-1033873,BaMg14CO16,
mp-1035145,LiMg14CoO16,
mp-1033870,HfMg14NbO16,
mp-1035127,Mg14TiCoO16,
mp-1033867,BaMg14CdO16,
mp-1035124,LiMg14CO16,
mp-1035122,Mg14VCoO16,
mp-1035120,Mg14NbCoO16,
mp-1033843,Mg14CrBiO16,
mp-1035119,BaMg14CoO16,
mp-653561,Tl2GePbS4,
mp-1035116,Mg14CoSnO16,
mp-504600,NaH4ClO2,19.12575136
mp-1035108,LiMg14GaO16,
mp-1006367,Ce2HfSe5,
mp-1034866,LaHfMg14O16,
mp-1035088,NaMg14CoO16,
mp-1033816,Mg14NbBiO16,
mp-1035075,Mg14CoBO16,
mp-1033809,HfMg14WO16,
mp-1035067,Mg14CdCoO16,
mp-1033804,Mg14BWO16,
mp-654051,Nb6SI9,
mp-1033793,HfMg14BiO16,
mp-1035052,RbLaMg14O16,
mp-1035048,Mg14CoBiO16,
mp-1033792,Mg14CrCO16,
mp-1035037,Mg14CoCO16,
mp-1033776,Mg14CdBiO16,
mp-1035031,Mg14CrCoO16,
mp-1033774,Mg14GaBO16,
mp-1033754,HfMg14SbO16,
mp-1033751,Mg14BiCO16,
mp-1033748,Mg14CdCO16,
mp-1033747,Mg14BiBO16,
mp-1035009,Mg14SiNiO16,
mp-1035008,SrMg14CoO16,
mp-1033732,Mg14BSbO16,
mp-1033731,Mg14BCO16,
mp-1034856,LaMg14BO16,
mp-1034997,Mg14NiSnO16,
mp-1033706,HfMg14GaO16,
mp-1033692,HfMg14CdO16,
mp-1034964,BaMg14ZnO16,
mp-1034853,CsLaMg14O16,
mp-1033686,HfMg14BO16,
mp-1034949,Mg14NbZnO16,
mp-1034944,SrMg14ZnO16,
mp-1034907,NaCeMg14O16,
mp-1019612,Cs4ZnO3,18
mp-1034910,LaMg14BO16,
mp-1033660,HfMg14CO16,
mp-1034905,RbCeMg14O16,
mp-1034899,Mg14TiZnO16,
mp-1034893,Mg14TiNiO16,
mp-1034891,LaHfMg14O16,
mp-1034870,Mg14CrSiO16,
mp-1034860,Mg14ZnSiO16,
mp-1034854,BaMg14NiO16,
mp-704617,InCuPO5,
mp-776723,Cr4OF11,
mp-13494,Nd3Fe29,
mp-2315,NaB15,
mp-1099191,Mg14ZnCuO16,
mp-1099043,CaMg14NbO16,
mp-1036381,CaMg14NiO16,
mp-1036442,CaMg14FeO16,
mp-11054,RbSn,
mp-11055,CsSn,
mp-15182,Rb2LiCo(CN)6,
mp-11189,Li2MgSiO4,
mp-15603,HoB2C,
mp-15604,TmB2C,
mp-15644,DyB2C,
mp-15706,LuB2C,
mp-15707,TbB2C,
mp-13412,Y3Fe29,
mp-15922,Gd2ReO5,130.1623009
mp-200,LaP7,
mp-27936,Na2SbF5,
mp-30792,NaPb,
mp-29447,Bi3BrO4,
mp-20915,Cs2NaMn(CN)6,
mp-27997,Ca3Al2Ge3,
mp-24381,H5ClO2,
mp-771080,Li2NiBO4,
mp-779364,Li2CoBO4,
mp-28012,ReNF6,
mp-28014,H5BrO2,
mp-22640,CaFe4As3,
mp-24407,CdP2H6O7,
mp-4279,CaGe2O5,
mp-24452,CaP2H6O7,
mp-24488,NaZn2H3(SO4)2,
mp-19408,LiV2O5,
mp-2956,Co2(GeS)3,
mp-24591,ZnH2SeO4,
mp-29566,CsNaGe2,
mp-24610,LiP(HO2)2,
mp-16771,MgSe2O5,
mp-16788,Gd2SiTeO4,
mp-4445,Hg3AsO4,
mp-28151,Ho3Ni19B10,
mp-16826,Yb5Sb3,
mp-24741,ScH3NCl3,
mp-29612,RbEu2I5,
mp-29613,CsEu2I5,
mp-29614,KEu2I5,
mp-19623,LiVAsO5,
mp-28178,NaNbCl6,
mp-28179,NaTaCl6,
mp-16848,Tl3PS4,
mp-16860,Mg13Ir3,60.22046768
mp-16863,Rb3PS4,
mp-28202,K3NO4,
mp-19699,KVTeO5,
mp-850183,Li3FeO4,
mp-16919,Y2HfS5,
mp-29657,NaGe,
mp-28257,SOF2,
mp-16969,Lu2SiO5,
mp-28276,K2PrBr5,
mp-2969,CsSbSe2,
mp-28277,K2PrI5,
mp-28288,BaGe2O5,
mp-29709,Hg3PO4,
mp-1035937,YMg14SiO16,
mp-28316,K3LiSi4,
mp-29721,B3H5,
mp-17054,Cs3TaS4,
mp-17060,NaAlSe2,
mp-28275,Rb2PrCl5,
mp-17077,K2YF5,
mp-4753,Al2SiO5,142.2930705
mp-28346,SrSe2O5,
mp-28351,Dy2GeO5,
mp-1099002,Mg14NbAlO16,
mp-29755,CaSi2O5,
mp-28382,K4ZnO3,
mp-17154,Rb3SbS4,
mp-28390,CS3N4,
mp-28393,P3Se4I,
mp-17164,NaNbGeO5,
mp-17165,Cs2NaCr(CN)6,
mp-28407,SBr2O,
mp-28410,ThP7,
mp-29790,U3Te5,
mp-28413,Na2(GaSb)3,
mp-28414,Nd2GeO5,
mp-17183,Na2BeSiO4,
mp-25720,VAg(HO2)2,
mp-25723,VIn2O5,
mp-17220,Rb3TaS4,
mp-28456,Sn15Os3O14,
mp-4934,Al2SiO5,
mp-17241,Rb2LiFe(CN)6,
mp-1099148,YMg14CoO16,
mp-504970,UH3,
mp-769608,Li4VCr3O8,
mp-1094015,ZrIn2O5,
mp-1099133,Mg14MnBiO16,
mp-17848,Nb3Si,184.1635252
mp-1094148,Mn2FeGe5,
mp-574266,MgGa,
mp-1096892,C3N,
mp-1099143,Mg14MnCrO16,
mp-1098997,Mg14TiAlO16,
mp-1099125,BaMg14MnO16,
mp-1099141,Mg14MnCO16,
mp-1099063,Mg14MnCuO16,
mp-1099044,CaMg14NiO16,
mp-1035920,YMg14NbO16,
mp-1099072,Mg14MnVO16,
mp-1034584,Mg14TiVO16,
mp-762908,LiMn2F5,
mp-763796,KMnP3HO10,
mp-770832,Li2BSeO4,
mp-851257,V2OF5,
mp-16907,RbNpN3O11,
mp-28244,TlBO2,
mp-554420,Y2SiO5,
mp-32005,LiMn2P3O10,
mp-569072,La3B(CBr)2,
mp-560104,LiTaGeO5,
mp-18856,MoO3,32.98055383
mp-1099202,KMg14CrO16,
mp-1097036,Li3PS4,
mp-1097038,LiAl2H6BrO6,
mp-1096549,SiGe,
mp-1097041,IrO3,
mp-1036100,Mg14MnCO16,
mp-1099134,Mg14MnSiO16,
mp-1099065,Mg14MnCoO16,
mp-1098110,KMg14CO16,
mp-1099054,CaHfMg14O16,
mp-1099123,SrMg14MnO16,
mp-1099189,Mg14ZnFeO16,
mp-1099046,CaMg14NbO16,
mp-1099045,CaMg14CrO16,
mp-1097859,Mn3Ge5,
mp-1098991,Mg14AlCoO16,
mp-1099071,LiMg14MnO16,
mp-1099135,HfMg14MnO16,
mp-1098980,YMg14AlO16,
mp-1099053,CaMg14BiO16,
mp-1099146,Mg14MnBO16,
mp-622542,Rb2CrF5,
mp-694936,Na6TiMn(SiO3)6,
mp-1099139,Mg14MnCO16,
mp-1099062,Mg14MnVO16,
mp-1099066,Mg14MnFeO16,
mp-1098986,Mg14AlVO16,
mp-1098998,Mg14AlCrO16,
mp-1099149,YMg14NiO16,
mp-1099127,Mg14MnSnO16,
mp-1098000,LiEu3O4,
mp-630659,FeNiPO5,
mp-1099121,Mg14MnSnO16,
mp-1099215,RbCeMg14O16,
mp-1099070,Mg14TiMnO16,
mp-616339,Rb2FeF5,
mp-1099203,KMg14WO16,
mp-1099150,YMg14CoO16,
mp-1099147,Mg14MnNbO16,
mp-1099194,YHfMg14O16,
mp-1099038,CaMg14VO16,
mp-1099144,Mg14MnCrO16,
mp-1099159,YMg14TiO16,
mp-1099166,YMg14NiO16,
mp-1099182,YMg14BiO16,
mp-1099064,Mg14MnCuO16,
mp-1099060,Mg14MnNiO16,
mp-1099190,Mg14ZnCuO16,
mp-1099142,Mg14MnCdO16,
mp-1099016,Mg14AlCO16,
mp-1099128,BaMg14MnO16,
mp-1099140,Mg14MnBO16,
mp-1099000,Mg14AlCrO16,
mp-630418,FeCoPO5,
mp-1099120,KMg14MnO16,
mp-1099025,CaMg14CuO16,
mp-1099145,Mg14MnNbO16,
mp-706534,LuMn2O5,
mp-1099179,YMg14NbO16,
mp-1099067,Mg14MnZnO16,
mp-1098987,Mg14AlSnO16,
mp-1098983,Mg14MnAlO16,
mp-542867,YMn2O5,153.8259979
mp-1099033,CaMg14TiO16,
mp-1099129,Mg14MnSiO16,
mp-1099041,CaMg14CrO16,
mp-1099068,Mg14MnFeO16,
mp-1098976,Mg14AlFeO16,
mp-1034182,LiMg14TiO16,
mp-863762,AlTlSe2,
mp-17918,Ba2SnS3F2,
mp-743986,CsVH12(C2O7)2,
mp-29789,Lu(ClO4)3,
mp-778865,V4(OF3)3,
mp-555276,Sm2US5,
mp-973391,LiSiB6,
mp-777967,V4(OF3)3,
mp-560622,CaLa2B10O19,
mp-767165,K2LiVS4,
mp-775438,V2OF5,
mp-764083,Li8MnNi7O16,
mp-17704,Tm2SiO5,
mp-774383,V4(OF3)3,
mp-555548,MgAlPO5,
mp-973330,SbPH4(O2F3)2,
mp-568646,Ta3Si,
mp-758020,LiCu3(CO3)3,
mp-764159,V2OF5,
mp-1099214,CsMg14GaO16,
mp-765481,Li2AgF5,
mp-849249,LiCr(Si2O5)2,
mp-766143,V4OF11,
mp-780304,V4OF11,
mp-771049,Li2CoBO4,
mp-774365,LiMn2F5,
mp-695285,SrAlSi5N7O2,
mp-763134,V4(OF3)3,
mp-763900,NaCo2P3O10,
mp-763264,Li2FeSiO4,
mp-16866,KNpN3O11,
mp-776658,BaO,
mp-20846,CaIn2Ir,
mp-762447,Mg3Ti9O20,
mp-764460,Na5Fe11O16,
mp-540870,Fe2PO4F,
mp-774388,V4(OF3)3,
mp-18195,Lu2SiO5,
mp-555207,BN(OF2)2,
mp-764172,V4(OF3)3,
mp-698527,SbH3C2(O2F3)2,
mp-505412,KInS2,
mp-769254,Li2CuAsO4,
mp-555342,Na2CaSiO4,
mp-1020706,SrY2Si3O10,
mp-764879,V4(OF3)3,
mp-30129,Li4TaN3,
mp-764457,Na3FeO4,
mp-559808,Cs3PO4,
mp-766617,V4OF11,
mp-1080186,CaAl2Si3O10,
mp-1080223,MnHO2,
mp-1035948,RbYMg14O16,
mp-1036522,SrMg14AlO16,
mp-504450,Be2TlF5,
mp-1099193,YMg14CO16,
mp-1036060,YMg14FeO16,
mp-1036504,CsMg14AlO16,
mp-861746,Li4V3CrO8,
mp-1099161,YMg14TiO16,
mp-761421,LiCrPO5,
mp-764091,NaNi2P3O10,
mp-770592,Mn2PO5,
mp-770833,Li2SnBO4,
mp-1036614,Mg14AlZnO16,
mp-1036119,Mg14MnCO16,
mp-1036505,SrMg14AlO16,
mp-1035958,YMg14TiO16,
mp-1036389,CaMg14SnO16,
mp-1035986,YMg14ZnO16,
mp-1036271,Mg14MnCoO16,
mp-1036357,CaMg14NbO16,
mp-1036325,CaMg14NbO16,
mp-1036463,CaMg14FeO16,
mp-19033,WO3,
mp-31719,Cr2P3O11,
mp-1036571,KMg14AlO16,
mp-1036531,Mg14TiAlO16,
mp-1035990,KYMg14O16,
mp-1036393,CaMg14CuO16,
mp-540453,Li4FeP2O9,
mp-1035858,YMg14BO16,
mp-1036171,BaMg14MnO16,
mp-1036613,Mg14AlCoO16,
mp-1036562,CsMg14MnO16,
mp-1036050,Mg14MnNbO16,
mp-1035991,YMg14ZnO16,
mp-1036650,Mg14MnAlO16,
mp-1036443,CaMg14CoO16,
mp-1036400,CaMg14MnO16,
mp-1035784,Mg14ZnBiO16,
mp-1036305,BaCaMg14O16,
mp-1036231,CaMg14CO16,
mp-1035940,NaYMg14O16,
mp-1036359,CaMg14SiO16,
mp-1036586,Mg14AlCrO16,
mp-1036083,Mg14MnBO16,
mp-540457,Li4CrP2O9,
mp-1036452,Mg14AlBiO16,
mp-1036311,SrCaMg14O16,
mp-1035769,Mg14ZnBiO16,
mp-1036224,Mg14MnSnO16,
mp-1036641,Mg14AlVO16,
mp-1035956,YMg14CrO16,
mp-1036441,CsMg14MnO16,
mp-1036031,YMg14SnO16,
mp-1036209,Mg14TiMnO16,
mp-1036102,Mg14MnSiO16,
mp-1036268,Mg14MnNiO16,
mp-1035901,LiYMg14O16,
mp-1036503,CsMg14AlO16,
mp-1035923,SrYMg14O16,
mp-555283,V3S,
mp-1035823,KMg14BO16,
mp-1036470,HfMg14AlO16,
mp-1036396,CaYMg14O16,
mp-1035812,Mg14ZnFeO16,
mp-1036709,Mg14AlFeO16,
mp-1036361,CaMg14VO16,
mp-1036103,Mg14MnBO16,
mp-1036386,CaMg14CuO16,
mp-1036439,Mg14AlCdO16,
mp-29560,La6Si7Br3,
mp-1036160,SrMg14MnO16,
mp-1036515,BaMg14AlO16,
mp-1036610,Mg14AlZnO16,
mp-1035864,YMg14BO16,
mp-1036563,KMg14AlO16,
mp-1036604,Mg14AlSiO16,
mp-1035835,YHfMg14O16,
mp-1036617,Mg14AlVO16,
mp-569726,HoAlB14,
mp-1035754,Mg14ZnCdO16,
mp-1035839,YMg14CdO16,
mp-1035863,KMg14CrO16,
mp-1036544,NaMg14AlO16,
mp-31800,LiFe2P3O10,
mp-31921,Mn2P3O11,
mp-1036182,RbMg14MnO16,
mp-1036234,Mg14MnCuO16,
mp-1036582,Mg14AlSnO16,
mp-1036265,YMg14MnO16,
mp-1036637,Mg14MnAlO16,
mp-1035674,KMg14CO16,
mp-1036433,CaMg14MnO16,
mp-1036147,SrMg14MnO16,
mp-1036688,CaMg14AlO16,
mp-1036238,Mg14MnBiO16,
mp-655591,LiB13C2,
mp-1036036,HfMg14MnO16,
mp-1036574,RbMg14AlO16,
mp-1036309,Mg14MnSnO16,
mp-1035981,YMg14VO16,
mp-1036120,HfMg14MnO16,
mp-1036646,Mg14AlSnO16,
mp-1036398,Mg14AlBO16,
mp-1035930,RbYMg14O16,
mp-1036049,YMg14NiO16,
mp-1036281,KMg14MnO16,
mp-1036040,CsYMg14O16,
mp-1036013,YMg14CuO16,
mp-1035993,YMg14TiO16,
mp-1036333,Mg14MnCuO16,
mp-1036437,Mg14AlCO16,
mp-1036118,YMg14FeO16,
mp-1036237,Mg14MnFeO16,
mp-1036172,RbMg14MnO16,
mp-1035975,YMg14SnO16,
mp-1036690,YMg14AlO16,
mp-1036658,Mg14AlFeO16,
mp-1035804,Mg14ZnCdO16,
mp-1036569,Mg14AlSiO16,
mp-1036395,Mg14AlCdO16,
mp-1036621,YMg14AlO16,
mp-1036104,Mg14MnCrO16,
mp-1036151,Mg14MnVO16,
mp-540292,LiCrPO5,
mp-32106,LiMoPO5,
mp-1036401,CaMg14CoO16,
mp-1036059,YMg14CoO16,
mp-1035838,YMg14CdO16,
mp-1036235,Mg14MnCoO16,
mp-1036619,Mg14AlCoO16,
mp-567280,Yb5Bi3,
mp-1036383,CaMg14TiO16,
mp-1035917,NaYMg14O16,
mp-1035899,YMg14NbO16,
mp-32983,Nb3S5,
mp-1036233,KMg14MnO16,
mp-1036254,CaMg14BiO16,
mp-1036469,Mg14AlBiO16,
mp-1036644,CaMg14AlO16,
mp-1035962,KYMg14O16,
mp-1036069,Mg14MnCdO16,
mp-1036101,Mg14MnCrO16,
mp-1035886,YMg14BiO16,
mp-1036070,YMg14CoO16,
mp-1035992,YMg14CrO16,
mp-1036461,Mg14AlCO16,
mp-1035831,Mg14ZnFeO16,
mp-1036258,CaMg14BiO16,
mp-26531,LiCu2P3O10,
mp-1036557,Mg14TiAlO16,
mp-1035954,BaYMg14O16,
mp-1036223,YMg14MnO16,
mp-1036402,CaMg14NiO16,
mp-1036193,Mg14TiMnO16,
mp-1036397,SrCaMg14O16,
mp-1036329,CaHfMg14O16,
mp-1036490,CaMg14SnO16,
mp-1035885,BaYMg14O16,
mp-1035862,YMg14BiO16,
mp-1036537,LiMg14AlO16,
mp-1035918,LiYMg14O16,
mp-1036323,BaCaMg14O16,
mp-1036298,CaMg14SiO16,
mp-1036133,NaMg14MnO16,
mp-1036243,CaMg14CO16,
mp-1036519,BaMg14AlO16,
mp-1036532,NaMg14AlO16,
mp-1036618,Mg14AlNiO16,
mp-1036130,NaMg14MnO16,
mp-1035896,YMg14CO16,
mp-1035851,YMg14CO16,
mp-1035800,Mg14ZnCuO16,
mp-1035900,SrYMg14O16,
mp-1036521,Mg14NbAlO16,
mp-31309,RbInSe2,
mp-1036478,HfMg14AlO16,
mp-569174,Li2MgSi,
mp-1036615,Mg14AlNiO16,
mp-1036184,Mg14MnZnO16,
mp-1034869,RbCeMg14O16,
mp-28281,H4I3N,
mp-1036399,Mg14AlBO16,
mp-31214,Ti3P,
mp-1036222,YMg14NiO16,
mp-1036412,CaMg14ZnO16,
mp-1036367,CaMg14CrO16,
mp-1036005,YMg14CuO16,
mp-1036369,CaMg14TiO16,
mp-1036307,CaHfMg14O16,
mp-1035887,KMg14WO16,
mp-1036365,CaMg14ZnO16,
mp-1036047,Mg14MnNbO16,
mp-29334,K2PuCl5,
mp-1036194,Mg14MnFeO16,
mp-1035833,Mg14ZnCuO16,
mp-1036297,Mg14MnVO16,
mp-1036480,RbMg14AlO16,
mp-1036087,Mg14MnSiO16,
mp-1035801,YHfMg14O16,
mp-1036366,CaMg14VO16,
mp-1036378,CaYMg14O16,
mp-1036652,Mg14AlCuO16,
mp-1035811,KMg14WO16,
mp-1036220,LiMg14MnO16,
mp-1036086,Mg14MnCdO16,
mp-1035955,YMg14SiO16,
mp-1036428,CaMg14CrO16,
mp-1036207,Mg14MnZnO16,
mp-1036266,Mg14MnNiO16,
mp-1036525,Mg14NbAlO16,
mp-1035982,YMg14VO16,
mp-699459,CsLiH4S2(NO3)2,
mp-585181,LiCo2P3O10,
mp-559444,Gd2SiO5,
mp-697762,LiCrPO5,
mp-562007,Ba2CeC3O9F,
mp-505180,AlFePO5,
mp-1100523,Li9Mn7O16,
mp-1100607,Li9Mn2Co5O16,
mp-1100544,Li9Mn7O16,
mp-1100592,Li9Mn2Co5O16,
mp-1100615,Li9Mn2Co5O16,
mp-1100620,Li9Mn2Co5O16,
mp-1100478,Li9Mn2Co5O16,
mp-1100737,Li9Mn2Co5O16,
mp-1100488,Li9Mn7O16,
mp-1100672,Li9Mn2Co5O16,
mp-1100734,Li9Mn2Co5O16,
mp-561630,Ba7Ir6O19,
mp-1100547,Li9Mn7O16,
mp-1100519,Li9Mn7O16,
mp-1100724,Li9Mn2Co5O16,
mp-1100653,Li9Mn2Co5O16,
mp-1100584,Li9Mn2Co5O16,
mp-1100638,Li9Mn2Co5O16,
mp-868590,Li2VCrP2(O4F)2,
mp-1100499,Li9Mn7O16,
mp-1100501,Li9Mn7O16,
mp-1100726,Li9Mn2Co5O16,
mp-1100577,Li9Mn2Co5O16,
mp-1100514,Li9Mn7O16,
mp-1100522,Li9Mn7O16,
mp-1100700,Li9Mn2Co5O16,
mp-1100651,Li9Mn2Co5O16,
mp-1100516,Li9Mn7O16,
mp-1100603,Li9Mn2Co5O16,
mp-568086,NaSn,
mp-1100749,Li9Mn2Co5O16,
mp-1100484,Li9Mn7O16,
mp-1100520,Li9Mn7O16,
mp-1100634,Li9Mn2Co5O16,
mp-1100555,Li9Mn7O16,
mp-1100493,Li9Mn7O16,
mp-1100504,Li9Mn7O16,
mp-1100561,Li9Mn2Co5O16,
mp-1100680,Li9Mn2Co5O16,
mp-1101048,TiFe2O5,
mp-1100609,Li9Mn2Co5O16,
mp-1099057,CaMg14BiO16,
mp-1100755,Li9Mn2Co5O16,
mp-780705,Na(Bi3O5)4,
mp-690111,Co5(Bi2O5)4,
mp-694906,Co(Bi3O5)4,
mp-698563,Ni3(BiO2)10,
mp-673174,Fe8N3,
mp-675056,Na3(TiS2)10,
mp-674982,Li19Mn5N9,
mp-23494,Ti(Bi3O5)4,
mp-764429,Li3V2(O2F)2,
mp-695935,Na6ZnH4(S2O9)2,
mp-772790,Er(Bi3O5)4,
mp-640266,Ca3Al2O6,91.92384134
mp-8711,Cs2Li14Tb3O14,
mp-771598,V(SO4)2,
mp-771582,Fe(SO4)2,
mp-771564,Mn(SO4)2,
mp-763799,Li2Mn2FeO6,
mp-762760,Li2V(FeO3)2,
mp-763679,Li2Ti2VO6,
mp-762672,Li2Mn2NiO6,
mp-762559,Li2Ti(NiO3)2,
mp-762917,Li2Fe(NiO3)2,
mp-676713,Hf8PbO24,
mp-685100,Cu14I19,
mp-652025,Na8Si7O18,
mp-675991,Cd3(BiO2)10,
mp-675592,Ca(Bi2O3)2,
mp-684014,Sn14Sb11Pt8,
mp-764442,Li3V2(O2F)2,
mp-764441,Li3V2(O2F)2,
mp-772442,Co(SO4)2,
mp-764428,Li12Cr5O16,
mp-764424,Li3V2(O2F)2,
mp-764427,Li3V2(O2F)2,
mp-772423,Ni(SO4)2,
mp-772410,Ti(SO4)2,
mp-764389,Li3V2(O2F)2,
mp-767746,Li12Mn2Fe3O16,
mp-677325,Ba8Tl2Bi2Pb4O17,
mp-767580,Li4MnOF5,
mp-775149,Ti(SO4)2,
mp-760348,Li10Zn3(GeO4)4,
mp-675648,Pr9Be4O20,
mp-675571,Gd2Zr2O7,
mp-773979,Cr(SO4)2,
mp-763661,Fe2C2O7,
mp-773973,V(SO4)2,
mp-773972,Mn(SO4)2,
mp-680114,CdI2,
mp-680113,CdI2,
mp-680112,CdI2,
mp-680094,CdI2,
mp-680093,CdI2,
mp-680055,CdI2,
mp-763646,Sr3(CoO3)2,
mp-643071,Yb4Mg4Fe3H22,
mp-773676,Ni(SO4)2,
mp-853219,Li2Cr2NiO6,
mp-29101,Ce8SbPd24,
mp-766268,Bi12O16F5,
mp-773406,Co(SO4)2,
mp-773394,Fe(SO4)2,
mp-775155,Li4FeOF5,
mp-766079,Sr8Cu8O17,
mp-704736,K6U2Mo4O21,
mp-850919,Li2MnCr2O6,
mp-704703,Na6U2Mo4O21,
mp-690537,Co2Bi11O20,
mp-769643,Y(Bi3O5)4,
mp-763662,Co2C2O7,
mp-23352,Ge(Bi3O5)4,
mp-766035,Bi12Cl5O16,
mp-28731,V6C5,238.3497236
mp-31238,Ba3(SbO3)2,
mp-504806,K2Li14Pb3O14,
mp-504810,Rb2Li14Pb3O14,
mp-23492,Si(Bi3O5)4,
mp-17971,Rb2Li14Pr3O14,
mp-29305,Re2PbO8,
mp-18482,Yb4Al23Ni6,
mp-782636,Li2Cr2FeO6,
mp-850929,Li4MnF6,
mp-667342,Bi12PbO20,
mp-624418,CdI2,
mp-624417,CdI2,
mp-675424,Ba2P2O7,
mp-541432,Mn(Bi3O5)4,
mp-765763,Cr(SO4)2,
mp-850093,Li2VCr2O6,
mp-768770,Mg(ReO4)2,
mp-759324,Yb(Bi3O5)4,
mp-762754,Li2Fe2NiO6,
mp-779820,Li3Fe4(Si3O10)2,
mp-769405,Ho(Bi3O5)4,
mp-762684,Li2Ti(FeO3)2,
mp-669358,CdI2,
mp-669357,CdI2,
mp-762899,Li2Ni2SnO6,
mp-762835,Li2Mn(FeO3)2,
mp-762806,Li2V2FeO6,
mp-782631,Li2Cr(FeO3)2,
mp-761803,La9Ni5O19,
mp-850077,LiMn2(BO3)2,
mp-561492,ZnSb2(XeF4)6,
mp-559593,PS3N5F2,
mp-622197,Cs2PtS6(O3F)6,
mp-772198,Be(Bi3O5)4,
mp-581403,K3Na4Si3BF22,
mp-581770,Sm4Al23Ni6,
mp-558647,Cu9Se4(Cl3O7)2,
mp-582245,Ce4Al23Ni6,
mp-765606,Li12Fe5O16,
mp-647149,Ni7Te6(ClO9)2,
mp-782642,LiMn2(BO3)2,
mp-768947,Li10Zn3(GeO4)4,
mp-767812,Na5(WO3)7,
mp-763135,Li2Cr2CoO6,
mp-621864,Si4Mo2P4O23,
mp-644264,Ca4Mg4Fe3H22,61.17083156
mp-673703,Rb3Bi7Pb3(IO)10,
mp-560231,CuSb2(XeF4)6,
mp-32682,Te8Ir3,
mp-32597,Bi13O20,
mp-559813,Ba9Cu7Cl2O15,
mp-542069,Cs8Ta6O19,
mp-28402,Zn(Bi3O5)4,
mp-769060,Bi12BO20,
mp-560597,Na8Si6SnO18,
mp-556675,Rb2Li14Tb3O14,
mp-757798,Bi12PO20,
mp-29957,Zr5Te6,
mp-607525,Ba11(Cd4Bi7)2,
mp-849330,Li2V2CrO6,
mp-849448,Li2Fe2CuO6,
mp-675033,Ga12Ag2Te19,
mp-669309,CsY10(C2I9)2,
mp-762999,Li4FeOF5,
mp-757916,Bi12AsO20,
mp-769006,Li(Bi3O5)4,
mp-697915,Yb3H8,
mp-690530,Li2Co4O5,
mp-765203,Li11Cr3Fe3O16,
mp-28632,Ga(Bi3O5)4,
mp-32899,Li2S,
mp-28016,Li4Ge9O20,
mp-4847,Y4Al23Ni6,
mp-17208,K2Li14Zr3O14,
mp-766433,Sr3Li4Nb6O20,
mp-691140,Co8(BiO4)5,
mp-849319,Dy(Bi3O5)4,
mp-29176,Na8Si7O18,
mp-675614,K2In12Se19,
mp-655147,Ba11(Cd4Bi7)2,
mp-765066,LiMnVP2(HO5)2,
mp-775868,NbFe3(PO4)6,
mp-768484,Sb2(SO4)3,
mp-768467,Bi2(SO4)3,
mp-765033,Li10Mn5Fe3O16,
mp-765030,Li10Mn3Cr5O16,
mp-687212,Cr(PO3)4,
mp-850952,Li2Mn3(BO3)3,
mp-764933,Li10Mn2Fe3Ni3O16,
mp-768615,Sr3La2Cl12,
mp-698101,U(HO)8,
mp-641775,Sr19In8N7,
mp-850881,Li2Mn3(BO3)3,
mp-850487,Li7VGeO8,
mp-767726,Li2Fe2Si3O10,
mp-672287,Li13Si4,32.48732561
mp-781955,Li2Mn3(BO3)3,
mp-764311,Li5Cr3NiO8,
mp-675383,Li3(Mo3S4)2,
mp-849616,Li2Mn3(BO3)3,
mvc-15104,Ni(PO3)4,
mp-695772,Mo(PO3)4,
mp-766396,Ti(PO3)4,
mp-673088,Nb(PO3)4,
mp-771951,Ba3La2Br12,
mp-771914,Ba3La2Cl12,
mp-675084,Ca4Al3O10,
mp-672950,Sb(PO3)4,
mp-771713,Cr2(WO4)3,
mp-743820,Cu3Mo2(HO5)2,
mp-684884,Ba4TlBiPb2O9,
mp-768715,Li3BiB4O9,
mp-861583,Nb3Fe(PO4)6,
mp-759444,LiSb2P3O11,
mp-851049,LiV4OF11,
mvc-12912,Y2Cr3O12,
mp-772662,MnH4(SO5)2,
mp-764265,Li10Mn3V5O16,
mp-764313,KLiMnP3HO10,
mp-6652,KZn4(BO3)3,
mp-780910,Li2Mn3(BO3)3,
mp-764096,Li10V3Cr5O16,
mp-763869,Li10Fe5Co3O16,
mp-780813,Li2Mn3(BO3)3,
mp-861544,Li2Fe2Si3O10,
mp-3652,Ta9(FeS3)2,
mvc-13130,Ca3Mn2(FeO5)2,
mp-780771,LiV4OF11,
mp-720262,Al2Si2H4O9,
mp-707304,Be4Si2H2O9,
mp-763226,Li2Ni3(BO3)3,
mp-638276,LiEu4C3(IN2)3,
mvc-11930,Ca3Mn2(GaO5)2,
mvc-11893,Ba3Al4(Sb2O7)3,
mp-677078,Ca11AlSi3ClO18,
mp-780632,Li10Fe2Co3Ni3O16,
mp-772589,Li2Fe(Si2O5)2,
mp-683907,Yb2Te4O11,
mp-5669,Ca19Ag8N7,
mp-859120,ThNb4O12,
mp-866684,RbTh3F13,
mp-762500,LiTi2P3O11,
mp-976920,Ni9S8,
mp-976307,K4Ba(SiO3)3,
mp-975622,Rb2Al2Si3O10,
mp-685615,Na11N7O16,
mp-780135,Li2Mn3(BO3)3,
mp-762393,Li2Cr(Si2O5)2,
mp-779868,Li10Fe3Co2Ni3O16,
mp-723406,LaP3H3O10,
mp-779764,Li10Ti2Mn3Co3O16,
mp-779753,LiV4OF11,
mp-771944,Ba3La2Cl12,
mp-676528,SrTe5O11,
mp-770630,RbLi2Cr2(BO3)3,
mp-769539,Li7VGeO8,
mp-774317,Li3VP2H2O9,
mp-779223,Li10Mn3Co2Ni3O16,
mvc-15035,Ca3Ga2(FeO5)2,
mvc-15019,V2(PO4)3,
mp-644277,Fe2CuH4(OF4)2,
mp-778771,Li10Cr3Co2Ni3O16,
mp-762007,Li7(NiO2)9,
mp-561769,Cu5Se2(ClO4)2,
mp-5121,Nd2Te4O11,
mp-3073,Sm2Te4O11,
mvc-12164,Y2Cr3O12,
mp-689931,V(PO3)4,
mp-780518,Li5(NiO2)4,
mp-974650,Re2S2O13,
mp-775598,VFe3(PO4)6,
mp-780512,Li2Mn3(BO3)3,
mp-780494,Li10Mn3Cr3(CoO8)2,
mp-780312,Li5(FeO2)4,
mp-775489,CrP6(WO8)3,
mp-683903,Cs3Nb2AsSe11,
mp-775468,Mn3V(PO4)6,
mp-775465,MnSb3(PO4)6,
mp-769329,RbLi2B3Sb2O9,
mp-775463,V3Ni(PO4)6,
mp-643409,Ba4Y(CuO3)3,103.9720405
mp-765074,LiMnVP2(HO5)2,
mp-780197,Li2Mn3(BO3)3,
mp-775453,Co3P6WO24,
mp-772443,FeSn3(PO4)6,
mp-767853,Li2Mn2Si3O10,
mp-772432,FeH4(SO5)2,
mp-764440,Cr(PO3)4,
mp-772424,RbLi2V2(BO3)3,
mp-780149,Li2Mn3(BO3)3,
mp-767823,Li3Fe2(PO5)2,
mp-772387,SnP6(WO8)3,
mp-780138,Li3V2(SiO5)2,
mp-780111,Li2Mn3(BO3)3,
mp-772373,TiP6(WO8)3,
mp-780102,Li2Mn3(BO3)3,
mp-767776,P4WO12,
mp-772346,Tm2(WO4)3,
mp-767756,V2Bi4O11,
mp-772349,V5(BO5)2,
mp-772332,Nb3Co(PO4)6,
mp-555508,Ca11Si4SO18,
mp-772325,MgCr3(SO4)6,
mp-772303,Sb2(PO4)3,
mp-767578,P4WO12,
mp-775437,V3P6WO24,
mp-775436,Ti3Fe(PO4)6,
mp-767549,P4WO12,
mp-752705,Ti(PO3)4,
mp-764234,Li13Mn3Nb2O16,
mp-761922,LiNb(TeO4)3,
mp-752475,Rb2Ga2Ge3O10,
mp-868606,V2Si4O11,
mp-767404,Gd2As4O11,
mp-687011,Ba7Ca2Mn5O20,
mp-775275,Mn3Sb(PO4)6,
mp-775272,TiFe3(PO4)6,
mp-761345,P4WO12,
mp-775231,NiSb3(PO4)6,
mp-973335,Hg2H6CN3Cl5,
mp-775225,Nb3Ni(PO4)6,
mp-775224,NbV3(PO4)6,
mp-775219,Cr3P6WO24,
mp-775218,MnNb3(PO4)6,
mp-775217,CoSb3(PO4)6,
mp-775215,Li10Cr3Fe3(NiO8)2,
mp-775210,Sb3P6WO24,
mp-775206,VSb3(PO4)6,
mp-775202,CrSb3(PO4)6,
mp-775201,Cr3Fe(PO4)6,
mp-775198,Ti3P6WO24,
mp-775181,Mn3Nb(PO4)6,
mp-779379,LiV4OF11,
mp-764037,Li10V5Cr3O16,
mp-684083,Sb(PO3)4,
mp-769544,MgCr3Se2(SO6)4,
mp-770725,RbLi2Mn2(BO3)3,
mp-770719,RbLi2Ni2(BO3)3,
mp-684017,Y2Te4O11,
mp-770709,RbLi2Fe2(BO3)3,
mp-764013,Li5V3CrO8,
mp-775128,Fe3Sb(PO4)6,
mp-770701,Li2Si4NiO10,
mp-770682,Li2Co(Si2O5)2,
mp-640907,Rb8Fe2O7,
mp-761306,Li3CrB4O9,
mp-770655,Li3Fe5O9,
mp-779519,Ba4Hf3O10,
mp-770633,RbLi2Co2(BO3)3,
mp-676009,Na3Cr11Se20,
mp-761291,Li3FeB4O9,
mp-763847,RbLiMnP3HO10,
mvc-15109,YCu3(WO4)6,
mp-774074,Na2Sb4O11,
mp-775008,V3Cr(PO4)6,
mp-775007,SbP6(WO8)3,
mp-734875,H2Pb4C(Cl3O2)2,
mp-775004,Fe3P6WO24,
mp-638469,BaC2S2(OF)6,
mp-763791,Mn(PO3)4,
mp-866302,BaNaP3H3(NO2)3,
mp-774803,TiSb3(PO4)6,
mp-766985,V(PO3)4,
mp-733844,Na3GaP2H2O9,
mp-779059,LiV4O5F7,
mp-774586,Nb3Sb(PO4)6,
mp-774561,Zr2(PO4)3,
mp-774535,TiNb3(PO4)6,
mp-774502,NbSb3(PO4)6,
mp-774466,CoP6(WO8)3,
mp-640045,Ti8Bi9,
mp-640041,NbZn16,84.8957516
mp-774461,TiMn3(PO4)6,
mp-774426,Nb3Cr(PO4)6,
mp-774425,FeSb3(PO4)6,
mp-774423,V3Cu(PO4)6,
mp-774419,MnCr3(PO4)6,
mp-774418,TiV3(PO4)6,
mp-774417,Sn3P6WO24,
mp-774416,Ti3Cr(PO4)6,
mp-774414,Ti3Mn(PO4)6,
mp-774413,MnV3(PO4)6,
mp-774041,Cr3Sb(PO4)6,
mp-774025,TiCr3(PO4)6,
mp-774022,CrSn3(PO4)6,
mp-524,Ba3As14,
mp-778830,Li10Ti2Fe3Co3O16,
mp-760109,Bi2(SO4)3,
mp-733650,CuH6(SeO4)2,
mp-779001,Sr4Hf3O10,
mp-778885,Li10Mn3Cr2Ni3O16,
mp-636525,Zr7Ni10,
mp-773874,CuSb3(PO4)6,
mp-3285,Na2Ta4O11,
mp-770351,Tb2(WO4)3,
mp-778822,Mn2(SO4)3,
mp-778799,Nb3P6WO24,
mp-853213,Li2Mn3(BO3)3,
mp-780140,Li5(CoO2)4,
mp-853200,Li2Mn3(BO3)3,
mp-853195,Li2Mn3(BO3)3,
mp-853194,Li2Mn3(BO3)3,
mp-778703,Li4Mn3F10,
mp-766665,Li6V(SiO4)2,
mp-773619,V3Fe(PO4)6,
mp-853184,NiP6(WO8)3,
mp-721727,NaBH8O7,
mp-853177,Nb3V(PO4)6,
mp-766463,Na3GaB4O9,
mp-758178,Li2Cu3(CO3)3,
mp-766504,Te2(PO4)3,
mp-773513,Er2(WO4)3,
mp-770220,Ni2(SO4)3,
mp-721216,Al2Si2H4O9,
mp-758845,Ba5Nb2O10,
mp-770202,Ni2(SO4)3,
mp-758810,LiBi2P3O11,
mp-851036,P3(WO6)2,
mp-851005,Li2Mn3(BO3)3,
mp-772428,LiV(SO4)3,
mp-764393,LiV(SO4)3,
mp-770148,Li3VB4O9,
mp-676563,Ta4Cu2O11,
mp-850980,Li2Mn3(BO3)3,
mp-850965,Li2Mn3(BO3)3,
mp-628617,Cs4K2Cu(SiO4)2,
mp-770100,Mn2(SO4)3,
mp-777719,LiV4O5F7,
mp-777713,Li10Ti2Mn3Ni3O16,
mp-642331,Ca19In8N7,
mp-777706,Li10Mn2Fe3Co3O16,
mp-759722,SiH8(NF3)2,
mp-17268,Lu2Cu(B2O5)2,
mp-25960,Bi(PO3)4,
mp-26074,Bi2(PO4)3,
mp-17304,Ba4Ru3O10,
mp-17323,TbCu(BO2)5,
mp-689960,Mn(PO3)4,
mp-31039,Rb6Te2O9,
mp-17395,TmCu(BO2)5,
mp-31070,As8S9,
mp-504350,Sb(PO3)4,
mp-504355,Bi(PO3)4,
mp-28606,K3AuSe13,
mp-27140,K2Sb4O11,
mp-504587,Fe9Cu9S16,
mp-540706,Na2Nb4O11,
mp-30097,Bi2Te7Cl8,
mp-31245,Tb2Te4O11,
mp-31247,Eu2Te4O11,
mp-31249,La2Te4O11,
mp-504827,Ga10GePb3O20,
mp-17689,Ba4Ir3O10,
mp-28798,Nb4Te12I,
mp-17699,Er2Cu(B2O5)2,
mp-27290,Sb2XeF14,
mp-27292,Hg3As2F12,
mp-27310,Na4Sn3F10,
mp-27342,Ge5F12,
mp-17803,Nb2Tl4S11,
mp-505055,Na3B5Pt9,
mp-28908,Ba5(RuO5)2,
mp-27441,Au2Se4O11,
mp-17951,Cs4Zn3F10,
mp-23994,U2Si(H2O5)2,
mp-23995,Al2P3(HO3)3,
mp-18033,Na2Cu(Si2O5)2,
mp-505428,Ce2(WO4)3,
mp-27615,U(PO3)4,
mp-24217,Sc2P3(HO3)3,
mp-18259,Ho2Cu(B2O5)2,
mp-29265,Nd2(SO4)3,
mp-18344,Ta2Tl4S11,
mp-18388,Ga7Te10,
mp-27908,Fe12N5,
mp-18576,Tm2Cu(B2O5)2,
mp-18595,LuCu(BO2)5,
mp-18664,K4Ta2S11,
mp-18998,Sr4Mn3O10,
mp-559063,CsBC3NO2F9,
mp-542514,Ho2Te4O11,
mp-542515,Gd2Te4O11,
mp-542545,K3Nb2AsSe11,
mp-687105,ThCd(MoO4)3,
mp-542676,Lu2Te4O11,
mp-559275,Na3Fe5O9,
mp-540197,Fe(PO3)4,
mp-540329,Fe2(PO4)3,
mp-540332,Nb2(PO4)3,
mp-540340,Cr2(PO4)3,
mp-559154,Ti4Bi2O11,
mp-555023,KCa4(BO3)3,
mp-774537,Ti2(PO4)3,
mp-763364,Li4Co(SiO3)3,
mp-653337,Ba4Yb(CuO3)3,
mp-756970,Al2(SeO4)3,
mp-752420,Ba3Y2F12,
mp-765717,Li5VCr3O8,
mp-850237,Li5Cr4O8,
mp-850225,FeP6(WO8)3,
mp-674339,Tl6PbI10,
mp-673807,Na3Sm7Cl24,
mp-765732,VP6(WO8)3,
mp-777601,Li10Mn3Cr3(FeO8)2,
mp-645938,Li5VP2O9,
mp-779815,LiV4OF11,
mp-772017,Ba3La2Cl12,
mp-684783,Na2Pr4Br9NO,
mp-623087,Re3(TeBr)7,
mp-850410,Li2Mn3(BO3)3,
mp-28274,Ba3In2F12,
mp-773192,Gd2(WO4)3,
mp-765854,Li3V2F12,
mp-706627,ZnH6C2(NO)4,
mp-777056,MnP6(WO8)3,
mp-850396,Li2Mn3(BO3)3,
mp-708035,NaZn(H3O2)3,
mp-849676,Li5Mn4O8,
mp-773126,Sm2(WO4)3,
mp-683905,K3Ta2AsSe11,
mp-683902,Rb3Nb2AsSe11,
mp-765326,MnH8(NF3)2,
mp-765322,Li5MnCr3O8,
mp-850179,Li2Mn3(BO3)3,
mp-850172,Li2Mn3(BO3)3,
mp-765769,Li10Ti3Mn5O16,
mp-850171,Li2Mn3(BO3)3,
mp-777251,Li2Mn3(BO3)3,
mp-777250,Li2Mn3(BO3)3,
mp-707530,Na3AlP2H2O9,
mp-735530,Ba2Fe3P6HO22,
mp-776858,Cr3Ni(SO4)6,
mp-772450,Mn3Cr(PO4)6,
mp-773999,MgCr3Se3(SO8)3,
mp-777139,Li2Mn3(BO3)3,
mp-850028,Li2Mn3(BO3)3,
mp-707041,PH10SN3O2,
mp-768978,Ho2(SO4)3,
mp-772086,Ba4Sn3O10,
mp-607021,Sr4Mn2Cu3(SO)4,
mp-768950,Sn2(SO4)3,
mp-772663,MnH4(SO5)2,
mp-669540,K2PtN4(ClO4)2,
mp-543034,Ba3Zn6Si4TeO20,
mp-543047,KNaCu(Si2O5)2,
mp-540427,V(PO3)4,
mp-5476,Cs4Mg3F10,
mp-31661,LiCr2P3O11,
mp-561380,Ag2Te4O11,
mp-29580,Ta9(CoS3)2,
mp-31745,Cr(PO3)4,
mp-561481,Ba5Ru2ClO9,
mp-557298,Fe2Pb3F12,
mp-554027,Y7C3I6O,
mp-557354,Tm2Te4O11,
mp-554147,Rb2Nb2P2S11,
mp-554163,Cu5Se2(ClO4)2,
mp-554240,NaCa4(BO3)3,
mp-557584,K4Ba(GeO3)3,
mp-554346,KSr4(BO3)3,
mp-540684,Eu2(WO4)3,
mp-31874,Fe(PO3)4,
mp-1096779,Ba4Ce(CuO3)3,
mp-558023,Rb2Sb4O11,
mp-558142,Cs4Ni3F10,
mp-581527,Bi14Rh3,
mp-555463,RbTh3F13,
mp-559790,K2Nb3Cl7O5,
mp-558347,K4Ba(SiO3)3,
mp-558393,Rb2Nb3Cl7O5,
mp-581795,Er2Te4O11,
mp-558541,H9C3SeSN2Cl,
mp-559836,H9C3S2BrN2,
mp-32003,Mn(PO3)4,
mp-559859,Fe2(SO4)3,
mp-32018,Mn(PO3)4,
mp-558801,K2Pr4Cl9O2,
mp-562708,Eu2(MoO4)3,
mp-559911,V4S9Br4,
mp-558894,Ba4Ti2PtO10,
mp-32055,Mo2(PO4)3,
mp-762652,LiFe2P3O11,
mp-768883,Sn2(SO4)3,
mp-772013,V3Sb(PO4)6,
mp-762647,K4Li3Mn2O8,
mp-772627,Ho2(WO4)3,
mp-772610,Ho2(SeO4)3,
mp-706426,Ca2P2H4O9,
mp-772587,Sr4Li4Nb5FeO20,
mp-615550,BaMo2(PO6)2,
mp-768611,Ba3(YI6)2,
mp-763590,K4Li3(FeO4)2,
mp-761639,Mn3Co(PO4)6,
mp-722316,KPH5C2SN3O4,
mp-761636,Cr3Co(PO4)6,
mp-669311,In7Te10,
mp-768516,Ti2(SO4)3,
mp-768510,Ba4Sn3O10,
mp-705588,Fe8O9,
mp-762541,Li4Fe(SiO3)3,
mp-768500,Sb2(SO4)3,
mp-768486,Sb2(SO4)3,
mp-778629,LiV4OF11,
mp-645719,Ca4In3Au10,
mp-652260,Rb5LiSi2NiO8,
mp-769213,Dy2(SeO4)3,
mp-769207,Y2(SeO4)3,
mp-767923,Li6W2O9,
mp-676737,K9(NbAs3)2,
mp-772073,Li2Nb4O11,
mp-676644,Yb(Ga3Te5)2,
mp-676609,Ga6SnTe10,
mp-676519,Sr6Nb7O21,
mp-638104,Nb2Tl4Se11,
mp-781502,Li2Mn3(BO3)3,
mp-646397,Sm2(MoO4)3,
mp-646039,In7Cu10,
mp-645935,Ni3Mo2SeO11,
mp-645929,Ni3TeMo2O11,
mp-768507,Cu2(SO4)3,
mp-768482,Bi2(SO4)3,
mp-768453,Lu2(SO4)3,
mp-675750,Ca(Ga3Te5)2,
mp-774406,Cr3Ni(PO4)6,
mp-768451,Cu2(SO4)3,
mp-778517,Mn3Sn(PO4)6,
mp-774402,VCr3(PO4)6,
mp-698685,V2Bi4O11,
mp-698669,Nd2(MoO4)3,
mp-698357,SnH8(CI)4,
mp-849537,V6O11,
mp-765323,Li13Mn3(SbO8)2,
mp-645514,Bi12Rh3Br2,
mp-745104,Gd2(MoO4)3,
mp-698132,Al2Si2H4O9,
mp-767900,Li4Si3NiO9,
mp-697948,Cs4Mg3H10,
mp-774347,Mn3Fe(PO4)6,
mp-761473,V2Bi4O11,
mp-780877,Li2Mn3(BO3)3,
mp-774310,Li10Cr2Fe3Co3O16,
mp-774408,Li10Mn3Cr3(NiO8)2,
mp-765364,Li10Mn2V3Cr3O16,
mp-744574,CoH6(SeO4)2,
mp-32071,LiMo2P3O11,
mp-32077,Mo2(PO4)3,
mp-32094,Mo2(PO4)3,
mp-559964,Ti6O11,
mp-541083,KPH5C2S2(NO)3,
mp-560019,K2Ge3(BO5)2,
mp-541147,Cu4Se3O10,
mp-541152,Al2Si2H4O9,
mvc-14541,Ni(PO3)4,
mp-32365,Ni(PO3)4,
mp-555759,Re2(HgO2)5,
mp-555824,SrMo2(AsO6)2,
mp-32457,V(PO3)4,
mp-555829,Na2Pr4Cl9O2,
mp-32490,V(PO3)4,
mp-32509,V(PO3)4,
mp-32516,LiV2P3O11,
mp-541403,Hg7(P2Br3)2,
mp-541450,In2(SO4)3,
mp-541451,Ga2(SO4)3,
mp-541571,Na2Si4NiO10,
mp-542143,RbZn4(BO3)3,
mp-542140,Ta2Tl4Se11,
mp-866383,Fe2C4Cl2O9,
mp-559639,K4U(PO5)2,
mp-510127,V6O11,
mp-1094097,Rb2Ce2Fe4O9,
mp-510253,Dy2(WO4)3,
mp-510342,Dy2Te4O11,
mp-556562,LiAsH6(OF2)3,15.92486703
mp-560535,K4Sr(SiO3)3,
mp-560905,Na2NpH2(CO3)3,
mp-560937,Na3Si3SnO9F,
mp-697802,LiNi2P3O11,
mp-25724,V2(SO4)3,
mp-18791,Ba4Mn3O10,
mp-19627,Na2Co(Si2O5)2,
mp-19642,Ho2Ni(B2O5)2,
mp-553927,Pu(IO3)4,
mp-19700,Yb2Be2Si2NiO10,
mp-1023127,Ba4Cu3PbO9,93.49894816
mp-18959,Y2Be2Fe(SiO5)2,
mp-21672,Eu(Ni5P3)2,
mp-19130,KNaFe(Si2O5)2,
mp-765324,LiMnVP2(HO5)2,
mp-771178,Li3MnB4O9,
mp-698349,CdH6C4(S2O)2,
mp-765318,LiVFeP2(HO5)2,
mp-765317,LiVFeP2(HO5)2,
mp-771136,Ho2(SeO4)3,
mp-757808,Sb(PO3)4,
mp-667294,Ca5(PPd)6,
mp-744929,Li2Cr2H4O9,
mp-765275,Li3V2F12,
mp-768972,Ba3Y2Cl12,
mp-647442,KNaMn(Si2O5)2,
mp-849260,ReH8(I3N)2,
mp-771230,Na4Li3(FeO4)2,
mp-849254,NbCr3(PO4)6,
mp-697797,V(PO3)4,
mp-757608,Hg2P2H4O9,
mp-774319,Li10Ti2Fe3Ni3O16,
mp-774318,Li10Fe3Co3(NiO8)2,
mp-697769,Mo(PO3)4,
mp-774315,Li10Ti3Co3(NiO8)2,
mp-757586,Ba2Tl(HO)7,
mp-771211,Lu2(WO4)3,
mp-768088,Mn2Si4O11,
mp-676724,Ca(Al3Te5)2,
mp-757495,Sn(PO3)4,
mp-768399,Ba3Y2Br12,
mp-649084,Sr2B8Ru7,
mp-765151,LiMnVP2(HO5)2,
mp-765057,Li5FeNi3O8,
mp-696989,NaPH5C2SN3O4,
mp-654139,Nd2Ti4O11,
mp-765112,LiVCrP2(HO5)2,
mp-765111,LiVFeP2(HO5)2,
mp-1019744,K2Al2Si3O10,
mp-744637,Ba2V3P6HO22,
mp-849233,Li2Mn3(BO3)3,
mp-849217,Li4Mn(SiO3)3,
mp-765078,LiVCrP2(HO5)2,
mp-757155,Nb(PO3)4,
mp-23493,Ce(IO3)4,
mp-560707,Cr2Te4O11,
mp-25188,Nd2(WO4)3,
mp-25192,La2(WO4)3,
mp-19361,Cr2(SO4)3,
mp-560715,Sn5(PO5)2,
mp-25644,Li3V2(SiO5)2,
mp-560766,Ba4Nd2Cu2O9,
mp-25692,Fe2P3(HO3)3,
mvc-8850,TiSb(PO4)3,
mvc-7929,Fe2(TeO4)3,
mvc-8014,Fe2(WO4)3,
mvc-8023,Fe2(MoO4)3,
mvc-7922,Cr3(FeO6)2,
mvc-8861,TaTi(PO4)3,
mvc-8864,TiTe(PO4)3,
mvc-8874,TiBi(PO4)3,
mvc-8858,TiRe(PO4)3,
mvc-9202,TiMo(PO4)3,
mvc-9210,TiP3WO12,
mvc-16353,ZnCr3(SO4)6,
mvc-16581,MgCr3(SO4)6,
mvc-1750,Ti(PO3)4,
mvc-1758,Sn(PO3)4,
mvc-1868,Sb(PO3)4,
mvc-2222,Mo(PO3)4,
mvc-2220,P4WO12,
mvc-2202,Co(PO3)4,
mvc-2288,Mn(PO3)4,
mp-27437,Zr(IO3)4,
mp-643735,H8Pd(NCl3)2,
mp-698392,CdH9C3NCl3,
mp-866825,U(PO3)4,
mp-780683,Na2Sb4O11,
mp-765067,LiVCrP2(HO5)2,
mp-757131,Sn(PO3)4,
mp-757101,Li2Cu(Si2O5)2,
mp-654202,Tl4Fe(CN)6,
mp-696655,Sb2P3(HO3)3,
mp-1020141,Na2Al2Si3O10,
mp-1019723,CsZn4(BO3)3,
mp-1016109,ZrZn16,
mp-1016106,HfZn16,
mp-690568,V2Bi4O11,
mp-16156,Sr(Ni5P3)2,
mp-16220,Si,61.90449499
mp-1195,Ba3P14,
mp-1853,Sr3P14,
mp-2327,TiZn16,78.94729526
mp-14506,Al7Te10,
mp-14765,Ba(Ni5P3)2,
mp-763131,Li4Fe3Co7O20,
mp-15843,Ge9Pd25,
mp-19348,Al4Co(BO5)2,
mp-24563,Ga2P3(HO3)3,
mp-29576,Cd7P10,
mp-4417,Al2(SO4)3,
mp-24657,ZnBP2H4NO8,
mp-24662,Rb4Mg3H10,
mp-29589,Ta3(Se4Br3)2,
mp-698301,ZnH6C2(SO3)2,
mp-16800,Sc2(SO4)3,
mp-29631,Li11Ge6,
mp-16872,RbLi2Ga2(BO3)3,
mp-704918,Fe2(SO4)3,
mp-29680,Ta2Bi4O11,
mp-17102,Ba4Ir3O10,
mp-25661,Fe2(PO4)3,
mp-2980,Pr2Te4O11,
mp-23119,Cu5Se2(ClO4)2,
mp-31064,B6H10N,
mp-17242,Nb2(PO4)3,
mp-28464,Re3(TeI)7,
mp-567383,Sr4Mn3O10,
mp-758427,Li2Cu3(CO3)3,
mp-779759,LiV4OF11,
mp-559364,SrBi2(B2O5)2,
mvc-9175,TiV(PO4)3,
mvc-9204,TiCr(PO4)3,
mp-868705,Na6(WO3)7,
mp-1098016,Li3Eu2(BO3)3,
mp-687059,Co(PO3)4,
mp-604965,Al4Co(BO5)2,
mp-654402,Cs4Ni3F10,
mp-766634,Li4Fe9CoO20,
mp-636383,Ba4Sm2Cu2O9,
mp-850159,Li2Mn(Si2O5)2,
mp-770008,Co2(SO4)3,
mp-767897,ZnFe2As2(HO5)2,
mp-779340,LiV4O5F7,
mp-555999,Np(IO3)4,
mp-722267,Na5H7(Se2O9)2,
mp-29219,Ba2(Ni3B2)3,
mp-743649,Li2Cr2H4O9,
mp-765302,Li5Fe2(BO4)2,
mp-763028,Li4FeCo9O20,
mvc-14989,Al2(WO4)3,
mp-561018,Na3Sc2(BO3)3,
mp-766515,ZnH6(SeO4)2,
mp-772938,Li2Ta4O11,
mp-984755,Nb4Ag2O11,
mp-763765,Li2Fe3(BO3)3,
mp-780319,Li3MnP2H2O9,
mp-767582,Li2V(Si2O5)2,
mp-616251,Cs4Fe3F10,
mp-742801,V2CuH6(NO3)2,
mp-23750,SiH9C4F3,
mp-504953,Na2As4O11,
mp-540021,LiMn2P3O11,
mvc-2213,Fe(PO3)4,
mp-540074,Fe(PO3)4,
mp-540480,V2(PO4)3,
mp-25634,Li3V2(GeO5)2,
mp-585256,Co(PO3)4,
mp-31550,Co(PO3)4,
mp-29785,Zr2(V2Sb3)3,
mp-31248,Ce2Te4O11,
mp-26952,Sb(PO3)4,
mp-31941,Mn2(PO4)3,
mp-504341,Sb(PO3)4,
mp-540317,Cr2(PO4)3,
mp-31734,Cr(PO3)4,
mp-540424,Cr(PO3)4,
mp-585418,Fe(PO3)4,
mp-32389,LiNi2P3O11,
mp-540467,Co(PO3)4,
mp-540264,Co(PO3)4,
mp-540072,Fe(PO3)4,
mp-541049,Sr7Nb6O21,
mp-31572,Co(PO3)4,
mp-31998,Mn(PO3)4,
mp-32469,V2(PO4)3,
mvc-2237,V(PO3)4,
mp-504324,Bi(PO3)4,
mp-32544,Ti9O8,
mp-32028,Mn(PO3)4,
mp-689972,Co(PO3)4,
mp-616733,Fe2Pb3F12,
mp-32343,Ni(PO3)4,
mp-689920,Cr(PO3)4,
mp-714930,V6O11,
mp-697783,Cr(PO3)4,
mp-637039,Cr2Te4O11,
mp-697777,Mn(PO3)4,
mp-654001,Na3Fe5O9,
mp-680568,Ti6O11,
mp-697803,Fe(PO3)4,
mp-640920,Eu2(MoO4)3,
mp-697781,Fe(PO3)4,
mp-695778,V(PO3)4,
mp-703233,Fe(PO3)4,
mp-560542,Na2Cu(Si2O5)2,
mp-697785,LiV2P3O11,
mp-1100931,V2Bi4O11,
mp-561859,Dy2Te4O11,
mp-6645,Ba14Na14CaN6,
mp-555606,Na10Be4Si4O17,
mp-984716,CaSn4(PO4)6,
mp-687229,Li2Mo(PO3)8,
mp-767843,Li5Mn6(BO3)6,
mp-505473,Al(Ni10B7)2,
mp-782654,Li5Mn6(BO3)6,
mp-983519,SnH22C6(NCl2)2,
mp-769551,V9PO25,
mp-765671,Na8(NiO2)9,
mp-776789,Li5Mn6(BO3)6,
mp-764445,LiNbCo3(PO4)6,
mp-740764,Cu9P4(HO10)2,
mp-781670,Li5Mn6(BO3)6,
mp-764378,LiCo3Sb(PO4)6,
mp-735506,Li9Co9O17,
mvc-11942,CaTi2Fe2(PO4)6,
mp-766404,Ba8Cu8O19,
mp-684711,Zr3S4,
mvc-12911,V4Zn(PO4)6,
mp-673116,Bi5(PO4)6,
mp-695946,NiH16C4S4(N4Cl)2,
mvc-11864,Rb6Al2(Sb2O7)3,
mp-648006,Tb4In20Ni11,
mp-743818,Sr5Nd5Cu(NiO5)4,
mp-694564,Li2Fe(PO3)8,
mp-680664,U4Ga20Ni11,
mp-780199,Li5Mn6(BO3)6,
mp-685158,Cu16I19,
mp-684802,Sr8La3(RuO7)3,
mp-619836,Nd4V5(Si2O11)2,
mvc-12916,V6Zn(FeO6)4,
mvc-11885,Ba4CaTl4(Cu3O10)2,
mp-769424,Li5Fe6(BO3)6,
mp-780308,Li5Mn6(BO3)6,
mp-766888,Sb9PO25,
mp-772437,V3Bi2(PO4)6,
mp-780156,Li5Mn6(BO3)6,
mp-772341,Ti3MnCr(PO4)6,
mp-677596,Sn(BiTe2)2,
mp-705424,Fe17O18,
mp-677385,Sr6La4Mg2Ru3O20,
mp-677108,Li7(Mo3S4)4,
mp-767558,LiCo3Sb(PO4)6,
mp-770969,LiVSn3(PO4)6,
mp-743577,FeH12C2S2(O2F)6,
mp-769554,LiMgCr3(SO4)6,
mp-769552,LiMgCr3Se2(SO6)4,
mp-769549,LiZnCr3(SO4)6,
mp-761331,LiTi3V(PO4)6,
mp-743566,MnFe2Sb2(PO4)6,
mvc-15097,Y2Cu3(WO4)6,
mp-774763,Ti3Sb2(PO4)6,
mp-857354,LiSn3Sb(PO4)6,
mvc-14468,MgV6(FeO6)4,
mp-767091,LiNbSn3(PO4)6,
mp-673706,Li7(Mo3Se4)4,
mp-863886,Ta8Cr3O24,
mp-773504,V3Sb2(PO4)6,
mp-851018,Li5Mn6(BO3)6,
mp-851014,Li5Mn6(BO3)6,
mp-770142,LiVCo3(PO4)6,
mp-766098,LiTi3Sb(PO4)6,
mp-850959,Li5Mn6(BO3)6,
mp-767547,LiCr3Ni(SO4)6,
mp-17298,SrTi4(PO4)6,
mp-559176,La4Ti5(Si2O11)2,
mp-540219,Li2Cr(PO3)8,
mp-699331,Li3(WO3)8,
mp-752438,Tl3(SbO3)8,
mp-850556,La3Nb8O24,
mp-645662,Ba14Na14LiN6,
mp-779337,Li5V6O5F19,
mp-735822,Fe3Pb8F24,
mp-850166,Li5Mn6(BO3)6,
mp-779194,Li5V6O5F19,
mp-680615,Sm4In21Pd10,
mp-680610,Pr4In21Pd10,
mp-850073,Li5Mn6(BO3)6,
mp-703231,CdFe2Sb2(PO4)6,
mp-554218,Ti4P6PbO24,
mp-557619,Bi14Te13S8,
mp-555314,Sr7Zr(Si2O7)3,
mp-581730,Ho4Ga21Ni10,
mp-558553,Sr4Ti5(Si2O11)2,
mp-759486,LiNbSn3(PO4)6,
mp-698695,CaFe2Sb2(PO4)6,
mp-782643,Li5Mn6(BO3)6,
mp-781617,Li5Mn6(BO3)6,
mp-777596,Li5V6O5F19,
mp-768296,Ti3Bi2(PO4)6,
mp-675004,Ge6Bi7O22,
mp-757758,LiTi3Nb(PO4)6,
mp-555580,SrZr4(PO4)6,
mp-555663,La4Mn5(Si2O11)2,
mp-32406,Ta9VO25,
mp-541299,Zr4Cd(PO4)6,
mp-541457,Pr4V5(Si2O11)2,
mp-560308,BaZr4(PO4)6,
mp-556440,CaZr4(PO4)6,
mp-669455,Ga4Hg11(AsBr4)4,
mp-849656,Li5Co4(Si3O10)2,
mp-849508,Li5Mn6(BO3)6,
mp-648117,Si2Os3C12(ClO2)6,
mp-697960,Ba2Na2B10H2O19,
mp-761694,LiSn3Sb(PO4)6,
mp-780936,Li5V6O5F19,
mp-757574,Ba8In8O19,
mp-849413,Li5Mn6(BO3)6,
mp-744187,Na2Ni4Mo4(HO4)5,
mp-648167,Fe3C8(Br2N)8,
mp-744032,VH12C2S2(O2F)6,
mp-743916,NiH14C10(N4O)2,
mp-743913,CoH14C10(N4O)2,
mp-19383,Ti4Mn(PO4)6,
mp-866664,K8Zr6BBr20,
mp-1019746,K2Ca4Si8O21,
mp-690554,Sr5La5Cu(NiO5)4,
mp-19030,La4V5(Si2O11)2,
mp-16831,CaTi4(PO4)6,
mp-669445,Cu2Bi8Pb6S19,
mp-774246,Nb9VO25,
mp-697563,Ca4MgB4H6(CO9)2,
mp-770481,Ta9PO25,
mp-17677,Nb9PO25,
mp-775941,Cr2Ni3Sb(PO4)6,
mp-775938,TiO2,
mp-600033,SiO2,
mp-775892,Ti3MnSb2(PO4)6,
mp-776774,Li3FeF5,
mp-768736,LiBiB2O5,
mp-669550,Ce3Mn(Al3Cu)8,
mp-775850,Mn2Fe3Sb(PO4)6,
mp-225,ErZn5,
mp-765042,Li2VCrP2(HO5)2,
mp-8760,Dy5P12Ru19,
mp-768519,Y2TeO6,
mp-767727,LiMn2OF5,
mvc-13203,CoO2,
mp-698654,NaMgFe(SO4)3,
mp-556283,Na2TiSi4O11,
mvc-12170,CoO2,
mp-767701,Mn2VFe3(PO4)6,
mp-675438,Li2UBr6,
mp-541473,Sb(OF3)2,
mp-766748,Li2VSi4O11,
mp-765019,LiV(PO3)4,
mp-764918,Mn2Fe3Ni(PO4)6,
mp-675320,Ta2CuO6,
mp-775987,Ti3Fe2Ni(PO4)6,
mp-775988,Mn2NbFe3(PO4)6,
mp-775989,CrFe3Sb2(PO4)6,
mp-775990,Fe3Ni2Sn(PO4)6,
mp-775706,Ti3VSb2(PO4)6,
mp-541474,Pt(OF3)2,
mp-775939,YNb2NO5,
mp-642418,Sr11In3Ga4,
mp-642322,Sr11In7,
mp-642281,Sr21In8Pb7,
mp-850992,Mn12O7F17,
mp-851013,VFe2(PO4)3,
mp-775685,V3Fe2Ni(PO4)6,
mp-640089,CeCd11,
mp-782657,Mn3VTe2(PO4)6,
mvc-5627,NiO2,
mvc-5485,CrO2,
mvc-5444,MnO2,
mp-756467,TiCu(PO4)2,
mp-775675,V3Fe2Sb(PO4)6,
mp-775658,Ti3NbV2(PO4)6,
mp-775650,Ti3V2Co(PO4)6,
mp-767560,W5O12F,
mp-767950,Li4Ni5O9,
mp-850953,Mn12O5F19,
mp-850942,Mn12O7F17,
mp-850940,Mn12O5F19,
mp-781948,Na2Ti2O5,
mp-696961,BeH4NF3,
mp-556218,SiO2,
mp-767709,Li2Mn3Si3O10,
mp-764940,FeOF,
mp-850451,Mn6O7F5,
mp-758894,Li2Ti(TeO4)3,
mp-698440,SiBHC3NCl2,
mp-4157,Sr(NO3)2,
mp-673047,CuPO4,
mp-697922,ScH8(NF2)3,
mp-764890,FeOF,
mp-757200,Li3Si2Bi3O10,
mvc-8878,MgTiCu(PO4)3,
mp-697784,LiFe2(PO4)3,
mp-764751,Mn6O7F5,
mp-942704,LiCoHSO5,
mp-850157,LiMn(PO3)4,
mp-672696,Hf2Nb3Ge4,
mp-697757,LiCr2(PO4)3,
mp-850520,Mn12O7F17,
mp-557723,SiO2,
mp-853183,V3Cr2Sn(PO4)6,
mp-765402,Mn3VCr2(PO4)6,
mp-672344,CeAl5Pt3,
mp-764582,Mn6O7F5,
mp-765392,Li6Fe9CoO20,
mp-764574,Mn6O7F5,
mp-851232,V3FeSn2(PO4)6,
mp-743581,VH4NO3,
mp-765376,Mn3CoSn2(PO4)6,
mp-850472,LiFe(SO4)2,
mp-776765,V3CrSn2(PO4)6,
mp-776760,Ti3FeSb2(PO4)6,
mp-782818,Mn12O5F19,
mp-781861,Nb2CdO6,
mp-772825,Ta2BeO6,
mp-850448,Mn6OF11,
mp-771046,Mg(NO3)2,
mp-764937,Mn12O5F19,
mp-674347,Yb4MgGe4,
mp-772609,La2Zn2O5,
mp-9206,CsAg5Te3,
mp-737,Hf5Ge4,
mp-764924,Mn6OF11,
mp-764236,Li2MnCO5,
mp-775,Er5Si4,
mp-777773,LaTa2NO5,
mp-850259,Mn6OF11,
mp-849365,YNb2NO5,
mp-762719,Li2FeSi4O11,
mp-6643,BaDy2ZnO5,
mp-697819,Fe2P3O13,
mp-850182,Mn12O5F19,
mp-569804,Er5Zr3(Ni4As3)4,
mp-673078,SnPO4,
mp-780859,Ti3V2Ni(PO4)6,
mp-777228,Li2MnVP2(HO5)2,
mp-764816,Mn6OF11,
mp-774398,Mn6O7F5,
mp-764664,Mn12O5F19,
mp-761368,Mn2FeO6,
mp-764605,Mn12O5F19,
mp-764596,Mn6O5F7,
mp-771709,V3Fe2Co(PO4)6,
mp-764575,Mn12O7F17,
mp-782062,YNb2NO5,
mp-6525,NaSn2(PO4)3,
mp-744084,MnAgH8(OF)4,
mp-765390,Mn6OF11,
mp-504662,SbClO,
mp-759587,LiSb(PO3)4,
mp-759485,LiSb(PO3)4,
mp-765377,Li2VFeP2(HO5)2,
mp-759419,LiSb(PO3)4,
mp-652036,GdFe5P3,
mp-743564,MnTlH2OF4,
mp-764498,Mn12O7F17,
mp-771656,MnFe5(PO4)6,
mp-764466,Mn12O5F19,
mp-758966,LiBi(PO3)4,
mp-778559,Mn6OF11,
mp-6698,Th2Cu(PO4)3,
mp-775240,Fe2Cu(PO4)3,
mp-772570,CoNCl4O3,
mp-762253,V(CO3)2,
mp-690443,Ta2MnO6,
mp-619355,Ca2MnFeO5,
mp-773411,MnPO4,
mp-764185,Mn12O17F7,
mp-667308,Cs3(FeS2)2,
mp-764173,Mn6O7F5,
mp-540844,Ni(NO3)2,
mvc-9177,MgTiFe(PO4)3,
mvc-8814,Ti2Zn(PO4)3,
mp-778010,LaTa2NO5,
mp-6501,BaHo2ZnO5,
mp-650007,Cs4TlSbCl12,
mp-764081,Mn6O7F5,
mp-771596,NbFe5(PO4)6,
mp-6567,LiNd(PO3)4,
mp-771591,Mn(IO3)2,
mp-6495,BaEr2ZnO5,
mp-775126,Mn12O7F17,
mvc-15135,FeO2,
mp-6475,NaZr2(PO4)3,
mp-541272,LiGe2(PO4)3,
mp-861265,LiNi(PO3)4,
mp-695655,KGaBP2H3O10,
mp-777726,Mn6O5F7,
mp-861578,In2WO6,
mp-645545,Nb2FeO6,
mp-600494,CoHCO3,
mp-771527,Mn3FeNi2(PO4)6,
mp-766056,Mn12O5F19,
mp-559232,H2C3O4,
mp-645208,Sr2Co2O5,
mp-6452,BaSm2ZnO5,
mp-762512,Mn3CrCo2(PO4)6,
mp-861532,Li3VF5,
mp-765905,Mn12O7F17,
mp-771645,Sr2CaI6,
mp-765802,Mn12O5F19,
mp-744554,K2FeP2H3(O4F)2,
mvc-12236,ZnNi(PO3)4,
mp-771478,Mn3Fe2P6WO24,
mp-763173,Mn6O7F5,
mp-763167,FeOF,
mp-677349,Li11MnAs6,
mp-763143,Mn6O7F5,
mvc-12063,FeO2,
mp-640524,MnNb2O6,
mp-763113,FeOF,
mp-637219,Mo4O5,
mp-771141,Dy2Cu2O5,
mp-763074,FeOF,
mp-763063,Li6FeCo9O20,
mp-763027,FeOF,
mp-763025,LiCr(PO3)4,
mp-997541,Fe3Co2Te(PO4)6,
mp-771051,Fe2Ni3P6WO24,
mp-997528,TiV3Fe2(PO4)6,
mp-997524,Mn3Co2Sn(PO4)6,
mp-774322,Mn12O7F17,
mp-6479,KDy(PO3)4,
mp-943469,LiMnHSO5,
mp-780631,Li3Mn2Fe(BO3)3,
mp-774307,Li2MgCr3(SO4)6,
mvc-11312,BaCa2(CoN2)2,
mp-762842,Li6FeNi9O20,
mp-771570,Sr2CaI6,
mp-771566,Lu2TeO6,
mp-770585,Li2TiCo3(PO4)6,
mp-770511,LiMn3O5,
mp-861668,LiV2OF5,
mp-6824,Na2ZrSi4O11,
mp-762389,Ti3V2Fe(PO4)6,
mp-774039,LiMn(SO4)2,
mp-762714,Li2FeSi4O11,
mp-771546,Mn(IO3)2,
mvc-10858,Ca3(CoN2)2,
mp-646125,Y5Mg8Cu5,
mp-646071,Li(YbGe)4,
mp-762379,Mn3FeCo2(PO4)6,
mp-680602,Ce5Rh4,
mp-770040,Lu2WO6,
mp-780504,Mn6O7F5,
mp-771503,Li7Fe3O8,
mp-759384,LiSn2(PO4)3,
mp-6433,KNd(PO3)4,
mp-762495,LiFe(PO3)4,
mp-633496,VCuHPbO5,
mp-762483,LiFe(PO3)4,
mp-642448,Ce2InCuSe5,
mp-762294,Mn2V3Fe(PO4)6,
mp-776761,LiCr(SO4)2,
mp-642315,Lu6CuTe2,
mp-642293,Y6Te2Pd,
mp-6413,LiDy(PO3)4,
mp-762278,Mn3Fe2Co(PO4)6,
mp-641183,Ce4Te3N2,
mp-762469,LiFe(PO3)4,
mp-6323,BaYb2CuO5,
mp-640791,Nd5Si4,
mp-762270,Li2Cu2F5,
mp-6280,Al2Si(O2F)2,
mp-780185,Mn6O7F5,
mp-771309,Eu2Y2O5,
mp-6250,BaTm2ZnO5,
mp-781597,Mn12O5F19,
mvc-9190,MgTiCo(PO4)3,
mp-6761,NaTi2(PO4)3,
mp-780133,Mn6O7F5,
mp-772380,LiV(SO4)2,
mp-703,Pu5Rh4,
mp-619843,Nb2FeO6,
mp-863293,KFe3(PO6)2,
mp-762216,Mn3Co2Ni(PO4)6,
mp-6125,RbTi2(PO4)3,
mp-6121,BaY2ZnO5,
mp-556363,ZnS,
mvc-5548,VO2,
mp-764197,Mn12O7F17,
mp-610232,BaV6O11,
mp-762193,Fe3Co2Sn(PO4)6,
mp-608621,Nb2NiO6,
mp-764176,Mn12O7F17,
mp-764175,Mn12O5F19,
mp-762179,CrFe3Co2(PO4)6,
mp-762174,Ti3Fe2Co(PO4)6,
mp-768997,LiBi3O5,
mvc-5236,SnO2,
mp-764120,Mn12O7F17,
mp-762386,Li3(NiO2)5,
mp-764109,Mn12O7F17,
mp-764108,Mn6O5F7,
mp-6312,Sr2CuCO5,
mp-768866,Sm2Cu2O5,
mp-614986,BaYb2NiO5,
mp-5251,Ca4CN4,66.69858951
mp-770170,Li3V3(BO5)2,
mp-3120,Tm2Cu2O5,
mp-764079,Mn6O5F7,
mp-2882,Y2Cu2O5,
mp-5080,Ba5Mg18Si13,
mp-686671,CeBeSiHO5,
mp-27209,KTlF4,
mp-762322,LiTi2(PO4)3,
mp-769947,K4TiO4,
mp-977037,KCe(PO3)4,
mp-634767,RbMnH2OF4,
mp-764038,Mn12O7F17,
mp-779477,Na2Ti2O5,
mp-779383,Mn12O17F7,
mp-863884,LiV2OF5,
mp-762259,Li2Cu2F5,
mp-6248,LiGd(PO3)4,
mp-861585,LiCr(SO4)2,
mp-762240,K2Li2TiO4,
mp-763459,LiP4WO12,
mp-6078,Na2Cd3Si3O10,
mp-6075,Ba2Li(BO2)5,
mp-771643,Sr2CaI6,
mp-762180,LiV2(PO4)3,
mp-705358,Mo2P3O13,
mp-771642,Sr2CaI6,
mp-853273,LiV2OF5,
mp-776759,Mn2Fe(PO4)3,
mp-778759,Ce(IO3)2,
mp-778702,Mn6O7F5,
mp-768870,Ca(ClO3)2,
mp-5929,Na5SiP3,30
mp-763233,Mn12O5F19,
mp-768813,Rb4SiO4,
mp-861249,Zr11VO24,
mp-648903,ZnNi(PO3)4,
mp-3859,Ca2B2O5,
mp-763188,Mn12O5F19,
mp-625175,H3ClO5,
mp-3193,Na2Si2O5,
mp-607990,Hf2Co3Si4,
mp-565408,BaLiCoF6,
mp-649683,Fe(PO3)2,
mp-1016073,CrN2,
mp-699352,LiFe2(PO4)3,
mp-763142,Mn12O5F19,
mp-697809,LiFe2(PO4)3,
mp-775649,Fe2Sn(PO4)3,
mp-762172,Co2Ni3Sb(PO4)6,
mp-763024,Mn6O5F7,
mp-769525,TiV2Fe3(PO4)6,
mp-616141,Cs5GeAs3,
mp-616140,Cs5SiAs3,
mp-764871,V2Fe3Te(PO4)6,
mp-764855,Na2Fe2O5,
mp-605333,In2Cu2O5,
mp-775609,V3CoSn2(PO4)6,
mp-697773,LiMo2(PO4)3,
mp-610915,CoNi(PO3)4,
mp-775589,Ti3CuSn2(PO4)6,
mp-764164,Mn6O5F7,
mp-769471,Fe3Co2P6WO24,
mp-769533,LiMn(PO3)4,
mp-764866,FeOF,
mp-780525,Mn6OF11,
mp-769422,V3CrNi2(PO4)6,
mp-780497,Li2MnFe(BO3)2,
mp-780483,Li2MnFe(BO3)2,
mp-764813,FeOF,
mp-771568,SrCa2I6,
mp-780474,Li3MnFe2(BO3)3,
mp-780473,Mn6OF11,
mp-997570,H6CIN,
mp-774420,Fe2Ni(PO4)3,
mp-780439,LiCr(PO3)4,
mp-769380,Li2TiSn3(PO4)6,
mp-780396,SrCa2I6,
mp-780326,Ni(IO3)2,
mp-780301,Mn6OF11,
mp-775534,Mn2Sn(PO4)3,
mp-780297,Li3Mn2Fe(BO3)3,
mp-780294,Li3Mn2Fe(BO3)3,
mp-769289,Y2Hg2O5,
mp-764463,Li3Co2Si3O10,
mp-775984,TiFe3Ni2(PO4)6,
mp-775980,ZrO2,
mp-775967,Mn3NbCr2(PO4)6,
mp-775965,Fe3Cu2Sn(PO4)6,
mp-768789,LiBiB2O5,
mp-696735,H2O,
mp-767847,Li6Ca3MnC6(O9F)2,
mp-764414,K2Li2NiO4,
mp-780172,Tm2TeO6,
mp-861584,VPO4,
mp-767826,Li2FePO5,
mp-772416,Li2Ti3Sn(PO4)6,
mp-772400,Li2W(OF2)2,
mp-772386,CrNi5(PO4)6,
mp-772372,Sm2WO6,
mp-780511,Mn12O5F19,
mp-780130,Mn3Cu2Ni(PO4)6,
mp-780507,Mn12O5F19,
mp-780481,Mn12O5F19,
mp-767805,Zr11VO24,
mp-772376,Ni(IO3)2,
mp-772375,Fe5Sb(PO4)6,
mp-772374,Mn5Fe(PO4)6,
mp-767778,Li2V3Si3O10,
mp-780106,FeNi(PO4)2,
mp-772340,Tm2WO6,
mp-767774,Mn2Fe3Cu(PO4)6,
mp-772336,MnNi(PO4)2,
mp-772335,Mn5P6WO24,
mp-767752,Li3V5O10,
mp-694999,Na3V2P2O10F,
mp-776840,Li3FeF5,
mp-772327,Mn5Cr(PO4)6,
mp-690771,H8CS(NO)4,
mp-772326,TiMn5(PO4)6,
mp-776834,Mn2Ni3Sb(PO4)6,
mp-776831,Fe3Cu2Te(PO4)6,
mp-705344,CdFeSn(PO4)3,
mp-775446,Li3(CoO2)5,
mp-690703,BaH4(ClO)2,
mp-780235,LiSn2(PO4)3,
mp-690851,BaH2(CO2)2,
mp-694547,MnPO4,
mp-704950,SrFeSn(PO4)3,
mp-764255,LiMn2OF5,
mp-771428,Tb2WO6,
mp-762162,MnVHPbO5,
mp-762161,Fe3Co2Cu(PO4)6,
mp-775444,Ti3Mn2V(PO4)6,
mp-780165,Mn6O5F7,
mp-771443,Tb2WO6,
mp-767539,Li6SbS2,
mp-762056,Fe3Co2Ni(PO4)6,
mvc-5928,WO2,
mp-771363,MnPO4,
mp-767477,Ta2MnO6,
mp-686747,K2Nb6Ag(PO8)3,
mp-762041,MnFe3Co2(PO4)6,
mp-775281,Li2MnFe(BO3)2,
mp-780104,Mn12O7F17,
mp-762024,Li2FeCO5,
mp-771399,Li2NiSn3(PO4)6,
mp-764155,Mn6OF11,
mp-775261,Li2MnFe(BO3)2,
mp-775338,V3Cu2Ni(PO4)6,
mvc-5331,SbO2,
mp-779905,Li3Mn2Fe(BO3)3,
mp-770565,TiCr(PO4)2,
mp-779882,Mn6O5F7,
mp-775220,V(GeO3)2,
mp-779891,Li6Mn5Fe(BO3)6,
mp-779890,Li2MnFe(BO3)2,
mp-779888,Li3Mn2Fe(BO3)3,
mvc-5220,BiO2,
mp-764092,Mn6OF11,
mp-775211,Ho2WO6,
mp-779877,Li6MnFe5(BO3)6,
mp-775289,Mn3CrCu2(PO4)6,
mp-861181,Mn3VSn2(PO4)6,
mp-771352,Fe5Te(PO4)6,
mp-771351,FeCu(PO4)2,
mp-767460,Li4V2SiGeO10,
mp-776877,Mn2Cr(PO4)3,
mp-779856,Li3MnFe2(BO3)3,
mp-779834,Mn12O5F19,
mp-779859,Li6MnFe5(BO3)6,
mp-771325,Dy2Cu2O5,
mp-775273,Cr2Te(PO4)3,
mp-779844,Li6Mn5Fe(BO3)6,
mp-779841,Li6Mn5Fe(BO3)6,
mp-767442,Fe3CuNi2(PO4)6,
mp-770889,La2WO6,
mp-761886,Li2Cu2F5,
mp-868347,LiNi(PO3)4,
mp-775263,Li6CoNi9O20,
mp-752526,Lu2TeO6,
mp-686540,Na3Al2P2O8F3,
mp-868628,MnV3Cu2(PO4)6,
mp-770873,Ho2WO6,
mp-761447,Mn2Fe3P6WO24,
mp-868321,LiNi(PO3)4,
mp-642871,CeBMoO6,
mp-764010,Mn6OF11,
mp-779904,Ni(IO3)2,
mp-770962,VFe(PO4)2,
mp-770132,LiMnV(PO4)3,
mp-761425,Ti3VCu2(PO4)6,
mp-763998,Mn6O5F7,
mp-763997,Mn6O5F7,
mp-761424,TiFe(PO4)2,
mp-761422,VFe3Sb2(PO4)6,
mp-866711,FeSCl7,
mp-779716,Cs4GeO4,
mp-767358,MnV3Sb2(PO4)6,
mp-642651,Yb2Ge4Ru3,
mp-868582,Mn3VNi2(PO4)6,
mp-761317,Li2VSi4O11,
mp-779690,Hg(TeO3)2,
mp-770808,LiB2SbO5,
mp-775213,VNi3Sn2(PO4)6,
mp-770936,Ba2Sc2O5,
mp-743587,MoH8N2O5F2,
mp-868490,Ti3Co2P6WO24,
mp-642301,Y7Te2,
mp-16668,Yb2Cu4As3,
mp-867790,Ba5Ru2O11,
mp-642238,Y6AgTe2,
mp-779848,V5P6WO24,
mp-770743,Li2Hf2O5,
mp-767192,Sn(PO3)2,
mp-761375,Li2Ti3Ni(PO4)6,
mp-779409,Mn12O7F17,
mp-770879,Fe5Co(PO4)6,
mp-684082,LiSb(PO3)4,
mp-775212,MnV2(PO4)3,
mp-740746,NaH2BrO5,
mp-775154,LiMnF4,
mp-770720,Li4ZrO4,
mp-761350,Ni5Sb(PO4)6,
mp-740707,H8AuC2S2BrN4,
mp-760979,Na2Ti2O5,
mp-779332,B2TeO6,
mp-861057,Ca2Tl2O5,
mp-770858,V5Cr(PO4)6,
mp-860957,Zr5Ti7O24,
mp-760819,LiAg2F6,
mp-743645,KMgIn(MoO4)3,
mp-860886,Li7Cu(SiO4)2,
mp-770847,La2Cd2O5,
mp-779300,LiFe2OF5,
mp-743630,SrTiFe(PO4)3,
mp-767251,Li2VSiO5,
mp-779729,Na2Ti2O5,
mp-641010,La4Te3N2,
mp-779272,Li2MnFe(BO3)2,
mp-738615,HgH3CSO3,
mp-761309,TiNi(PO4)2,
mp-743601,CaFeSn(PO4)3,
mp-743600,ZrFeP3PbO12,
mp-763879,Li2VCrP2(HO5)2,
mp-743598,TiCdFe(PO4)3,
mp-779238,LiFeP2H5O9,
mp-642398,RbVSO6,
mp-761300,LiFeB2O5,
mp-779178,Mn12O7F17,
mp-743583,Ca2Fe3Sb(PO4)6,
mp-681439,LiZr2(PO4)3,
mp-557346,ZnS,
mp-767076,Sn(PO3)2,
mp-779213,Li6MnFe5(BO3)6,
mp-640057,K2OsNCl5,
mp-866863,Ca3SnS5,
mp-779376,Na2V2O5,
mp-675872,Li2UBr6,
mp-639149,KZrPSe6,
mp-743582,TiMnCr(PO4)3,
mp-6758,KNa4SnSb3,
mp-680536,Ce5Ir4,
mp-770718,Mg(IO3)2,
mp-779355,Li3MnF5,
mp-680525,La7P12Pd17,
mp-778903,Mn12O7F17,
mp-770703,LiSbWO6,
mp-866339,Cd(PO3)2,
mp-770559,Dy2WO6,
mp-640926,Cu(NO3)2,
mp-779087,Li3Mn2Fe(BO3)3,
mp-779086,LiCr(PO3)4,
mp-760782,Li5CuF6,
mp-770673,V5Sb(PO4)6,
mp-763884,Cr2O5F2,
mp-770692,Ga2WO6,
mp-1096819,Sr2Mn2O5,
mp-774557,Er2TeO6,
mp-778778,Mn6OF11,
mp-763827,RbLiVPO5,
mp-636952,LiCS(OF)3,
mp-778913,Li3Mn2Fe(BO3)3,
mp-680576,Ti2Se,
mp-680551,NdNi4B,
mp-770571,Ho2WO6,
mp-770570,Dy2WO6,
mp-770487,Li3V3(BO5)2,
mp-863898,Co(IO3)2,
mp-759871,LiBi(PO3)4,
mp-763789,Ti3Cu2P6WO24,
mp-638141,LiSn5Rh3,
mp-5818,Tl4SnS4,
mp-5248,Na5SnAs3,
mp-774023,Na2Ti3Fe(PO4)6,
mp-774021,Ti3Mn2Cr(PO4)6,
mp-779079,Ti3V2P6WO24,
mp-778859,Li3Mn2Fe(BO3)3,
mp-766971,Li4CrS4,
mp-723120,BaH6C4O7,
mp-759750,BiOF,
mp-763746,Li2FeSiO5,
mp-778821,Li3MnFe2(BO3)3,
mp-778814,Tm2WO6,
mp-763660,LiMn(PO3)4,
mp-733610,H7C3N3O5,
mp-773926,VFe(PO4)2,
mp-770382,Li3V3(BO5)2,
mp-628810,K2EuGeSe5,
mp-628804,K2EuSiSe5,
mp-770497,Fe3CoNi2(PO4)6,
mp-628758,Eu2Ge2Se5,
mp-770381,Li3V3(BO5)2,
mp-773911,Ti2Sn(PO4)3,
mp-763623,LiFe(PO3)4,
mp-770368,Li3V3(BO5)2,
mp-781180,Mn6O5F7,
mp-619545,CuMoO4,
mp-770358,Li3V3(BO5)2,
mp-778751,Mn6O5F7,
mp-632685,NaH4CNO2,
mp-763677,VFe3Ni2(PO4)6,
mp-778735,Mn6OF11,
mp-763600,LiCo2C2O7,
mp-722485,SrP2(H2O3)3,
mp-763598,LiV(PO3)4,
mp-677731,Rb2NaNb6(PO8)3,
mp-763665,V(CO3)2,
mp-778728,Li2MnVP2(HO5)2,
mp-723049,BeH4NF3,
mp-770406,Sm2WO6,
mp-778723,Li3MnFe2(BO3)3,
mp-766776,LiV2O5F,
mp-759686,BeAlSiHO5,
mp-770388,RbFe3O5,
mp-722351,H3PbS2N3,
mp-766668,Mn6OF11,
mp-773711,Ti2Sb(PO4)3,
mp-759636,Nb5O12F,
mp-780132,NaCr6O11,
mp-853196,Mn6O7F5,
mp-770367,LiV2(SO4)3,
mp-770361,LiV2BO5,
mp-759534,LiBi2(SO4)3,
mp-763574,LiV2(PO4)3,
mp-770354,Li3V3(BO5)2,
mp-853241,FeNi3Sn2(PO4)6,
mp-770353,LiCr2(SO4)3,
mp-759289,LiBi(PO3)4,
mp-853226,Mn2CrFe3(PO4)6,
mp-773677,Mn3CuNi2(PO4)6,
mp-763770,Li3Fe2Co3O10,
mp-773582,LiTe(H3N)4,
mp-773672,MnFe(PO4)2,
mp-773671,MnFe(PO4)2,
mp-770337,Fe5Ni(PO4)6,
mp-773663,Na2Ti2O5,
mp-778683,Li3MnFe2(BO3)3,
mp-722315,ZnH3CNO3,
mp-853198,V2Sn(PO4)3,
mp-770325,LiVB2O5,
mp-773611,Na2Ti3Cr(PO4)6,
mp-766581,Li4TiS4,
mp-766633,Ti3V2Cu(PO4)6,
mp-853188,Mn2Fe3Sn(PO4)6,
mp-759185,LiSb(PO3)4,
mp-759141,LiBi(PO3)4,
mp-721686,SnH4(ClO)2,
mp-853179,Ti3VFe2(PO4)6,
mp-759071,LiSb(PO3)4,
mp-773598,TiFe5(PO4)6,
mp-721583,CdH2SeO5,
mp-773573,V2Sb(PO4)3,
mp-763531,LiP3(WO6)2,
mp-780454,SrCa2I6,
mp-778627,LiMnP2H5O9,
mp-721702,Zn2AsHO5,
mp-773540,Mn5Ni(PO4)6,
mp-766453,Li2Cu4S3,
mp-773538,CrFe3Cu2(PO4)6,
mp-764278,Li3MnF5,
mp-766448,NaSnPHO4F,
mp-766447,Li2Cu4S3,
mp-775498,LiNi(SO4)2,
mp-763527,VFe3Cu2(PO4)6,
mp-851295,Fe3Ni2P6WO24,
mp-721312,Na2H2CO4,
mp-766352,BaCa2I6,
mp-766351,Ba2CaI6,
mp-773512,Tm2WO6,
mp-773507,MnNi(PO4)2,
mp-773506,Mn5Cu(PO4)6,
mp-770199,Li2CoSn3(PO4)6,
mp-766287,BaCa2I6,
mp-721072,Cu3As2H2PbO10,
mp-773464,Mn5V(PO4)6,
mp-766276,Ba2In2O5,
mp-763466,LiP4WO12,
mp-763463,LiP4WO12,
mp-770182,MnV(PO4)2,
mp-770181,LiFe2(SO4)3,
mp-851024,VCr2Ni3(PO4)6,
mp-763456,LiP4WO12,
mp-763455,LiP4WO12,
mp-676712,ReSeCl,
mp-773434,TiNi5(PO4)6,
mp-777895,MnCr2Ni3(PO4)6,
mp-767841,Na6Ca3MnC6(O9F)2,
mp-777890,Ti3NiSn2(PO4)6,
mp-773410,In2WO6,
mp-851003,Fe5P6WO24,
mp-770155,Li3V3(BO5)2,
mp-770154,Li3V3(BO5)2,
mp-767801,LiTiCrSO8,
mp-763442,LiP4WO12,
mp-772366,LiFe(SO4)2,
mp-763438,Li2VF6,
mp-850991,Mn6O7F5,
mp-630875,Ca2In4Au3,
mp-773395,Mn5Sb(PO4)6,
mp-752450,Ba2SrI6,
mp-767771,P3W2O13,
mp-720765,H3SNO4,
mp-770141,LiMn2(SO4)3,
mp-766141,Mn2NbV3(PO4)6,
mp-676581,Ag2CO3,
mp-630403,Ca2MnGaO5,
mp-763420,Ti2V3Cr(PO4)6,
mp-758447,LiTi(PO3)4,
mp-763424,Li3VP3O11,
mp-850976,Mn6O7F5,
mp-861559,TaFeO4,
mp-630328,Ba3FeS5,
mp-691154,Co(IO3)2,
mp-705094,Co2As2O5,
mp-676467,Na3Al2P2O8F3,
mp-763411,Li3P3WO11,
mp-629511,Ce2SbS5Br,
mp-705083,NaFe2(MoO4)3,
mp-763372,LiP3(WO6)2,
mp-850923,TiV(PO4)2,
mp-777685,Ti3Fe2Cu(PO4)6,
mp-765993,V2Fe3Sb(PO4)6,
mp-770176,LiNi2(SO4)3,
mp-625148,H3ClO5,
mp-625159,H3ClO5,
mp-850902,CrFe3Ni2(PO4)6,
mp-763394,LiV(PO3)4,
mp-763392,LiP4WO12,
mp-763340,Ti3Fe2P6WO24,
mp-642031,Sr11Al4In3,
mp-774749,RbNa3Li12Ti4O16,
mp-638049,SiO2,
mp-763381,LiV(PO3)4,
mp-722329,H12C4IN,
mp-689929,LiV(PO4)2,
mp-764213,Mn12O7F17,
mp-763332,Li3MnF5,
mp-628647,TlHg3As2Cl3,
mp-17256,Rb2Hf3OF12,
mp-31001,KSb3O5,
mp-25959,LiBi(PO3)4,
mp-28509,Ta4SiTe4,
mp-29877,K2ReH9,
mp-29883,Rb3PbCl5,
mp-772617,Zn(NO3)2,
mp-5029,Ho2Cu2O5,
mp-17315,Zr3Tl2OF12,
mp-31022,Hf2Si4Ru3,
mp-26262,LiCu(PO3)4,
mp-20006,ZnPb2F6,
mp-29901,Rb2Cd3Te4,
mp-31027,Sc3(ReSi2)2,
mp-504151,LiBi2(PO4)3,
mp-17350,La2TeO6,
mvc-8902,TiZnCu(PO4)3,
mp-28543,Cs4ZrO4,
mp-504207,LiSb(PO3)4,
mp-29936,Rb2PdI6,
mp-21524,SrNiN,
mp-17410,CsEr3Se5,
mp-504340,LiSb(PO3)4,
mp-17418,SmSnF7,
mp-504353,LiSb(PO3)4,
mp-504354,LiBi(PO3)4,
mp-20101,Yb5Si4,
mp-23307,NbCl5,
mp-17439,KSm(PO3)4,
mp-21559,Zr2Te,
mp-17446,PrPtF7,
mp-26884,LiTi2(PO4)3,
mp-21568,BaSm2CuO5,
mp-28676,S2O5F2,
mp-21576,Sc2Te,
mp-21580,EuSnF7,
mp-23357,Sr2Bi2O5,
mp-17470,Ba3(SnAs2)2,
mp-30010,AsKrF7,
mp-30011,SbKrF7,
mp-30012,BiKrF7,
mp-27123,ErSeF,
mp-17490,Rb5SiAs3,
mp-23380,Tl3PbI5,
mp-34475,Ta2MnO6,
mp-17500,GdPtF7,
mp-21609,SrCuN,68.0305318
mp-17504,Sr3(GeAs2)2,
mp-30026,Sr3Te4O11,
mp-504560,Y2ReB6,
mp-21621,Y6Te2Rh,
mp-21643,UMn5P3,
mp-28680,KGaBr4,
mp-21647,CeGePd,
mp-27160,WCl5,
mp-17566,Ba5P4,
mp-17569,SmPtF7,
mp-21681,Nb5Ge4,
mp-23452,Sn3BrF5,
mp-17583,Gd2TeO6,
mp-21684,Ce5Cu19P12,
mp-28713,Na2Te2O5,
mp-21691,La5Pb4,
mp-21693,Ce5Sn4,
mp-17588,AgRuF7,
mp-20205,Yb2Cu2O5,
mp-17605,CsNd(PO3)4,
mp-30099,PdSCl,
mp-21710,CaGeAu,
mp-21712,Tb2Ti3Ge4,
mp-21718,Sr2In4Pt3,
mp-21719,Sc2V3Ge4,
mp-28745,Nb2Te6I,
mp-17649,TlSnF7,
mp-17651,HoPtF7,
mp-27245,BSBr,
mp-17661,RbNd(PO3)4,
mp-23583,Cs4BiSbCl12,
mp-504814,Sb2Pb2S5,
mp-28780,Th5Fe19P12,
mp-17687,SrDy2CuO5,
mp-21806,YNi5Ge3,
mp-21813,U2Nb3Ge4,
mp-20288,CeCO3F,
mp-27288,RuXeF7,
mp-504861,Y4CoB13,
mp-21826,UNi5Ge3,
mp-23644,Hg3AsClO4,
mp-23635,TlRe6Se8Cl3,
mp-23645,KBiS(ClO2)2,
mp-17707,Cs3Na2SnP3,
mp-27307,Na2ZrF6,
mp-17715,SrTa2O6,
mp-17718,CsKNa2Li12(SiO4)4,
mp-23686,CaCuH4(CO2)4,
mp-30203,Sc6AgTe2,
mp-504941,Sc2V3Si4,
mp-17765,Ta2ZnO6,
mp-28857,Pb(IO3)2,
mp-17770,CsPr(PO3)4,
mp-554498,SiO2,
mp-504957,RbReCl4,
mp-504992,Fe7SiO10,
mp-505001,Rb3ZnBr5,
mp-505011,YCo5P3,
mp-27349,BSF7,
mp-23740,Mg2PHO5,
mp-28870,PRhO4,
mp-28871,In3SnI5,
mp-27354,Cs3HgCl5,
mp-17807,LiUNbO6,
mp-30249,Li4GeS4,
mp-17817,Ca3(GeP2)2,
mp-30267,CeGa4Os,
mp-17835,Sn2Sb2S5,
mp-17836,BaNd2BeO5,
mp-505121,Na2Hg3S4,
mp-20820,Pb(NO3)2,
mp-23852,Na3H5(CO4)2,
mp-17878,BaHo2CuO5,
mp-17885,Ba2Ge2Te5,
mp-355,Nd5Si4,
mp-17888,K2Zr3OF12,
mp-3552,Li2Si2O5,
mp-28964,Ta4FeTe4,
mp-17895,K3BeF5,
mp-28971,Rb2Si2O5,
mp-17909,SiO2,
mp-27451,Tl3PbBr5,
mp-23942,KPHNO2,
mp-23947,Cs3MgH5,
mp-27457,Ba(PO3)2,
mp-31318,Nd2TeO6,
mp-27465,S8O,
mp-778169,LiCu2(SO4)3,
mp-17953,MgNb2O6,
mp-505268,BaLu2CuO5,
mp-23977,HS7N,
mp-17964,Na2Ge2Se5,
mp-27485,Tc2O7,
mp-23996,BeH8SO8,
mp-17978,Rb5GeP3,
mp-24004,Zn2PHO5,
mp-24015,Cd2H3ClO3,
mp-24018,CaZnAsHO5,
mp-24029,Na2H10SO5,
mp-22163,NaSn2(PO4)3,
mp-24043,H2O,
mp-27515,TlSb3S5,
mp-29068,Hf5FeTe3,
mp-27522,K2Zr2O5,
mp-27535,Ca(IO3)2,
mp-24097,Mg3Si2H4O9,
mp-22202,BaTm2CuO5,
mp-18049,Ge5P6O25,
mp-505396,CsNa3PbO4,
mp-29107,Rb2Hg3Te4,
mp-2911,Ba3(SnP2)2,
mp-18084,BaTb2ZnO5,
mp-27588,Be(PO3)2,
mp-505434,EuTa2O6,
mp-30475,CaHg11,
mp-30474,Ca11Ga7,
mp-18101,K2Cd3S4,
mp-18104,Na2Si2S5,
mp-24171,SrPH3O4,
mp-505443,Na3(FeSe2)2,
mp-18112,Sr2Ge2Se5,
mp-29129,K2Te2O5,
mp-505465,As2Pb2O5,
mp-18124,KAlCuF6,
mp-18132,K4SnSe4,
mp-3660,LiB3O5,82.32164172
mp-24216,ZnHgAsHO5,
mp-27640,Cd(IO3)2,
mp-29155,TlB3O5,
mp-505527,Ti5Si4,142.1856475
mp-30519,Tl3PbCl5,
mp-505543,Lu2CoB6,
mp-505545,Lu2FeB6,
mp-18183,YSnF7,
mp-18182,CsNa3TiO4,
mp-18194,LiTb(PO3)4,
mp-18203,KGe2(PO4)3,
mp-18206,Co2As,
mp-27694,H3ClO5,
mp-29198,Na5AuSe12,
mp-18229,CaTa2O6,
mp-540618,K3IO5,
mp-27722,Pd(S3N)2,
mp-18256,Mg2B2O5,
mp-18255,RbSm(PO3)4,
mp-18280,SiO2,
mp-27750,AsXeF7,
mp-18297,Ba3(GaN2)2,
mp-18317,Na5SnP3,
mp-18327,Ba2Tl2O5,
mp-29264,SICl7,
mp-18335,Ba2Ge2Se5,
mp-18341,ErPtF7,
mp-18345,La5Si4,57.53981516
mp-27805,Ba3SiS5,
mp-27802,BaSn2S3,
mp-27811,Li2Te2O5,
mp-18360,Ca5P12Ir19,
mp-18351,Sr3(GeP2)2,
mp-22477,Ta2P,
mp-18414,BaLa2BeO5,
mp-18421,Ba2Ga2S5,
mp-18447,K3Na2SnAs3,
mp-18453,RbAlPdF6,
mp-27859,SbI5F6,
mp-18464,Rb4GeO4,
mp-27477,TcOF4,
mp-22550,BaDy2CuO5,
mp-18505,CsHo3Te5,
mp-18506,SmZrF7,
mp-27918,Sc3Si4Ni11,
mp-18531,K2Cd3Te4,
mp-22573,Tb4CoB13,
mp-27930,Li7Si2,32.58788097
mp-18556,Rb2Cd3S4,
mp-29387,K5SnBi3,
mp-18562,Na2Si2Se5,
mp-29388,K2Ge2Se5,
mp-18566,LaSnF7,
mp-18568,Na2Ge2S5,
mp-18572,KEr(PO3)4,
mp-29409,CIF7,
mp-29411,Na2B2S5,
mp-18619,Na2Ge2Se5,
mp-18620,Mg(PO3)2,
mp-3928,Na5P3O10,
mp-31483,Na5TlSn3,
mp-18661,KY(PO3)4,
mp-18700,K4SiO4,
mp-18711,LiNd(PO3)4,
mp-3977,CsB3O5,
mp-40161,NaHf2(PO4)3,
mp-18917,Na7Fe3O8,
mp-31532,CoPO4,
mp-30639,Th2Fe7,
mp-4172,Na5GeP3,
mp-31600,LiCo(PO3)4,
mp-31603,LiCo(PO3)4,
mp-567011,SrFeP(O2F)2,
mp-943462,LiFeHSO5,
mp-559071,Ag2Bi2S3Cl2,
mp-559088,La2Si(IO2)2,
mp-542550,Cs2Si2Se5,
mp-567062,SrLiFeF6,
mp-567072,NaV6O11,
mp-567070,LiMoAsO6,
mp-567075,Bi2MoO6,
mp-542613,GeS2,
mp-567157,Ba7Na5Li3N3,
mp-559213,CsIn3O5,
mp-5367,K5SnSb3,
mp-559234,CsLa(PO3)4,
mp-542733,BaY2CuO5,
mp-556934,KNaSiF6,
mp-567233,NaFe2(MoO4)3,
mp-540064,LiCo(PO3)4,
mp-540073,LiFe(PO3)4,
mp-5401,Sr2B2O5,
mp-540161,LiMn(PO3)4,
mp-542828,Dy5Si4,
mvc-9211,TiZnNi(PO4)3,
mp-542829,Ho5Si4,
mp-540200,LiCr(PO3)4,
mp-556963,SiO2,
mp-561262,NaSrCrF6,
mp-542919,NaGe2(PO4)3,
mp-559305,KCrCuF6,
mp-30757,La5Sn4,
mp-567398,Sr3MgGeN4,
mp-540304,LiMo(PO3)4,
mp-540328,NiPO4,
mp-540331,LiMn(PO3)4,
mp-569323,Cs3CoI5,
mp-540341,FePO4,
mp-556989,ZnS,
mp-567434,SrLiCoF6,
mp-540356,LiFe(PO3)4,
mp-771386,VBO4,
mp-752711,BaSr2I6,
mp-752706,CeZr11O24,
mp-766015,SbOF,
mp-624572,Cs2Te(MoO4)3,
mp-758240,LiTi(PO3)4,
mp-625172,H3ClO5,
mp-771328,Rb4PbO4,
mp-777553,LiFeF4,
mp-771321,Cs4GeO4,
mp-763312,Li4CoO4,
mp-765965,LiNi(PO3)4,
mp-752452,Mg3Te4O11,
mp-777557,TiFe3Sn2(PO4)6,
mp-769985,LiCrB2O5,
mp-777517,Ti3Cu2Ni(PO4)6,
mp-763277,Fe3Co2Sb(PO4)6,
mp-777498,Ti3CrNi2(PO4)6,
mp-850400,Na3(NiO2)2,
mp-777450,Ti5Mn(PO4)6,
mp-773171,TiMn(PO4)2,
mp-763222,NbFe3Co2(PO4)6,
mp-850365,Ni5Te(PO4)6,
mp-765830,Li3VF5,
mp-619128,V6PbO11,
mp-773161,NbV5(PO4)6,
mp-777420,Fe2Ni3Sb(PO4)6,
mp-505242,Ru(OF3)2,
mp-777311,VFe3Co2(PO4)6,
mp-770035,LiCo2(SO4)3,
mp-773066,KTa2PO8,
mp-778602,Ba3GeO5,
mp-777276,VCr2Fe3(PO4)6,
mp-765776,V3CrSb2(PO4)6,
mp-777259,Ti3Cr2Sb(PO4)6,
mp-773047,KNb2PO8,
mp-772581,LiCr6O11,
mp-777216,Cr2Fe3Te(PO4)6,
mp-772900,Sm2TeO6,
mp-772863,Na2Ge2O5,
mp-620032,Ti2Se,
mp-772842,Na2Ge2O5,
mp-758140,LiTi(PO3)4,
mp-777627,LiCr(PO3)4,
mp-777183,TiMn3Cr2(PO4)6,
mp-703459,H2O,
mp-850089,Ti3Co2Ni(PO4)6,
mp-772813,Ca2Cu2O5,
mp-850760,Li2MnSi4O11,
mp-769778,Ca2In2O5,
mp-707218,Ba3AlHO4,
mp-767063,Sn(PO3)2,
mp-772788,Ba2Cu2O5,
mp-762782,Li3VF5,
mp-777144,Ti3Cu2Te(PO4)6,
mp-758056,LiTi(PO3)4,
mp-850067,Ti3Mn2Co(PO4)6,
mp-762767,Li3Fe(Ni2O5)2,
mp-850494,LiFe2C2O7,
mp-757053,LiNb(PO3)4,
mp-757047,LiSn(PO3)4,
mp-763284,FeOF,
mp-675680,Sr(SbO3)2,
mp-623463,TbMn5Ge3,
mp-645700,Ba14Na11Li5N6,
mp-773219,LiCoB2O5,
mp-617257,WO2,
mp-761353,P4WO13,
mp-684817,K2LiTa6(PO8)3,
mp-773205,LiMnB2O5,
mp-777082,TiNi3Sn2(PO4)6,
mp-763254,Na2Li2CoO4,
mp-773200,LiVB2O5,
mp-861533,Na2Li2CoO4,
mp-684821,NaCa2SiO4F,
mp-777069,LiMn2PO5,
mp-772683,CrFe(PO4)2,
mp-773189,Sm2WO6,
mp-706642,H3ClO5,
mp-616559,Ti2S,147.4439504
mp-773186,Tb2WO6,
mp-772669,FeCo(PO4)2,
mp-756798,Sr2CaI6,
mp-622619,UVAgO6,
mp-850372,Li2MnFe(BO3)2,
mp-850366,Li3MnFe2(BO3)3,
mp-763219,FeOF,
mp-777023,Ti3CrSn2(PO4)6,
mp-777021,Mn5FeO12,
mp-779344,Mn12O7F17,
mp-675161,NaYF4,
mp-765557,TiMn3Te2(PO4)6,
mp-615833,Cs2SbCl6,
mp-772585,Fe5Sn(PO4)6,
mp-772584,Ti5V(PO4)6,
mp-760790,LiCuF4,
mp-850228,Li6Mn5Fe(BO3)6,
mp-669360,CdI2,
mp-772580,Mn5Nb(PO4)6,
mp-769629,Mn2V3P6WO24,
mp-773068,LiZr2(PO4)3,
mp-769627,V2CrFe3(PO4)6,
mp-850250,Mn6O7F5,
mp-776924,Ti3FeSn2(PO4)6,
mp-762599,FeNi(PO4)2,
mp-850175,Li2MnVP2(HO5)2,
mp-762598,V3FeSb2(PO4)6,
mp-776921,Ti3CrFe2(PO4)6,
mp-680836,Ta4Te9I4O,
mp-776920,Fe3Ni2Te(PO4)6,
mp-776919,Ti3Fe2Te(PO4)6,
mp-776918,Ti3Mn2Fe(PO4)6,
mp-776916,Fe3Ni2Sb(PO4)6,
mp-776907,Ti3CoNi2(PO4)6,
mp-776906,Ti3MnFe2(PO4)6,
mp-762577,Mn3CrNi2(PO4)6,
mp-774465,LiMn(SO4)2,
mp-774464,LiCo(SO4)2,
mp-777242,LiFe2OF5,
mp-776895,NbFe3Ni2(PO4)6,
mp-697715,H12AuC4N,
mp-674359,Tl3PbCl5,
mp-776888,Ti3Mn2Nb(PO4)6,
mp-776887,Fe3NiSn2(PO4)6,
mp-772972,Li2Ti2O5,
mp-765493,Ba2Sb2O5,
mp-793763,NbCr2Fe3(PO4)6,
mp-776878,NbFe3Cu2(PO4)6,
mp-792972,Mn3Cu2Sn(PO4)6,
mp-776876,Ti3CuNi2(PO4)6,
mp-791893,V3Cr2Ni(PO4)6,
mp-763015,LiMnF4,
mp-790064,V5Co(PO4)6,
mp-790062,V5Sn(PO4)6,
mp-772457,CrNi(PO4)2,
mp-777212,Li2MnVP2(HO5)2,
mp-772890,Np(SeO3)2,
mp-763797,Li2Mn2OF4,
mp-772455,NbNi5(PO4)6,
mp-769568,Mn2V3Cr(PO4)6,
mp-777210,LiFe2OF5,
mp-779104,Rb4PbO4,
mp-649619,As3Pb5ClO9,
mp-772875,Ba2SrI6,
mp-772281,Mn5Co(PO4)6,
mp-772864,Rb2Ge2O5,
mp-777200,Li2MnPO4F,
mp-620029,MoCl2,
mp-772279,Ti2V(PO4)3,
mp-776680,TiMn2Ni3(PO4)6,
mp-680477,Al2RhC4Cl7O4,
mp-776675,Ti3Co2Te(PO4)6,
mp-782634,VFe5(PO4)6,
mp-769187,Sn5P6O25,
mp-772259,VCr2O6,
mp-776666,CrFe3Sn2(PO4)6,
mp-764734,Mn3VSb2(PO4)6,
mp-673126,LiSb(PO3)4,
mp-704240,CoPO4,
mp-761810,VNi3Sb2(PO4)6,
mp-850094,LiMn(PO3)4,
mp-704220,FePO4,
mp-673098,LiBi(PO3)4,
mp-774007,Li2ZnCr3(SO4)6,
mp-762797,Li3VF5,
mp-772811,Na2Ge2O5,
mp-619127,Cs2KMn3F12,
mp-773983,Li2MgCr3Se3(SO8)3,
mp-773981,K2Li2NiO4,
mp-779000,Rb4SbO4,
mp-772779,Ca(SeO3)2,
mp-772224,LiTi3MnCr(PO4)6,
mp-772769,Na2Ge2O5,
mp-776640,Ti5Cr(PO4)6,
mp-21674,Pu5Ir4,
mp-765683,Mn6OF11,
mp-769016,Pb(BrO3)2,
mp-778879,LiV2OF5,
mp-672188,Y5Pb4,
mp-759838,NaSn2(PO4)3,
mp-778861,LiV2OF5,
mp-616653,CsUVO6,
mp-773721,Mn2Cu(PO4)3,
mp-772684,Cr(PO3)2,
mp-607031,V2PbO6,
mp-772681,Cr(PO3)2,
mp-761703,Mn2Ni3P6WO24,
mp-706608,KPH3O3F,
mp-772049,Li2Ti2O5,
mp-772640,Ga2WO6,
mp-1006099,Lu(BRh)4,
mp-543044,BaLiAlF6,
mp-540117,LiFe2(PO4)3,
mp-571490,Pr3CCl5,
mp-557004,SiO2,
mp-569347,Nd5Sn4,
mp-555048,NaAlCdF6,
mp-555050,BaNb2O6,
mp-567601,Sr4CN4,51.43338851
mp-567575,Cs2Na(C2N3)3,
mp-555065,LiEr(PO3)4,
mp-557026,ZnS,
mp-540420,LiFe2(PO4)3,
mp-557029,PtS4N3Cl,
mp-540423,LiCr(PO3)4,
mp-31638,LiCr(PO3)4,
mp-555076,KNaSnF6,
mp-571540,ZnCl2,
mp-559378,Ba5Ta2Cl2O9,
mp-567702,CsReCl4,
mp-540444,CrPO4,
mp-569414,Lu6AgTe2,
mp-555085,KAu(NO3)4,
mp-561355,TiSCl6O,
mp-567800,Sm5Si4,
mp-555091,Rb2Na2IrO4,
mp-559400,BeF2,
mp-5487,Sr3SiO5,
mp-569427,K4Sn(TeSe)2,
mp-557076,SiO2,
mp-561371,CuMoO4,
mp-557082,H2O,
mp-571582,TlHg3Sb2Br3,
mp-31665,LiCr2(PO4)3,
mp-567928,CsBi3Se5,
mp-571593,CdI2,
mp-567959,Sr11Ga4Sn3,
mp-557104,LiAlB2O5,
mp-555120,KGaCuF6,
mp-561390,LiYb(PO3)4,
mp-571603,CdI2,
mp-561392,TcSO6F,
mp-571607,CdI2,
mp-31702,LiCr(PO3)4,
mp-571613,CdI2,
mp-540536,Mo2P3O13,
mp-561437,Al2Ge(O2F)2,
mp-540547,Sm2Co7,
mp-568192,RbMoIO6,
mp-540550,NaH2ClO5,
mp-571646,CdI2,
mp-557175,ZnS,
mp-571654,CdI2,
mp-571660,CdI2,
mp-571668,CdI2,
mp-568329,K3Na2SnBi3,
mp-553912,NaZr2(AsO4)3,
mp-572409,Ga2RhC4Cl7O4,
mp-540577,KZr2(PO4)3,
mp-559535,H5C2ClO,
mp-555190,KUCrO6,
mp-572598,Cs2Ge2S5,
mp-31743,LiCr(PO3)4,
mp-553977,K4NpS2ClO10,
mp-672222,Ta2As,
mp-557272,AlS2(NCl2)2,
mp-540607,NaZnMoHO5,
mp-555203,Sr5B3ClO9,
mp-561488,SiO2,
mp-768812,LiBiB2O5,
mp-572902,Cs2CeAsS3Cl2,
mp-568446,Er5Si4,79
mp-616387,BaMo2(PO4)3,
mp-554094,CaMg2(SO4)3,
mp-573078,WSeS2Cl5,
mp-568477,Rb2SbBr6,
mp-573145,CsGa3S5,
mp-554138,Pr2SbO5F,
mp-568484,La3CBr5,
mp-557432,GeClO2F5,
mp-38322,Mg(IO3)2,
mp-540630,VFeO4,
mp-557451,CsReOF6,
mp-568493,In3SnI5,
mp-557488,S,
mp-561542,Ta2MnO6,
mp-557498,NaBi2AuO5,
mp-559650,KV3(SeO6)2,
mp-31784,LiFe(PO3)4,
mp-557529,Na5P3O10,
mp-573751,AlTeCl7,
mp-568522,In3SnI5,
mp-554265,ZrSCl6O,
mp-31795,LiFe(PO3)4,
mp-554280,RbTh2(PO4)3,
mp-554315,CaBeB2O5,
mp-557604,AlPO4,
mp-557614,Cd(PO3)2,
mp-557615,K3Np(H3O4)2,
mp-540682,Nb2CoO6,142.8668841
mp-31808,LiFe(PO3)4,
mp-555279,BSBr,
mp-554383,Na2Si2O5,
mp-557656,RbNaSi2O5,
mp-574273,Ce2Co5B2,
mp-554390,SrAl2SiN2O3,
mp-554395,Na5Li3(TiS4)2,
mp-540696,Ca3(SiAs2)2,
mp-31824,LiFe(PO3)4,
mp-574928,CsPH3O3F,
mp-554505,KHo(PO3)4,
mp-555303,LiEr(PO3)4,
mp-695781,LiNi(PO3)4,
mp-554526,KGd(PO3)4,
mp-554532,K2TeClF5,
mp-554540,Li5ReO6,
mp-557771,SiO2,
mp-569782,Sr2LiCBr3N2,
mp-557780,CsSi2HO5,
mp-557784,LaNbTeO6,
mp-557792,HfSCl6O,
mp-554584,Rb3NaPbO4,
mp-579259,Eu3BeO5,
mp-554651,K3Pu(H3O4)2,
mp-557881,SiO2,
mp-650841,GaBr2,
mp-557915,AlPO4,
mp-555355,SiO2,
mp-540755,Zr2Nb3Ge4,
mp-773675,FePO4,
mp-554724,CuP4S3I,
mp-554732,RbSbS(O2F)2,
mp-704941,LiCo(PO3)4,
mp-554752,RbLi7(SiO4)2,
mp-31887,Li3Fe(PO3)8,
mp-555366,LiHo(PO3)4,
mp-559721,KBCF6,
mp-555392,K6NaAu2IO8,
mp-558129,KNaSi2O5,
mp-540812,Sr2CuF6,
mp-580802,Ce3CCl5,
mp-559740,SiO2,
mp-540818,Tl2Ge2Se5,
mp-561973,K(TeO3)2,
mp-561999,CsAlAgF6,
mp-31937,LiMn(PO3)4,
mp-558199,CuAs4S3Cl,
mp-562012,K2Th(MoO4)3,
mp-558226,H2O,
mp-31950,LiMn(PO3)4,
mp-562061,BaDy2MnO5,
mp-558272,Na3ThP3O11,
mp-555447,NaScB2O5,
mp-554856,Na2Si2O5,
mp-568735,SiC,213.314666
mp-540857,Yb2WO6,
mp-559781,KY(CO)8,
mp-558351,SiO2,
mp-540876,KTh2(PO4)3,
mp-558408,Nb4Te9I4O,
mp-559817,Na3(CuO2)2,
mp-31980,LiMn(PO3)4,
mp-558444,Mn(PO3)2,
mp-555486,LiEu(PO3)4,
mp-555487,SnO2,
mp-558545,C2S(NCl)3,
mp-558564,SiO2,
mp-540925,Hg2AsF6,15.53141638
mp-562728,Ca2YAs(WO6)2,
mp-558585,Hg3PClO4,
mp-540939,Ti(TlS)4,
mp-540940,Ti(TlSe)4,
mp-558598,SiO2,
mp-554917,LiSn2(PO4)3,
mp-762308,LiCo2(PO4)3,
mp-562473,LiSn2(PO4)3,
mp-558617,Pr4S3N2,
mp-540946,LiReO4,
mp-32012,LiMn2(PO4)3,
mp-558648,CSCl(OF)3,
mp-558667,S3N3ClO2,
mp-32016,LiMn2(PO4)3,
mp-568831,Pr2Sc3Si4,
mp-558706,RbGa3S5,
mp-559878,K2Na2IrO4,
mp-567014,Rb2Te(WO4)3,
mp-558717,LiUAsO6,
mp-558725,Ba5Ru2Br2O9,
mp-540962,KLa(PO3)4,
mp-558743,WN3F5,
mp-568854,CsReBrCl3,
mp-555531,K5Tl3O,
mp-568863,LiEu2CBr3N2,
mp-582657,Ti4Te9I4O,
mp-555554,KGa(PO3)4,
mp-32043,LiMo(PO3)4,
mp-558875,HoTe2ClO5,
mp-570089,CdI2,
mp-32047,LiMo2(PO4)3,
mp-565194,CdMoPO6,
mp-565195,SrCrSn(PO4)3,
mp-558930,Zn(PO3)2,
mp-647180,Co(IO3)2,
mp-762640,LiFe(PO3)4,
mp-768785,LiSn2(SO4)3,
mp-764646,Mn2CrNi3(PO4)6,
mp-768762,Ho2TeO6,
mp-616135,Cs5SiP3,
mp-849672,Mn6OF11,
mp-771988,MnCo(PO4)2,
mp-762628,LiFe(PO3)4,
mp-706281,NaH4CNO2,
mp-768636,LiBi2BO5,
mp-706278,CaP2(H2O3)3,
mp-772579,La2WO6,
mp-781284,MnFe3Ni2(PO4)6,
mp-705884,LiFePHO5,
mp-759280,LiZr2(PO4)3,
mp-771957,Ta2PbO6,
mp-762572,Mn6O7F5,
mp-781125,Ti3VCo2(PO4)6,
mp-761628,Mn3Ni2P6WO24,
mp-677262,KInI4,
mp-677245,Na2Sr3As4,
mp-772489,Lu2WO6,
mp-763532,LiP3(WO6)2,
mp-764747,FeOF,
mp-767946,Mn2V3Sb(PO4)6,
mp-782639,Dy2WO6,
mp-771903,Fe5Cu(PO4)6,
mp-649415,KBiN(ClO)3,
mp-766343,Ba2CaI6,
mp-766340,Ba2CaI6,
mp-782034,YNb2NO5,
mp-604717,SiO2,
mp-766332,BaCa2I6,
mp-851051,MnPO4,
mp-766540,Li4TiS4,
mp-766317,Ba2CaI6,
mp-766310,BaCa2I6,
mp-776173,Ti3Cu2Sb(PO4)6,
mp-766301,Ba2CaI6,
mp-766288,Ba2CaI6,
mp-608106,P4S3I2,
mp-767922,Mn3CrTe2(PO4)6,
mp-851020,Mn12O5F19,
mp-776597,NaCu(PO3)4,
mp-776125,Ti3Cu2Sn(PO4)6,
mp-776120,Mn3Cr2Cu(PO4)6,
mp-776118,Mn3FeSn2(PO4)6,
mp-604229,ZnH3CNO3,
mp-772105,Li2Zr2O5,
mp-761531,MnV3Ni2(PO4)6,
mp-781681,LiMn(PO3)4,
mp-770143,LiMnV(PO4)3,
mp-768909,Sr(IO3)2,
mp-647476,Ba3Li2V2Cl4O7,
mp-761680,Li2CrSi4O11,
mp-776060,MnCr2Fe3(PO4)6,
mp-776059,Ti3NbCo2(PO4)6,
mp-776058,Cr2Fe3Co(PO4)6,
mp-776057,TiCr2Ni3(PO4)6,
mp-776056,Mn3Cr2Sb(PO4)6,
mp-768827,BaSrI4,
mp-776055,Fe3Cu2Sb(PO4)6,
mp-777708,Mn12O7F17,
mp-776049,V3Fe2Cu(PO4)6,
mp-768794,LiBiB2O5,
mp-776047,Mn3Cr2Ni(PO4)6,
mp-771771,Ta2PbO6,
mp-777700,LiFeF4,
mp-776046,TiFe3Sb2(PO4)6,
mp-761482,Li2FePO5,
mp-776025,Ti3NbCu2(PO4)6,
mp-780896,MnCr(PO4)2,
mp-768747,Li7Bi(BO4)2,
mp-676212,Na2Sr3P4,
mp-776012,Ti3FeCu2(PO4)6,
mp-776011,Cr2Fe3Ni(PO4)6,
mp-764636,K2Li2CoO4,
mp-776010,Cr2Fe3Cu(PO4)6,
mp-776009,Ti3CoCu2(PO4)6,
mp-776008,TiFe2Ni3(PO4)6,
mp-761644,Li2Fe3Si3O10,
mp-776007,Ti3Mn2Sn(PO4)6,
mp-676637,Na2UI6,
mp-605646,RbBa2N15,
mp-776003,Mn2V3Cu(PO4)6,
mp-768665,LiBiB2O5,
mp-770057,LiMnV(PO4)3,
mp-761642,Li2Cr3Si3O10,
mp-776002,Ti3Nb2Cr(PO4)6,
mp-776000,Ti3Mn2Sb(PO4)6,
mp-775996,TiFe3Cu2(PO4)6,
mp-775995,Mn3CrSn2(PO4)6,
mp-775994,Ti3CrCu2(PO4)6,
mp-775993,TiMn2Fe3(PO4)6,
mp-764497,VFe2Ni3(PO4)6,
mp-775992,TiNi3Sb2(PO4)6,
mp-764608,Mn6O7F5,
mp-676232,KH5O3,
mp-763171,Mn2VNi3(PO4)6,
mp-745150,VZnHPbO5,
mp-768414,Li4VS4,
mp-764595,Na2V2O5,
mp-778504,Ti5Ni(PO4)6,
mp-778503,Ti3Fe2Sb(PO4)6,
mp-768360,Li3(FeS2)2,
mp-698655,KMgIn(MoO4)3,
mp-645555,KUVO6,
mp-623030,Na3CuSnSe4,
mp-765327,V3FeCu2(PO4)6,
mp-763154,Mn3CoCu2(PO4)6,
mp-763153,Li2Ti3Co(PO4)6,
mp-768335,Li3(FeS2)2,
mp-763227,LiMnF4,
mp-675275,Tl2CuF3,
mp-601226,BaH2(CO2)2,
mp-707977,AlPO4,
mp-622199,KCuP2Se5,
mp-778393,Ti3MnCo2(PO4)6,
mp-768315,Mg(IO3)2,
mp-768313,Dy2TeO6,
mp-756624,Ba2SrI6,
mp-849513,Fe2Sb(PO4)3,
mp-763129,Mn2Fe3Co(PO4)6,
mp-773074,LiZr2(PO4)3,
mp-849505,MnFe2(PO4)3,
mp-644265,CdH2(CO2)2,
mp-774360,Mn2V3Ni(PO4)6,
mp-763121,Fe3CoCu2(PO4)6,
mp-763120,Cr2CoNi3(PO4)6,
mp-763119,TiFe3Co2(PO4)6,
mp-764526,Mn6OF11,
mp-778326,Ti3FeNi2(PO4)6,
mp-765265,Ti2Mn(PO4)3,
mp-778317,Ti3NbFe2(PO4)6,
mp-774344,Mn5Sn(PO4)6,
mp-772862,BaSr2I6,
mp-771750,Sr(IO3)2,
mp-771248,Na2Ge2O5,
mp-780890,LiMn2P4H11O18,
mp-850095,Mn12O5F19,
mp-764511,Mn6OF11,
mp-695314,Ca5Si2HO9F,
mp-672266,CSNOF5,
mp-778550,Li2MnFe(BO3)2,
mp-778276,Mn3NbNi2(PO4)6,
mp-774314,Ti3MnV2(PO4)6,
mp-662534,AgIrF7,
mp-757996,LiTi(PO3)4,
mp-772687,Li2Cr3Ni(SO4)6,
mp-778268,Ti3CrSb2(PO4)6,
mp-768093,VSO4F3,
mp-771303,LiMnB2O5,
mp-582994,KAg(CN)2,
mp-558945,Hg3AsBrO4,
mp-558958,H2O,
mp-559939,Ba(PO3)2,
mp-565220,YbCu2(MoO4)3,
mp-570711,YbGeAu,
mp-32081,LiMo2(PO4)3,
mp-583574,Gd2Mo(SeO4)3,
mp-555591,SrLiAlF6,
mp-555598,KGd(PO3)4,
mp-583774,Gd2MoO6,
mp-559977,KNd(PO3)4,
mp-585265,LiMo2(PO4)3,
mp-505333,Hf5CoAs3,
mp-541090,Ce(SeO3)2,
mp-555623,BaMo2(PO4)3,
mp-32113,Mo2P3O13,
mp-541096,CsUNbO6,
mp-565282,NaV6O11,
mp-569027,LiMoAsO6,
mp-565319,NaSrFeF6,
mp-555672,Pu(SeO3)2,
mp-555681,La3CuS3O2,
mp-541148,KUVO6,
mp-565340,Cr2B(PO4)3,
mp-565352,V2Ge(O2F)2,
mp-560066,SbSO2F5,
mp-560091,CsZr2(PO4)3,
mp-541238,KTi2(PO4)3,
mp-560110,BaUTiO6,
mp-541217,BaHo2CoO5,
mp-555773,ZnS,
mp-541236,Na5HfAs3,
mp-541269,GaNi2BO5,
mp-541282,KZr2(AsO4)3,
mp-565454,K2MoCl5O,
mp-541285,Th(TeO3)2,
mp-32436,LiV2(PO4)3,
mp-541296,Co3H2Se3O10,
mp-560176,K2NaAl3F12,
mp-565482,Fe2Ag(MoO4)3,
mp-32471,LiV(PO4)2,
mp-32494,LiV(PO3)4,
mp-32502,LiV(PO3)4,
mp-565502,V2CdO6,
mp-560203,SiO2,54.92645465
mp-32523,LiV(PO3)4,
mp-565513,FeBi3(MoO6)2,
mp-565544,BaLiCrF6,
mp-697795,LiV(PO3)4,
mp-780316,LiCo2OF5,
mp-560233,Sr5B3BrO9,
mp-541352,P4S3I2,
mp-32667,SiO2,
mp-565584,WXeOF6,
mp-541375,CdH4Br3N,
mp-3273,Si5P6O25,
mp-565594,Na3WO4F,
mp-541405,NaFe3O5,
mp-570505,Ca3(AlN2)2,
mp-541418,BaTm2CoO5,
mp-541447,K3(FeS2)2,
mp-541448,Rb3(FeS2)2,
mp-541452,Co2PHO5,
mp-570527,Yb5Au4,
mp-541495,KY(PO3)4,
mp-845,Cu5Sn4,
mp-560292,KEu(PO3)4,
mp-555941,AlPO4,
mp-541545,BaVAsO6,
mp-554038,CaTa2O6,
mp-541597,BaYb2CoO5,
mp-541601,KPr(PO3)4,
mp-505654,V2HgO6,
mp-541642,Na2Zr(MoO4)3,
mp-541649,Na2W(OF2)2,
mp-541661,LiZr2(PO4)3,
mp-541666,KMnH2OF4,
mp-541694,K2Na3SiP3,
mp-541689,Na7In3Se8,
mp-505682,Dy2Te,
mp-541746,Mn3BO5,
mp-541762,CaNiAsHO5,
mp-555976,Na2TiSiO5,
mp-541793,NaFeBP2H3O10,
mp-772401,V2Co(PO4)3,
mp-560342,Ag4GeO4,
mp-541844,Ge5Ir4,
mp-570598,SrSi7N10,
mp-645272,TlV3(SeO6)2,
mvc-5171,TiO2,
mp-555986,AsCS3N2F11,
mp-541878,K2Ge2S5,
mp-541879,Rb2Ge2S5,
mp-541880,Rb2Ge2Se5,
mp-541923,TlCu5Se3,
mp-565757,Gd2WO6,
mp-570623,Pr4Te3N2,
mp-541995,LaSiO3F,
mp-541998,K3(FeSe2)2,
mp-542009,VPPbO6,
mp-505787,Ba3FeO5,
mp-542099,Cs4PbO4,
mp-570646,Nd4Te3N2,
mp-565796,Y2WO6,
mp-542197,Ba4Ca4Tl3Cu6O19,
mp-505808,BaEr2CuO5,
mp-542237,SmP4HO12,
mp-565818,K3WS3ClO,
mp-560443,AgHg2NO5,
mp-542451,Rb2NaAl3F12,
mp-542465,Pr5Si4,
mp-565860,TlVH6SO9,
mp-570727,SbCNCl6,
mp-560476,Rb3NaTiO4,
mp-570738,GaI2,
mp-566835,Mn(IO3)2,
mp-510083,Tb2Ti3Si4,
mp-510721,CaCoAsHO5,
mp-510724,As3Pb5ClO9,
mp-510084,Ho2Ti3Si4,
mp-566353,KVSO6,
mp-566891,Lu2WO6,165.513348
mp-510085,Er2Ti3Si4,
mp-556443,Ba5Ru2Cl2O9,
mp-556448,ZnS,
mp-566379,KCrIO6,
mp-566393,KVH6SO9,
mp-510729,CaCuAsHO5,
mp-566934,K2Th(MoO4)3,
mp-566949,SrV6O11,
mp-566968,Yb2MoO6,
mp-566977,CsMn(PO3)4,
mp-566462,KWNClF5,
mp-566467,LiMgIn(MoO4)3,
mp-556464,SiO2,
mp-556537,SiO2,
mp-567002,KMoIO6,
mp-560772,Mg2B2O5,
mp-510132,Y2WO6,
mp-556478,SrH2(CO2)2,
mp-566598,MnH2(CO2)2,
mp-571038,Hf4NbGe4,
mp-566626,RbVH6SO9,
mp-28269,Cs2SbBr6,
mp-556152,ZnS,
mp-566734,Na2Zr(WO4)3,
mp-510274,Zr2Si4Ru3,
mp-560812,KU2(PO4)3,
mp-510279,ZnAsHPbO5,
mp-556168,Na7Al3O8,
mp-556861,LiY(PO3)4,
mp-510301,Er2MoO6,
mp-510302,Tm2MoO6,
mp-510303,Y2MoO6,
mp-510306,Sc2CrB6,
mp-556865,NaBe2BO3F2,
mp-560836,SiO2,
mp-510368,RbUCrO6,
mp-510370,CsAlCuF6,
mp-565938,Sr8Tl3Cr(CuO5)4,
mp-565939,LiV3(TeO6)2,
mp-571154,Sr11Al4Sn3,
mp-771585,Ti2Ni(PO4)3,
mp-560866,LiLa(PO3)4,
mp-560512,Sm2EuBeO5,
mp-560879,CS2(NCl)3,
mp-560517,TiSCl6O,
mp-560521,Be(PO3)2,
mp-571179,AlTeCl7,
mp-510445,Ni10Sn5P3,
mp-556244,Xe2NO2F13,
mp-556587,AuSCl7,
mp-868651,VPO4,
mp-510475,Y2Cu2O5,
mp-510479,BaEu2ZnO5,
mp-560907,MoSeS2Cl5,
mp-560552,Gd2WO6,
mp-556672,Sn(SeO3)2,
mp-566049,KMoAsO6,
mp-571248,Cs2NaAu3(CN)6,
mp-560947,Ag4S(NO)2,
mp-510547,Cu2H3ClO3,
mp-560586,RbTi2(PO4)3,
mp-510551,Fe3BO5,
mp-556307,Na2Si2O5,
mp-556679,Na2Ca3Si3O10,
mp-18640,LiTi2(PO4)3,
mp-25708,Bi2MoO6,
mp-25716,CaNiBP2H3O10,
mp-25730,Bi2WO6,67.3589612
mp-547237,Co(PO3)2,
mp-25749,Fe2WO6,
mp-549033,CoNi(PO3)4,
mp-25750,Ca2Fe2O5,
mp-867004,Th2Ni7,
mp-25751,K2Li2FeO4,
mp-1021510,LiGe2(PO4)3,
mp-1021514,NaGe2(PO4)3,
mp-18827,AlVO4,
mp-25764,Mn3H2Se3O10,
mp-25779,Ni3H2Se3O10,
mp-3142,Ca(NO3)2,
mp-554566,BaLiCoF6,
mp-18891,BaV6O11,
mp-774099,V2Ni(PO4)3,
mp-19694,LiSbWO6,
mp-556347,K2ReCl5O,
mp-30101,Ba4Si3Br2,
mp-743856,FeH2C4N4Cl6O,
mp-556420,Rb2NaMn3F12,
mp-24862,SrCo6O11,
mp-4396,Ba(NO3)2,
mp-4643,Nb2CuO6,
mp-19135,Ni(PO3)2,
mp-777028,LiCo2(PO4)3,
mp-763066,Li6Fe3Co7O20,
mp-706550,Mg3Mn3(BO5)2,
mp-777013,LiNi(SO4)2,
mp-849542,Li2MnVP2(HO5)2,
mp-765202,MnCr3Te2(PO4)6,
mp-763166,FeOF,
mp-765190,Cr3NiTe2(PO4)6,
mp-600026,SiO2,
mp-771182,CrFe5(PO4)6,
mp-778218,MnFe3Sn2(PO4)6,
mp-774393,Li2MnFe(BO3)2,
mp-763162,FeOF,
mp-601369,MoH2(CO2)2,
mp-626136,H3ClO5,
mp-771180,VNi5(PO4)6,
mp-669328,ReTe3Br5,
mp-600004,SiO2,
mp-768074,LiTaWO6,
mp-669317,Cs3CdI5,
mp-772524,LiTi2(PO4)3,
mp-768345,Ba2B2O5,
mp-652663,K2PtS15,
mp-768334,LiMn2OF5,
mp-763139,FeOF,
mp-774258,Ti5Nb(PO4)6,
mp-774378,Li3Mn2Fe(BO3)3,
mp-626006,H4N2O3,
mp-757816,LiNb(PO3)4,
mp-625994,H4N2O3,
mp-778063,Ti3Mn2Ni(PO4)6,
mp-649334,FeSCl7,
mp-776669,Na7Co3O8,
mp-757806,LiSn(PO3)4,
mp-774373,Li3MnFe2(BO3)3,
mp-600520,SrCuH4(CO2)4,
mp-774370,Li6Mn5Fe(BO3)6,
mp-765286,LiSn(PO3)4,
mp-763128,FeOF,
mp-763014,Li3MnF5,
mp-698122,K3H3S2(O4F)2,
mp-763127,FeOF,
mp-774366,Li3MnFe2(BO3)3,
mp-757788,LiNb(PO3)4,
mp-685043,BBr,
mp-774368,Li6Mn5Fe(BO3)6,
mp-757765,Li3NbP3O11,
mp-774362,Li6Mn5Fe(BO3)6,
mp-763123,FeOF,
mp-776599,NaTi2(PO4)3,
mp-761731,K2Li2CoO4,
mp-774233,Co(IO3)2,
mp-764623,Mn6O5F7,
mp-778242,Ti2Fe(PO4)3,
mp-765269,Mn2F7,
mp-765268,Mn2F7,
mp-757690,LiNb(PO3)4,
mp-776502,LiTi2(PO4)3,
mp-744014,TiMnFe(PO4)3,
mp-774228,Co(IO3)2,
mp-768263,Ba2La2O5,
mp-768878,CuReO4,
mp-774349,Li6MnFe5(BO3)6,
mp-849479,Mn6O7F5,
mp-781618,Mn12O7F17,
mp-776437,LaTa2NO5,
mp-774348,Li3MnFe2(BO3)3,
mp-696659,H4N2O3,
mp-757669,LiCuC2O5,
mp-776408,YNb2NO5,
mp-774193,La2WO6,
mp-768735,Ba2SrI6,
mp-768734,Sr2CaI6,
mp-776359,YNb2NO5,
mp-771238,Y2TeO6,
mp-771235,CsLa3O5,
mp-778299,Li2VPO5,
mp-625686,H4N2O3,
mp-625676,H4N2O3,
mp-757639,LiTi(PO3)4,
mp-763097,FeOF,
mp-625664,H4N2O3,
mp-765242,V2F7,
mp-757616,LiSn(PO3)4,
mp-697804,CsUCrO6,
mp-697792,LiMn2(PO4)3,
mp-762934,V2Fe3P6WO24,
mp-763087,FeOF,
mp-774316,Mn6OF11,
mp-696210,BH5CN2,
mp-763081,FeOF,
mp-697749,LiV2(PO4)3,
mp-625631,H4N2O3,
mp-771077,LiFeB2O5,
mp-763076,FeOF,
mp-757569,LiSn(PO3)4,
mp-696166,CaH4(ClO)2,
mp-695505,K2LiNb6(PO8)3,
mp-625541,Sn3(HO2)2,
mp-763058,FeOF,
mp-601867,Ba3(SnP2)2,
mp-762912,Ti3CoSn2(PO4)6,
mp-774409,V3Fe2CuO12,
mp-849583,YNb2NO5,
mp-757504,ZrTi2O6,
mp-600018,SiO2,
mp-849549,Mn12O5F19,
mp-849545,Mn12O7F17,
mp-600007,SiO2,
mp-771174,Ba2B2O5,
mp-768372,SbBrO,
mp-669465,Te2S4(NCl3)3,
mp-763035,FeOF,
mp-560511,CaH2(CO2)2,
mp-771047,Mn(IO3)2,
mp-697128,KCa2P4H11O18,
mp-768337,CuReO4,
mp-771158,Ba2B2O5,
mp-771128,Li3LaNiO4,
mp-778401,LiVF4,
mp-849518,Mn12O7F17,
mp-778070,Li2MnVP2(HO5)2,
mp-767961,Ti3Mn2P6WO24,
mp-849517,Mn6O5F7,
mp-777902,Ti3Mn2Cu(PO4)6,
mp-771127,Rb4TiO4,
mp-763018,FeOF,
mp-1020654,SrBeB2O5,
mp-757407,Sr2Tl2O5,
mp-1020626,Zr2Ga(PO4)3,
mp-1019967,LaSi3N5,
mp-1019895,La3BN2O3,
mp-778036,LiCr2(PO4)3,
mp-608398,NbSNCl6,
mp-849485,Mn12O7F17,
mp-774231,LiFeB2O5,
mp-849482,Mn12O7F17,
mp-774350,Mn6OF11,
mp-762990,LiCr(PO3)4,
mp-778014,Li6MnFe5(BO3)6,
mp-625789,Sn3(HO2)2,
mp-696528,KPH3NO3,
mp-774185,Mn6OF11,
mp-849277,Li2CuP3(HO5)2,
mp-757306,LiCu(PO3)4,
mp-757663,LiSn(PO3)4,
mp-1014995,CrN2,
mp-765102,LiTi(PO3)4,
mp-774320,Mn12O5F19,
mp-1014339,CrN2,
mp-697734,MoP4O13,
mp-662513,Te2WCl6,
mp-1013939,TiSF,
mp-765208,LiVF4,
mp-653559,P4Se3I2,
mp-762911,FeOF,
mp-695992,LiH2BrO5,
mp-556776,Sr(PO3)2,
mp-560641,Ba12Cl5F19,
mp-25065,Sm2MoO6,
mp-25076,Nd2MoO6,
mp-25084,KMoPO6,
mp-560653,RbNaLi6(SiO4)2,
mp-25085,ZnMoO4,
mp-510616,NaV6O11,
mp-19300,La2MoO6,
mp-25128,SrV6O11,
mp-510654,Cu2PHO5,
mp-25157,BaVPO6,
mp-25164,SrVPO6,
mp-25169,KTh2V3O12,
mp-25180,Nd2WO6,124.6538095
mp-25181,Er2WO6,
mp-25190,Er2WO6,
mp-560717,Ag2CO3,
mp-19398,FeAsO4,
mp-19401,CrPO4,
mp-16785,Pu(TeO3)2,
mp-17399,Ba5Sb4,
mp-18133,Zr2Co4P3,
mp-561055,RbB3O5,
mp-25699,CaMnSiHO5,
mp-561098,LiUPO6,
mp-542219,Li2ZrF6,
mp-5321,Ho7Co6Sn23,
mp-542071,Co(NO3)2,
mp-761762,Fe2Co(PO4)3,
mp-542218,NaVBP2H3O10,
mp-542336,BaTm2NiO5,
mp-566189,BaMoSeO6,
mp-542477,Ho2MoO6,
mp-542476,Dy2MoO6,
mvc-8965,TiZnSb(PO4)3,
mvc-10109,VO2,
mvc-10090,CrO2,
mvc-8926,MgTiSb(PO4)3,
mp-557290,Na2Si2O5,
mvc-8138,Ti(GeO3)2,
mvc-8186,Sn(GeO3)2,
mvc-8163,Ge2SbO6,
mvc-8139,Ge2BiO6,
mvc-8361,Co(GeO3)2,
mvc-8362,V(GeO3)2,
mvc-8403,Ge2MoO6,
mvc-8410,Ge2WO6,
mvc-8467,Ni(GeO3)2,
mp-763547,Co(IO3)2,
mvc-8846,MgTiAg(PO4)3,
mvc-8867,CaTiBi(PO4)3,
mvc-8830,MgTiSn(PO4)3,
mvc-8780,CaTiSn(PO4)3,
mvc-8790,CaTiCu(PO4)3,
mvc-8877,CaTiSb(PO4)3,
mvc-8853,MgTaTi(PO4)3,
mvc-8845,CaTiAg(PO4)3,
mvc-8826,CaTaTi(PO4)3,
mvc-8911,TiZnBi(PO4)3,
mvc-8925,MgTiBi(PO4)3,
mvc-8854,TiZnAg(PO4)3,
mvc-8888,TaTiZn(PO4)3,
mvc-8884,TiZnSn(PO4)3,
mvc-9168,TiZnCo(PO4)3,
mvc-9159,CaTiCo(PO4)3,
mvc-9145,CaTiV(PO4)3,
mvc-9195,MgTiMo(PO4)3,
mvc-9200,CaTiCr(PO4)3,
mvc-9165,CaTiMn(PO4)3,
mvc-9207,TiZnMo(PO4)3,
mvc-9213,CaTiMo(PO4)3,
mvc-9220,CaTiP3WO12,
mvc-9222,MgTiP3WO12,
mvc-9230,TiZnP3WO12,
mvc-9216,Mn(GeO3)2,
mvc-9229,CaTiNi(PO4)3,
mvc-9284,Fe(GeO3)2,
mvc-9818,BiO2,
mvc-9819,SbO2,
mvc-10183,MnO2,
mvc-16290,BaY2CoO5,
mvc-16380,Ca2Sb2S5,
mvc-16534,CaTiFe(PO4)3,
mvc-16585,Ca2GaFeO5,
mvc-16540,Ca2MnFeO5,
mvc-1726,ZnSn(PO3)4,
mvc-1725,CaSn(PO3)4,
mvc-1710,MgTi(PO3)4,
mvc-1894,CaCu(PO3)4,
mvc-1742,CaTi(PO3)4,
mvc-2198,MgCo(PO3)4,
mvc-2200,CaMn(PO3)4,
mvc-2204,MgNi(PO3)4,
mvc-2201,MgMn(PO3)4,
mvc-2205,MgCr(PO3)4,
mvc-2203,CaCo(PO3)4,
mvc-1735,MgCu(PO3)4,
mvc-2206,MgFe(PO3)4,
mvc-2214,CaV(PO3)4,
mvc-2215,CaFe(PO3)4,
mvc-2216,CaNi(PO3)4,
mvc-2239,MgV(PO3)4,
mvc-2241,CaCr(PO3)4,
mvc-2240,CaP4WO12,
mvc-2347,MgP4WO12,
mvc-2264,ZnP4WO12,
mvc-10289,NiO2,
mvc-10363,WO2,
mvc-10429,BaTaF7,
mvc-10428,BaSbF7,
mvc-10438,BaBiF7,
mvc-10634,BaWF7,
mvc-10636,BaMoF7,
mp-558891,SiO2,
mvc-10632,BaCrF7,
mp-675254,AlPO4,
mp-644763,Zr4Fe2H2O,
mp-562609,Mn(NO3)2,
mp-762431,Li2CrSi4O11,
mp-866622,Ca3Sn4S11,
mp-866621,Ca3Sn4S11,
mp-1080865,CeSe2,
mp-779587,TiPO4,
mp-619778,NaSrCrF6,
mp-761640,V2Cu(PO4)3,
mp-585419,CoPO4,
mp-1019521,Ba3MgGeN4,
mp-757464,LiNb(PO3)4,
mp-771040,Mg(IO3)2,
mp-849383,Mn12O7F17,
mp-771139,Cs4HfO4,
mp-849376,LiV2(PO4)3,
mp-744017,CoHCO3,
mp-1020634,SrMgB2O5,
mp-1020627,SrLiAl3N4,
mp-1020632,RbB3O5,
mp-1019802,KAl(PO3)4,
mp-1019781,K2Na3P3O10,
mp-777920,LiFeF4,
mp-1019745,K2Ca3Si3O10,
mp-695951,LiAg2P3(HO5)2,
mp-1019514,AlPO4,
mp-1019513,AlPO4,
mp-1019560,Ca2B2O5,
mp-1029811,Y4Te3N2,
mp-1019747,K2Ca3Si3O10,
mp-1029679,BaGe7N10,
mp-1019576,Ca4SiN4,
mp-1019559,Ca2B2O5,
mp-1019557,BaS4O13,
mp-776097,HfO2,200.21103
mp-704540,LiMo2(PO4)3,
mp-704600,LiTi4Mn(PO4)6,
mp-690548,NaMgFe(SO4)3,
mp-776343,WN2,
mp-776407,LaTa2NO5,
mp-776443,YNb2NO5,
mp-776721,Ti3V2Sb(PO4)6,
mp-776747,V3Fe2Te(PO4)6,
mp-10138,Y(BRu)4,
mp-16375,Ho5Ni19P12,
mp-39160,CaTiFe(PO4)3,
mp-11952,KHg11,
mp-11953,RbHg11,
mp-10480,CsAg5Se3,
mp-12175,Y5Pt4,
mp-14280,Ga2Sn2S5,
mp-1673,Tb5Ge4,
mp-10582,Ca5P12Rh19,
mp-12307,Tl2Ge2S5,
mp-14481,Er(BRh)4,
mp-1908,Pr5Ge4,
mp-1094065,Sr2Co2O5,
mp-15059,GdSnF7,
mp-1506,Sm5Ge4,
mp-1920,Ni5P4,
mp-172,Nd5Ge4,
mp-15277,La5Cu19P12,
mp-15335,Lu2Cu2O5,
mp-15336,Sc2Cu2O5,
mp-15355,U(BRu)4,
mp-1304,Zr5Si4,
mp-10789,Yb2Ge6Pd,
mp-13360,Y5Ge4,
mp-1588,C11F7,
mp-15904,BaGd2ZnO5,
mp-1600,BaHg11,
mp-2447,P4Se5,
mp-24290,HS7N,
mp-19038,SrV2O6,
mp-27949,Si2H6O,
mp-24348,BiP4HO12,
mp-24356,CdH4NCl3,
mp-29462,NaGa3Te5,
mp-24402,CaAlSiHO5,
mp-22642,Zr2Se,
mp-29513,CsXeF7,
mp-24426,HgH2SeO5,
mp-28034,Cu2P7,
mp-29498,WBr2,
mp-28043,Tl3AgI5,
mp-24463,H3SO4F,
mp-28062,Sb2F7,
mp-761760,Mn2Co(PO4)3,
mp-29531,CsBi3S5,
mp-24508,ZrH3NF4,
mp-19364,BaDy2CoO5,
mp-28089,P4Se3I2,
mp-29554,WBr5,
mp-29555,MoBr2,
mp-28102,Ba3Te4O11,
mp-28108,Na4SnTe4,
mp-24601,Al3Si2H3O10,
mp-16773,KTb(PO3)4,
mp-24646,NaAlBP2H3O10,
mp-1679,La2Ni7,
mp-16794,Sc2Re3Si4,
mp-16818,Rb2Cd3Se4,
mp-16847,K3Na2SnP3,
mp-16861,Na5GeAs3,
mp-28198,RbInI4,
mp-21160,Er2Cu2O5,
mp-556282,Ba2AlInO5,
mp-16921,KNa4GeAs3,
mp-24891,BaLu2CoO5,
mp-4591,SrNb2O6,
mp-16945,Sr3(GaN2)2,
mp-4599,Ce(TeO3)2,
mp-653708,CuMoO4,
mp-16970,Na2Si2O5,
mp-29690,Tl2Te2O5,
mp-16989,K5SnAs3,
mp-33338,LiGa3Te5,
mp-25061,RbMoAsO6,
mp-25060,TlMoPO6,
mp-25074,CsMoPO6,
mp-25079,Tb2MoO6,
mp-29703,BaSi7N10,
mp-17015,K4GeO4,
mp-17033,CsAlPdF6,
mp-4721,RbSb3Se5,
mp-25156,NaV6O11,
mp-25159,KV6O11,
mp-25186,Nd2WO6,
mp-17066,Y2TeO6,
mp-28334,Tl4SiSe4,
mp-17085,Rb2Zr3OF12,
mp-28348,Ba2As2Se5,
mp-30905,Ba3(BN2)2,
mp-17101,CaNb2O6,
mp-21300,Yb5Ge4,
mp-28372,AuSeCl7,
mp-17125,CsNa3Li12(GeO4)4,
mp-29756,RbB3O5,
mp-4807,AgAsF7,
mp-17129,Sr3(AlN2)2,86.16192252
mp-17128,CsTb(PO3)4,
mp-17133,Ba3(AlN2)2,
mp-30931,Na4SiSe4,
mp-29769,Sc5(NiTe)2,
mp-17160,DyPtF7,
mp-25677,BaEr2CoO5,
mp-17177,Nb2ZnO6,140.938198
mp-29808,Ca4GeN4,
mp-21390,La2InCuSe5,
mp-17216,Hf5Si4,
mp-17213,Cs4SnO4,
mp-29812,Ba2CoCl6,
mp-25748,FeNi2BO5,
mp-17224,Cu(PO3)2,
mp-17240,RbNa3Li12(SiO4)4,
mp-25790,V6PbO11,
mp-29831,TaCl5,
mp-19950,Dy2Ti3Si4,
mp-28475,H2Pb3O4,
mp-861590,Li2VF6,
mp-25078,Cs2Mo3SeO12,
mp-571132,LiMg10AlH24,
mp-628930,Mn(NO3)2,
mp-866640,LiMgH6Ir,
mp-1080286,Ce2Sb2Se5,
mp-1080287,Ce2Sb2Se5,
mp-1080359,CeSe2,
mp-1096917,CrN2,
mp-1080369,CeSe2,
mp-1080373,CeSe2,
mp-1080367,CeSe2,
mp-1080635,CeSe2,
mp-1080642,CeSe2,
mp-1080851,CeSe2,
mp-1080864,CeSe2,
mp-1080858,CeSe2,
mp-1080866,CeSe2,
mp-1080863,CeSe2,
mp-1084851,CeSe2,
mp-1087241,CeSe2,
mp-1087555,CeSe2,
mp-1087551,CeSe2,
mp-1087553,CeSe2,
mp-1087554,CeSe2,
mp-1087550,CeSe2,
mp-1094047,Sr2Ti2O5,
mp-1094074,ScFe2BO5,
mp-1094086,Sr2Ti2O5,
mp-1094153,CeSe2,
mp-1094151,CeSe2,
mp-777181,Ti2Nb(PO4)3,
mp-850452,Mn6O5F7,
mp-851262,Mn6O5F7,
mp-780634,Li6MnFe5(BO3)6,
mp-775188,Mn6O5F7,
mp-764540,Mn6O5F7,
mp-850184,Mn6O5F7,
mp-4246,Li2TbF6,
mp-1024072,Na2Zn3S4,
mvc-9148,MgTiNi(PO4)3,
mvc-9176,TiZnFe(PO4)3,
mvc-9196,MgTiV(PO4)3,
mvc-9198,TiZnCr(PO4)3,
mvc-9186,TiMnZn(PO4)3,
mvc-9201,MgTiMn(PO4)3,
mvc-9187,TiVZn(PO4)3,
mp-1097045,K2RuBr6,
mp-1097033,K3V2P2O8F3,
mp-1096996,H6CNF,
mp-1096865,AlFe2BO5,
mp-1097025,GaFe2BO5,
mp-1094707,Ca3Mg4Zn11,
mp-1097047,FeCu2BO5,
mp-1097053,Li2Zr2O5,
mp-1097060,KCe2FeO5,
mp-695788,LiMn(PO3)4,
mp-566785,Fe3BO5,
mp-637472,KUCrO6,
mp-1097757,CrN2,
mp-1097766,CrN2,
mp-578926,BaSm2CuO5,
mp-616748,BaDy2CoO5,
mp-574334,Lu2CoB6,
mp-651333,Gd2WO6,
mp-32325,NiPO4,
mp-622482,BaY2CoO5,
mp-649667,BaDy2MnO5,
mp-562145,CeCO3F,
mp-570753,Tl3PbBr5,
mp-861457,LiV2OF5,
mp-764084,Mn6O5F7,
mp-777476,CrFe2(PO4)3,
mp-559929,Ba3Ta6Si4O23,
mp-771276,LiMnB2O5,
mp-772878,Ba2SrI6,
mp-16964,SiO2,
mvc-8763,MgTi2(PO4)3,
mvc-9197,MgTiCr(PO4)3,
mp-24170,CaPH3O4,
mp-767835,Li3Mn2C3O9F,
mp-770715,Ga2WO6,
mp-849424,LiCu2P3(HO5)2,
mp-505512,Ce2Sc3Si4,
mp-557777,K2ScSi4O10F,
mp-763518,Mn2Ni(PO4)3,
mp-850966,Mn6O5F7,
mp-18139,Na5SiAs3,
mp-772861,BaSr2I6,
mp-559872,SiO2,
mp-561543,BeF2,
mp-690847,AsH2C2NCl2O,
mp-861659,Li2Si3Ni3O10,
mp-780902,Mn6O5F7,
mp-25155,CsV3(SeO6)2,
mp-684642,SN,
mp-778039,Mn6O5F7,
mp-505351,Na3(FeS2)2,
mp-863372,LiCu2F6,
mp-560210,CaH2(CO2)2,
mp-849478,Mn6O5F7,
mp-771163,CsY3O5,
mp-554371,CaSiBHO5,
mp-771255,Cs4SiO4,
mp-555688,WS2(NCl)3,
mp-773509,VCr2O6,
mp-780223,Mn6O5F7,
mp-555823,SiO2,
mp-769377,SbSO4F3,
mp-642350,KLa(PO3)4,
mp-771543,LiMnH4(SO5)2,
mp-763147,Li2MnF6,
mp-861175,Li2VF6,
mp-680606,Th2Co7,
mvc-9726,TiO2,
mp-18504,Ca3(GeAs2)2,
mp-850258,Mn6O5F7,
mp-772797,Ti2Cu(PO4)3,
mp-779058,LiV2OF5,
mp-764625,Mn6O5F7,
mp-849519,Mn6O5F7,
mp-554842,Cs5Si3AgO9,
mp-849456,LiCo2OF5,
mp-764522,Mn6O5F7,
mp-23948,Rb3MgH5,
mp-690824,SrH6C4O7,
mp-772876,BaSr2I6,
mp-764177,Mn6O5F7,
mp-18002,KLi3GeO4,
mp-31996,LiMn2(PO4)3,
mp-560826,SiO2,
mp-1096989,H6CNCl,
mvc-13234,FeO2,
mp-763766,Li2MnSi4O11,
mp-24654,KZnP2H5O9,
mp-32478,LiV2(PO4)3,
mp-32066,LiMo2(PO4)3,
mvc-12204,FeO2,
mp-510608,ZnCuAsHO5,
mp-32023,LiMn2(PO4)3,
mp-568184,Lu(BRu)4,
mp-540153,LiNi(PO3)4,
mp-32337,LiNi2(PO4)3,
mp-504627,Er4NiB13,
mp-26767,LiNb(PO3)4,
mp-25538,Na2Li2FeO4,
mp-542478,MnVSbO6,
mp-571635,CdI2,
mp-32507,LiV(PO3)4,
mp-540461,LiV(PO3)4,
mp-21779,CaCuGe,
mp-31606,LiCo(PO3)4,
mp-26591,LiNb2(PO4)3,
mp-556433,Rb5Tl3O,
mvc-1719,ZnCu(PO3)4,
mp-541976,CsV3(TeO6)2,
mp-540173,LiV(PO3)4,
mp-20518,Lu4CoB13,
mp-21653,BaNiN,
mvc-8434,Cr(GeO3)2,
mp-31631,LiCr2(PO4)3,
mp-21661,YSi3Ni5,
mp-21102,Yb2AlB6,
mp-540811,Rb2SbBr6,
mp-29466,CeSi3N5,
mp-21623,ThFe5P3,
mp-21617,In2Cu2O5,
mp-31646,LiCr2(PO4)3,
mp-32397,LiNi2(PO4)3,
mp-21659,Hf3(NbGe2)2,
mp-542486,Sc3(Si2Ni)2,
mp-31930,MnPO4,
mp-540212,Li3Mo(PO3)8,
mp-540434,LiCo(PO3)4,
mp-31677,LiCr2(PO4)3,
mp-540218,Li3Cr(PO3)8,
mp-558161,NaMo2(PO4)3,
mp-571256,MoCl5,
mp-504536,Cu4SnS4,
mp-568375,La2Rh7,
mp-25135,RbV3(SeO6)2,
mp-556044,SiO2,
mp-555935,Ta2S,
mp-540013,LiBi2(PO4)3,
mp-31281,SrSnAu,
mp-569116,Sc2B6Rh,
mp-541337,BaYb2NiO5,
mp-558745,Rb4NpS2ClO10,
mp-23360,Zn(IO3)2,
mp-570455,CsNb6I11,
mp-32352,LiNi(PO3)4,
mp-31581,LiCo(PO3)4,
mp-26533,LiNb2(PO4)3,
mp-24725,Th(TiH3)2,
mp-540199,LiNi2(PO4)3,
mp-21689,CeGe3Pd5,
mp-17734,SrHo2CuO5,
mp-541963,Rb3(FeSe2)2,
mp-18581,Hf2Co4P3,
mp-26409,LiTi(PO3)4,
mp-25662,Fe(SeO3)2,
mvc-9896,SnO2,
mp-541140,Tl3(FeS2)2,
mp-540804,RbBi3S5,
mp-504659,Hf2P,148.8263702
mp-652716,CuMoO4,
mp-629738,Mn(PO3)2,
mp-661403,In2Cu2O5,
mp-697766,LiMn(PO3)4,
mp-619330,CdMoPO6,
mp-619632,Rb2NaMn3F12,
mp-697765,LiCr2(PO4)3,
mp-697768,LiMn2(PO4)3,
mp-567464,SrLiCoF6,
mp-651691,KCrCuF6,
mp-696006,Mo2P3O13,
mp-689975,LiMn(PO3)4,
mp-561959,CaCuH4(CO2)4,
mp-697728,LiCo(PO3)4,
mp-694780,LiFe(PO3)4,
mp-622109,Co(PO3)2,
mp-697786,LiNi2(PO4)3,
mp-686934,LiCo(PO3)4,
mp-651324,Gd2WO6,
mp-558839,Cu(PO3)2,
mp-565435,Bi2MoO6,
mp-561184,Sr3Te4O11,
mp-868635,In2WO6,
mp-868350,TaFeO4,
mp-562644,KBiS(ClO2)2,
mp-868530,Zr11VO24,
mp-562625,BiP4HO12,
mp-767797,Li3Fe4(PO4)6,
mp-675449,Pt4(O3F8)3,
mp-674343,Ti10Cu7S20,
mp-765666,Na7(NiO2)10,
mp-694888,Ba8Mn8O21,
mp-767614,Li3Mn4(PO4)6,
mp-767561,Li3Mn4(PO4)6,
mp-691134,Li7Mn10O20,
mvc-12772,Sr6YTl3(Cu2O7)3,
mvc-13160,Ba6YTl3(Cu2O7)3,
mvc-11769,Al10(Cu2O7)3,
mp-743603,Li3Ti3Fe(PO4)6,
mvc-14436,Al(MoS2)12,
mp-762385,Li4(NiO2)11,
mp-762381,Li4V11O22,
mp-771710,Li3Zr4(PO4)6,
mp-868663,Li3Cr4(PO4)6,
mp-720655,Na4Al2Si6ClO24,
mp-684731,Ti13S24,
mp-676024,Li27Sb10,
mp-684627,Ce13O24,
mp-25129,V4Zn3(PO4)6,
mvc-15017,V4Zn3(PO4)6,
mp-683986,Yb11(U2S11)2,
mp-762768,Li9Fe4(SiO5)4,
mp-704235,Ni7(PO4)6,
mp-767858,Li7(NiO2)10,
mp-767804,Li3Mn4(PO4)6,
mp-641743,Yb11(Sm2Se11)2,
mp-767581,Li3Cr4(PO4)6,
mp-767568,Li3Mn4(PO4)6,
mp-637631,Tm15S22,
mp-761343,Li16Fe4SiO16,
mp-761363,Na(WO3)9,
mp-742859,Fe3P2(HO)16,
mp-761960,Ba8Fe8O21,
mp-19067,Mg3V6(FeO6)4,
mp-680039,Ce4(LuS2)11,
mp-622755,In10(Pb2S7)3,
mp-766429,SiH18C2N8(OF3)2,
mp-766262,H20C3(N2O5)2,
mp-767757,Li3Cr4(PO4)6,
mp-676620,Li27As10,
mp-27184,B10(Pb2O7)3,
mp-31475,Er4(Al8Pt3)3,
mp-567051,Mn3V6(FeO6)4,
mp-641804,Yb11(Ce2Se11)2,
mp-770696,Mn7(PO4)6,
mp-763768,K8Li9Mn4O16,
mp-557098,Ba8V7O22,
mp-769622,Mn9(FeO6)4,
mp-850924,K8Li9Cr4O16,
mp-771985,Ni7(PO4)6,
mp-758225,Bi10(Pb2O7)3,
mp-777244,Li2Ti2MnCr2(PO4)6,
mp-555696,Cs4Nb2Si8O23,
mp-565376,V6Fe4(CuO8)3,
mp-32385,Ni7(PO4)6,
mp-542100,K4Nb2Si8O23,
mp-542121,Rb4Nb2Si8O23,
mp-505800,Cr4Cu3(PO4)6,
mp-566528,Ti4Cr3(PO4)6,
mp-566675,Fe5Cu2(PO4)6,
mp-566792,Bi10(MoO8)3,
mvc-12025,V6Zn3(FeO6)4,
mp-510474,Na2Cu3H8(CO2)8,
mvc-12036,Mg3V6(FeO6)4,
mp-769074,Na2LiTi3Al(PO4)6,
mp-769073,Na2LiTi3Al(PO4)6,
mp-654327,Ba8Re2(WO8)3,
mp-768871,Bi6B10O21,
mp-771225,Li17(CoO4)4,
mp-767949,Li3Fe4(PO4)6,
mp-767872,Li3V4(PO4)6,
mp-768357,Ba2Ti11O24,
mp-771278,Na8Li9(FeO4)4,
mp-768076,Li3V4(PO4)6,
mp-24987,Fe4Ni3(PO4)6,
mp-542660,Fe7(AsO4)6,
mvc-7846,Mg3Fe4(SbO4)6,
mvc-7872,Zn3Fe4(SbO4)6,
mvc-7907,Mg3Ta6(FeO6)4,
mvc-7928,Ca3Fe4(SbO4)6,
mvc-7987,Mg3Fe4(WO4)6,
mvc-7995,Ta6Zn3(FeO6)4,
mvc-7981,Ca3V6(FeO6)4,
mvc-8078,Mg3Fe4(MoO4)6,
mvc-7999,Zn3Cr6(FeO6)4,
mvc-8229,Zn3Fe4(WO4)6,
mvc-8255,Ca3Fe4(WO4)6,
mvc-8167,Mg3Fe4(BiO4)6,
mvc-8262,Ca3Ta6(FeO6)4,
mvc-8288,Ca3Fe4(MoO4)6,
mvc-8281,Zn3Fe4(BiO4)6,
mp-762898,K8Li9(FeO4)4,
mp-24638,Mg3P2(HO)16,
mp-24889,Fe4Co3(PO4)6,
mp-24893,Cr4Co3(PO4)6,
mp-618958,Ba8V7O22,
mvc-12745,Rb6Al4(Sb2O7)3,
mp-767848,Li3Cr4(PO4)6,
mp-705486,U3Cu2H10(CO10)2,
mp-767790,Li3V4(PO4)6,
mp-541761,Zn3As2(HO)16,
mp-542523,Fe7(PO4)6,
mp-769607,V7(PO4)6,
mp-662823,In10(Pb2S7)3,
mp-505154,Cr7(PO4)6,
mvc-8026,Ca3Cr6(FeO6)4,
mvc-8032,Zn3Fe4(MoO4)6,
mp-571068,K3(Mg10In7)2,
mvc-7826,Mg3Cr6(FeO6)4,
mp-654272,V6Fe4(CuO8)3,
mp-640570,V6Zn3(FeO6)4,
mp-645508,Ti4Cr3(PO4)6,
mp-562621,B10(Pb2O7)3,
mp-8331,Li12Mg3Si4,
mp-1777,Li15Ge4,
mp-675103,Sr6Bi2O11,
mp-764865,Li8FeCo9O20,
mp-978252,Ce2Zn17,
mp-698549,Ca4Mn4O11,
mp-767690,Ge2(WO3)9,
mp-675532,LaTi6O12,
mp-767711,Li2Mn2Si4O11,
mp-761867,Li2Cu(PO3)4,
mp-766178,Sr2Sn(HO)8,
mp-557407,K3NaUC3O11,
mp-743715,TiH10N3F5,
mp-776769,Li2Fe2(PO4)3,
mp-674374,In11(SbO8)3,
mp-504919,CrH9(CN2)3,
mp-673657,Ti7S12,
mp-780678,Li4Co2Ni3O10,
mp-6598,K2Cu(PO3)4,
mp-541288,Co3P2(H2O5)2,
mp-868706,MnS2(NO7)2,
mp-763777,Li4Mn5O10,
mvc-13241,Ba2Cr2CuF14,
mp-673151,Cu4(PO4)3,
mvc-13155,Mn3AlF15,
mvc-13141,Al4(FeO4)3,
mp-680692,Ce4(SiS4)3,
mp-680564,Ce2Mg17,
mvc-12893,Al4(NiO4)3,
mp-680469,La10Ga5Cl4,
mvc-12806,Mg3Bi2(PO6)2,
mp-684623,Zr10C9,
mvc-12243,Ba2Fe2CuF14,
mp-6416,Ba5Er8Zn4O21,
mp-771240,La2P4O13,
mp-6795,Ba5Ho8Zn4O21,
mvc-11996,Zn3Bi2(PO6)2,
mp-684013,Ba2In13Ir4,
mp-30880,Tb2Zn17,
mvc-11637,Fe3P3O13,
mp-774345,Li2Mn2(PO4)3,
mp-762924,Li4Ti2Ni3O10,
mp-762882,Li8FeNi9O20,
mp-861589,Li2Ni(PO3)4,
mvc-10979,CaCu2(GeO3)4,
mp-672351,Sm6Br13,
mp-762617,Li4Ni3(SnO5)2,
mp-762612,Li4Mn(Ni2O5)2,
mp-762546,Li4Ti2V3O10,
mp-774719,Ba4Nb3O12,
mp-762492,Li2Fe(PO3)4,
mp-560545,Na2Ca(AsO3)4,
mp-780203,Li9(FeO4)2,
mp-771361,LiMn3(PO4)3,
mp-640712,Rb8In11,
mp-685632,Ba7U7O24,
mp-762429,LiV2(CO3)4,
mp-6054,Ba5Tm8Zn4O21,
mp-565467,Nd(MoO2)6,
mp-762405,Li4Cr2Si3O10,
mp-770535,Mn2P4O13,
mp-705354,Mn4(PO4)3,
mp-25134,Na2CaV4O12,
mp-863899,Li2Ni(PO3)4,
mp-6194,K4UC3O11,
mvc-15137,Ba2ZnFe2F14,
mvc-14999,Al4(FeO4)3,
mvc-14958,Ba2CaCr2F14,
mvc-14924,Al4(FeO4)3,
mp-769256,Li4Cu4Cl10O,
mvc-14116,Al4(CoO4)3,
mvc-14109,Al4(CoO4)3,
mp-768832,Li2Cu2(SO4)3,
mp-606703,Ce4(GeS4)3,
mp-622093,K3Yb(SO4)3,
mp-764801,Li2Cu5F12,
mp-769052,Bi4(BO4)3,
mp-780184,Na2Cr4O13,
mp-762616,Li2Mn2(PO4)3,
mp-772425,Li3V(SO4)3,
mp-780125,LiCr2P3O13,
mp-705517,CsCoH18N6(ClO2)4,
mp-694979,Na2TiFe(PO4)3,
mp-6775,Na3Sr(BO2)5,
mp-705380,LiMo2P3O13,
mp-762470,Li3Fe5(PO4)6,
mp-704632,Ba2Sm2Fe4O11,
mp-771376,Li2MnV(PO4)3,
mp-771372,Li2MnV(PO4)3,
mp-767577,Li4V2Si3O10,
mp-752709,InBP2H5NO9,
mp-775276,Co3(SeO3)4,
mp-771342,Gd2P4O13,
mp-771338,La2P4O13,
mp-761911,Li2Cu(PO3)4,
mp-771306,Dy2P4O13,
mp-775264,Li4Ti2Co3O10,
mp-687227,MnSb2Pb5O11,
mp-761394,Li4Fe2Si3O10,
mp-779845,Li4Mn2Co3O10,
mp-746690,FeP3(H2O3)3,
mp-767297,MnH8C2S2(NO2)2,
mp-770179,Li2MnV(PO4)3,
mp-650031,La4(GeS4)3,
mp-770134,Li2MnV(PO4)3,
mp-770055,Li2MnV(PO4)3,
mp-761304,Li3Fe(BO2)5,
mp-684679,Sb6O13,119.1414335
mp-779522,Ho2P4O13,
mp-566482,V6O13,
mp-779396,LiV6O7F5,
mp-779400,Li3V4(OF3)3,
mp-684890,Tb4F15,
mp-763886,La7Mn8O23,
mp-779637,Ho2P4O13,
mp-680781,Rb3Tm(SO4)3,
mp-779088,Li2MnV(PO4)3,
mvc-15002,Al4(FeO4)3,
mp-773145,Li2Cr4O13,
mp-770588,Li2FeH4(SO5)2,
mp-763806,Li4(NiO2)5,
mp-31079,Ce3(Al3Ru)4,
mp-766991,Li4Si3(NiO5)2,
mp-675744,Yb4Zr3O12,
mp-735563,CsCoH18N6(ClO2)4,
mp-680640,Ca11N8,
mp-505393,Li(Mo4O5)2,
mp-705085,LiCrP4O13,
mp-766881,H7SIO10,
mp-760359,NaTi6O12,
mp-680502,La10Ga5Br4,
mp-976812,Pr2Zn17,
mp-763685,Li9(FeO4)2,
mp-763669,Li4Ti2Mn3O10,
mp-863365,Li2Sn(PO3)4,
mp-763667,Li4Mn3(SnO5)2,
mp-723064,Ti3(BiO3)4,
mp-733653,CaAl2Si2(H2O5)2,
mp-763650,LiP3W2O13,
mp-770383,Li2Cr2(SO4)3,
mp-722834,Na6P2H2O9,
mp-759560,LiTi6O12,
mp-763616,La4Mn4O11,
mp-759861,Yb2P4O13,
mp-763613,LiMn2(CO3)4,
mp-722535,K2UP2(H2O5)2,
mp-763601,LiV2(CO3)4,
mp-763599,LiFe2(CO3)4,
mp-770344,Li3V(BO2)5,
mp-770376,Mn2P4O13,
mp-770309,Li2Fe2(SO4)3,
mp-763571,Li2Mn5O12,
mp-1006613,Na2Al2(SiO4)3,
mp-1006616,Pr(NO5)3,
mp-721875,CaB2(HO)8,
mp-706229,Ba2La2Fe2Cu2O11,
mp-763548,LiP3W2O13,
mp-770262,Li2Mn2(SO4)3,
mp-763568,LiV2(CO3)4,
mp-778623,LiV6O7F5,
mp-721317,Na2CuH4(SO5)2,
mp-780283,Li4V3OF11,
mp-766341,NaSb5O13,
mp-770196,Li3Co(BO2)5,
mp-777909,Li2Cr2(PO4)3,
mp-770160,Li2Co2(SO4)3,
mp-766135,Sr6Bi2O11,
mp-676378,Sr6Ta2O11,
mp-770109,Li2Ni2(SO4)3,
mp-763396,Li4Co2Si3O10,
mp-14266,Cu15Si4,
mp-26261,Li2Cu(PO3)4,
mp-26281,Li3Sb5(PO4)6,
mp-28541,Bi2P4O13,
mp-570071,Dy2Zn17,
mp-26446,Sn4(PO4)3,
mp-29958,Hg7(PO5)2,
mp-34291,Zr3InF15,
mp-26835,Li3Bi5(PO4)6,
mp-26855,Li2Sn(PO3)4,
mp-26742,Cu4(PO4)3,
mp-17455,K7Ta(SO4)6,
mp-17465,Gd2Cu(SeO3)4,
mp-17499,K7Nb(SO4)6,
mp-23560,Ge3(BiO3)4,50.77193633
mp-17513,Ba4Tb2Cd3S10,
mp-17532,Y3(Si3Os)4,
mp-23427,Ti3(BiO3)4,
mp-28717,Cu6As4S9,
mp-21695,Ce(Ni2B)6,
mp-31233,Ca4P7Ir8,
mp-21810,Tm5(Ge5Rh2)2,
mp-21816,Ho5(Ge5Rh2)2,
mp-28821,La2Ni12P5,
mp-21895,Na15Pb4,
mp-31292,Rb2PdSe16,
mp-30276,Ce10Ga5Cl4,
mp-17874,Sm2Cu(SeO3)4,
mp-30321,Y2P4O13,
mp-18204,Ba5Yb8Zn4O21,
mp-14378,Li12Al3Si4,
mp-24110,CsH18RuN6(ClO2)4,
mp-24118,H10SO8,
mp-24132,KH18RuN6(ClO2)4,
mp-29119,Ho5(Ge5Ir2)2,
mp-30489,La2Cd17,
mp-18136,UTl4C3O11,
mp-505535,B8Ru11,
mp-29193,Nb2Se4O13,
mp-18296,Ba5Dy8Zn4O21,
mp-18267,La2Cu(SeO3)4,
mp-22437,Re6P13,
mp-27808,Te6Cl2O11,
mp-18680,Tm8S11,
mp-30608,Er2Ni17,
mp-23331,Si3(BiO3)4,
mp-30640,Tm2Fe17,
mp-31560,Li2Co(PO3)4,
mp-31612,Li2Co(PO3)4,
mp-542503,La9(SbO)5,
mp-561222,K2HgBr2(NO6)2,
mp-561233,Sm9(SbO)5,
mp-5354,Er3(Si3Ru)4,
mp-556920,Tb9(SbO)5,
mp-559249,Na2Te4MoO12,
mp-554975,Ba4Gd2Cd3S10,
mp-554977,B2H10C2NClO3,
mp-540045,Li2Mn(PO3)4,
mp-540071,Mn4(PO4)3,
mp-542781,Rb8Tl11,
mp-567395,Li15Au4,28.41781342
mp-567327,Pu2Ni17,
mp-542834,Ba14Na17CaN6,
mp-30752,La2Mg17,
mp-540260,Li2Cr(PO3)4,
mp-766023,Li2Cu2Si4O11,
mp-715617,V6O13,
mp-758235,Na2TeH5SO10,
mp-767459,LiV3Fe2CuO12,
mp-761493,KMn6O12,
mp-1021950,BaNb2(FeO3)4,
mp-622198,Ti3(BiO3)4,
mp-773101,K3Li2Ta6(PO8)3,
mp-773089,K3Li2Nb6(PO8)3,
mp-762651,Li2Fe(PO3)4,
mp-762855,Li8Fe3Ni7O20,
mp-850140,NaLi3Ti2Fe2(PO4)6,
mp-767384,Ba2LiTi11O24,
mp-758107,Yb2P4O13,
mp-752443,Te(S2O7)2,
mp-777190,NaLi3Ti2Cr2(PO4)6,
mp-761417,Li2Mn2Si4O11,
mp-686028,Sr6Nb2O11,
mp-765472,KTi6O12,
mp-772787,Gd2P4O13,
mp-761393,LiP4WO13,
mp-767323,V6F13,
mp-779822,Li3V4(OF3)3,
mp-24202,Th4H15,
mp-714921,V6O13,
mp-773197,Li2Cr4O13,
mp-743605,ZrCrCu2(PO4)3,
mp-779382,Li3V4(OF3)3,
mp-779318,LiCr2P3O13,
mp-675128,Sc4Ti3O12,
mp-777356,Li2Bi2(SO4)3,
mp-769868,Li3BiH8O7,
mp-621960,Sb4Pb4S11,
mp-773016,Lu2P4O13,
mp-767070,LiLa5Ti8O24,
mp-773003,Er2P4O13,
mp-779205,Li3V4(OF3)3,
mp-566224,SrV4(AgO6)2,
mp-769129,Li3SbN3(O3F)3,
mp-779062,Li3V4(OF3)3,
mp-772232,Tm2P4O13,
mp-1020592,Sr4Li2Si4N8O,
mp-762758,Li4Ti2Fe3O10,
mp-772744,Tm2P4O13,
mp-762757,Li4V2Fe3O10,
mp-25168,CaV4(AgO6)2,
mp-849754,Li2Cu(PO3)4,
mp-763648,LiV2(CO3)4,
mp-567722,Ca7NbSi2N9,
mp-561377,K4Mn3F12,
mp-555108,PH9C(NO)4,
mp-555122,Rb2Pd(NO3)4,
mp-568011,K3P5RuSe10,
mp-557171,Na2Cu(PO3)4,
mp-557200,K4Nb11Al2O20F,
mp-699317,Na2H6C4O7,
mp-561879,Ba5Yb8Ni4O21,
mp-569570,K8Tl11,
mp-572604,Eu2Re6S11,
mp-573096,Cs4UC3O11,
mp-561512,K4Cu4Cl10O,
mp-557492,LiLa5Ti8O24,
mp-31780,Fe4(PO4)3,
mp-757206,BaTi6O12,
mp-31817,Li2Fe(PO3)4,
mp-554570,H10C3NClO4,
mp-554598,B2H10C2NClO3,
mp-557830,Na2Bi5AuO11,
mp-554603,K5NaCe2(SO4)6,
mp-554650,LaH6(ClO3)3,
mp-579278,NaV3(FeO4)3,
mp-561805,K2Mo4O13,
mp-580102,Gd2Ni17,
mp-569849,Li15Si4,29.95293649
mp-580324,Ce4In8Ni7,
mp-540798,S3(NO7)2,
mp-558086,K2Cr4O13,
mp-559733,GdH7C2SO8,
mp-558135,Ti4S8Cl6O,
mp-581206,Ba5Eu8Zn4O21,
mp-761735,Li2Fe2Si4O11,
mp-558277,Ti3(BiO3)4,
mp-562125,Na2Te4WO12,
mp-31964,Li2Mn(PO3)4,
mp-569945,Tb2Ni17,
mp-31979,Li2Mn(PO3)4,
mp-554896,SbXe2OF15,
mp-568820,Pu2Co17,
mp-540951,Na2Sr(PO3)4,
mp-558688,Ba2Sc2B4O11,
mp-42805,KCu2H20N3(Cl2O)4,
mp-558829,Cs3Yb(SO4)3,
mp-562720,Na3V(SO4)3,
mp-559916,Na17Al5O16,
mp-582929,K8In11,
mp-763617,V4(AgO4)3,
mp-849671,Li5Co2(SiO5)2,
mp-766744,Li2Fe2Si4O11,
mp-853221,Li2Cr2(PO4)3,
mp-773614,Mn3(SeO3)4,
mp-770295,Rb17Fe5O16,
mp-769600,LiV2S2(O4F3)2,
mp-677391,Tm4Zr3O12,
mp-763543,LiP3W2O13,
mp-699257,CaAl2Si2(H2O5)2,
mp-569518,U2Zn17,
mp-772273,Li2MnH4(SO5)2,
mp-770223,Li2MnV(PO4)3,
mp-763502,K4Li5(FeO4)2,
mp-761813,Mn6PbO12,
mp-761808,Na3(WO3)4,
mp-769061,Bi4(BO4)3,
mp-676923,Cd2Bi6O11,
mp-676881,Ho4Zr3O12,
mp-770169,Li2MnV(PO4)3,
mp-776520,NaLiTiAl(PO4)3,
mp-772215,LiNb8O10,
mp-676653,Lu4Hf3O12,
mp-770135,Li2MnV(PO4)3,
mp-768875,Li6B4O9,
mp-773358,Li2Fe2(PO4)3,
mp-766090,Hf3Sc4O12,
mp-676320,In4(SnO4)3,
mp-768774,LiBi4B3O11,
mp-776371,Li2Nb2(PO4)3,
mp-676191,Sc11Nb3O24,
mp-624571,Cs2Ni(NO3)4,
mp-675802,Y4Zr3O12,
mp-675716,Mg2Zr5O12,
mp-765897,Li3Mn5O2F9,
mp-850453,Li3V4(OF3)3,
mp-675541,K2Sn5Cl12,
mp-761598,Li4Mn2Si3O10,
mp-675469,Zr3Sc4O12,
mp-761553,Li2Ni(PO3)4,
mp-675065,Er4Zr3O12,
mp-674363,Zr3Sc4O12,
mp-765738,K4Li5Mn2O8,
mp-568842,U3(Al3Ru)4,
mp-673696,Lu4Zr3O12,
mp-707334,K7P6H2NO22,
mp-673669,In4(SnO4)3,
mp-777193,NaLiMn2Fe4(PO4)6,
mp-585388,Mn4(PO4)3,
mp-32112,LiMo2P3O13,
mp-1724,Er2Fe17,
mp-541102,Sc6C2I11,
mp-32315,Li2Ni(PO3)4,
mp-560086,Nd4(GeS4)3,
mp-541204,As2S3(NF6)2,
mp-560120,Na2Pd(NO3)4,
mp-565480,Rb2V2Cu(PO6)2,
mp-32468,LiVP4O13,
mp-541335,As2Se2S(NF6)2,
mp-555896,Pr9(SbO)5,
mp-541401,As2Se3(NF6)2,
mp-565622,K2Ni(NO3)4,
mp-565637,NaFe3(PO4)3,
mp-505610,CeP3H8O7,
mp-541522,Na2Ca(PO3)4,
mp-560293,LiLa5Ti8O24,
mp-541751,Ni4(Bi4I)3,
mp-565704,CsMo2P3O13,
mp-555974,Rb2U(SiO3)4,
mp-560339,Ca2Zr(SiO3)4,
mp-570596,Nd2Ni17,
mp-505720,Ho4NiB14,
mp-541901,KH18OsN6(ClO2)4,
mp-556015,Dy9(SbO)5,
mp-556025,MgH8C2S2(NO2)2,
mp-542113,KMo5O13,
mp-542170,Lu5(Si5Ir2)2,
mp-542269,Pr4(GeS4)3,
mp-561129,Pr(MoO2)6,
mp-566874,KMo2P3O13,
mp-566902,Te3W2Se4(Cl4O)2,
mp-566386,NaMo2P3O13,
mp-566993,NaV3(PO4)3,
mp-566533,ZnFe2(SeO3)4,
mp-566668,Rb2Cr2Cd(H2O5)2,
mp-566728,Nd2Te2W2O13,
mp-570791,SiC,213.5581257
mp-566770,Li2V2(SO4)3,
mp-510728,MnCoH18(CN2)6,
mp-556635,CuBi2(SeO3)4,
mp-556303,CuBi2(SeO3)4,
mp-566106,RbV2I3O13,
mp-547521,K2Co(PO3)4,
mp-19075,K2SrV4O12,
mp-556413,Na4Cd2Si3O10,
mp-744019,CrH9(CN2)3,
mp-11527,Tm2Ni17,
mp-757527,LiTi6O12,
mp-627344,V3(H3O5)2,
mp-697408,H10C2N2O5,
mp-771291,Li3Mn(BO2)5,
mp-627291,V3(H3O5)2,
mp-614628,Na3Ca(BO2)5,
mp-762579,Li2V2(PO4)3,
mp-771147,Dy2P4O13,
mp-768320,LiLa5Ti8O24,
mp-704387,NaFe7(PO4)6,
mp-744924,Na2TiCr(PO4)3,
mp-867568,CsTi6O12,
mp-698056,Na2CdH4(SO5)2,
mp-776523,NaLi3Ti2Al2(PO4)6,
mp-697914,ZrP2(H3O5)2,
mp-697913,HfP2(H3O5)2,
mp-697888,Na2CdH4(SeO5)2,
mp-761645,Li2Cr2Si4O11,
mp-635020,Cs6Bi4O9,
mp-757612,Ag7(PbO3)3,
mp-771226,Li9(CoO4)2,
mp-626392,H6N4O9,
mp-662565,K3Yb(SO4)3,
mp-626354,H6N4O9,
mp-695694,KH18OsN6(ClO2)4,
mp-778246,Li2Mn2(PO4)3,
mp-697657,CaP4(HO6)2,
mp-757514,Li4Cu2Si3O10,
mp-620190,V2P4S13,
mp-627606,V3(H3O5)2,
mp-757115,KSb5O13,
mp-768284,Li3Sn(BO2)5,
mp-757394,LaTi6O12,
mp-697945,K2CdH4(SeO5)2,
mp-696420,ZnH8C2(SN3)2,
mp-777955,Li2Cr(PO3)4,
mp-762937,LiCo2(CO3)4,
mp-771081,Li3Ni(BO2)5,
mp-697808,LiFe2P3O13,
mp-697701,LaP3H8O7,
mp-1003771,MgMn6O12,
mp-772240,Li2MnH4(SO5)2,
mp-19228,K2MnV4O12,
mp-560657,RbLa9(IrO6)4,
mp-25511,CsCrH18N6(ClO2)4,
mp-25512,CsCrH18Br2N6(ClO4)2,
mp-25513,KCrH18N6(ClO2)4,
mp-25514,KCrH18N6(ClO2)4,
mp-19411,Cs2SrV4O12,
mp-19460,Ba5Nd8Mn4O21,
mp-19485,Ba5Gd8Mn4O21,
mp-25700,Ca2MnAs2(H2O5)2,
mp-566125,BaFe2(SeO3)4,
mp-566127,SrFe3(PO4)3,
mp-542836,Rb2SrV4O12,
mvc-6522,AlMo3F15,
mvc-6562,Y(WF5)3,
mvc-6704,YMo3F15,
mvc-6663,YCo3F15,
mvc-6742,AlNi3F15,
mvc-6634,YMn3F15,
mvc-6574,YFe3F15,
mvc-6768,AlCo3F15,
mvc-6674,AlFe3F15,
mvc-6812,YCr3F15,
mvc-1612,Ba2Ti2CuF14,
mvc-2207,Ba2Mn2CuF14,
mvc-2225,Ba2CuMo2F14,
mvc-6163,AlSn3F15,
mvc-6141,Ti3AlF15,
mvc-6192,AlSb3F15,
mvc-6206,YTi3F15,
mvc-6195,AlBi3F15,
mvc-6273,YBi3F15,
mvc-6215,YSb3F15,
mvc-6209,YSn3F15,
mvc-6462,Al(WF5)3,
mvc-10292,Ti3P3O13,
mvc-10351,Sb3P3O13,
mvc-10331,Sn3P3O13,
mvc-10355,Bi3P3O13,
mvc-10602,Cr3P3O13,
mvc-10619,V3P3O13,
mvc-10615,Mo3P3O13,
mvc-10609,Mn3P3O13,
mvc-10645,Ni3P3O13,
mp-697624,Zr6Al2NiH10,
mp-643659,Ho5(Ge5Ir2)2,
mp-868127,Ba2Tb2Mn4O11,
mp-744404,K2FeH4(SO5)2,
mp-625365,H6N4O9,
mp-625347,H6N4O9,
mp-767645,LaW9O28,
mp-757280,Ba2As6O11,
mp-743891,K2MnH4(SO5)2,
mp-777940,Li4V3OF11,
mp-1019791,K2Zn(PO3)4,
mp-774105,Ca5Ge3O11,
mp-743846,K2FeH4(SO5)2,
mp-690536,Sr4Fe4O11,123.0927025
mp-773052,Li2Zr2(PO4)3,
mp-10124,Tb(Ni2B)6,
mp-1023,Ho2Co17,
mp-2531,Er2Co17,
mp-10410,Ba4Sm2Cd3S10,
mp-10409,Ba4Nd2Cd3Se10,
mp-16538,Ba5Gd8Zn4O21,
mp-14325,La(Ni2B)6,
mp-14406,Ba2Re6S11,
mp-2216,Ce2Co17,
mp-1116,Sr2Mg17,
mp-29251,Te6Br2O11,
mp-30794,Na15Sn4,
mp-30810,Th2Ni17,
mp-19457,V6O13,
mp-19471,Ba5Sm8Mn4O21,
mp-24670,Zr6Al2CoH10,
mp-24664,ZnH8C2N4(ClO)2,
mp-24672,Zr6Ni(SnH5)2,
mp-24674,Be3P2(H2O5)2,
mp-24680,RbH18RuN6(ClO2)4,
mp-24831,DyH4I3O11,
mp-30857,Zn12Pt7,
mp-30969,Ho12Co7,
mp-25731,Ba2Ho2Co4O11,
mp-30970,Er12Co7,
mp-25767,CeMn2(GeO3)4,
mp-25788,V5(PbO6)2,
mp-505774,V16O3,
mp-1080246,Mn6HO12,
mp-622127,Ba5Yb8Ni4O21,
mp-765620,Li5V2OF11,
mp-24570,Be3As2(H2O5)2,
mp-25042,Ba5Ho8Mn4O21,
mp-560326,Ba5B3CNO9,
mvc-16552,Zn(Mo4O5)2,
mp-1094081,Rb2Ce2Fe4O11,
mp-689918,Li2Mn(PO3)4,
mp-704182,Li2Co(PO3)4,
mp-870306,V6O13,
mp-566806,V16O3,
mp-652626,K4Mn3F12,
mp-628306,Pr(MoO2)6,
mp-24376,CrCoH18(CN2)6,
mp-703342,Ti2P2H4O11,
mp-764985,Li8Fe3Co7O20,
mp-722729,Yb6Cl13,
mp-555137,K3SbN3(O3F)3,
mp-561336,Li2Mg2Si4O11,
mp-18975,Na2SrV4O12,
mp-672264,WN18,
mp-566771,K17Fe5O16,
mp-560498,H10C3NClO4,
mp-761443,Li2V2Si4O11,
mp-30967,Tb12Co7,
mp-504815,Re5(NiAs6)2,
mp-505732,FeCoH18(CN2)6,
mp-24037,CoH9(CN2)3,
mp-555985,YbH7C3O8,
mp-573622,Dy12Co7,
mp-569477,La10Al5Br4,
mp-31944,Mn4(PO4)3,
mp-556357,Ni18Bi3AsS16,
mp-31658,Cr4(PO4)3,
mp-540395,Sn4(PO4)3,
mp-570718,Y2Co17,
mvc-1739,Ba2CuSn2F14,
mp-32010,Mn4(PO4)3,
mp-540302,Ni4(PO4)3,
mp-32088,LiMoP4O13,
mp-604411,Ba2Ho2Co4O11,
mp-31234,Ca4As7Ir8,
mp-569638,Dy2Co17,
mp-542493,Sc5(Co2Si5)2,
mp-24145,CuP2H8CN2O5,
mp-540460,Cr4(PO4)3,
mp-571439,Ce10Ga5Br4,
mp-505576,Zr6Al7Cu16H9,
mp-505394,Zn(Mo4O5)2,
mp-553949,Ag2Hg2(TeO4)3,
mp-650676,K2Co(PO3)4,
mp-697752,Li2Fe(PO3)4,
mp-697751,Li2Mn(PO3)4,
mvc-12891,Fe3P3O13,
mp-774538,Cr4(PO4)3,
mp-698640,La7Mn8O24,
mp-699531,Pr7Mn8O24,
mp-686041,Li7Nb8O24,
mp-6101,Ba3Nb6(Si2O13)2,
mp-697962,Eu6Mg7H26,
mp-675452,Ti20H2N17,
mp-767194,Li4Ti11O24,
mp-777965,Na4Ti11O24,
mp-767674,KLiSb3O8,
mp-691148,Cr14MoO24,
mp-766729,La8Mn7O24,
mp-766253,La2Th11O26,
mp-780569,Ba8Nb7O24,
mvc-13172,Ba4CaV4Cu2F28,
mvc-13165,Ba4CaFe4Cu2F28,
mp-606379,Sr8Co8O23,
mp-771576,LiMn2(PO4)2,
mp-743681,Sr5La2Mn8(O3F)6,
mp-683940,Ho(FeSn)6,
mp-780186,Li9Mn10O20,
mp-762450,Li6(NiO2)11,
mp-867996,Rb2U5(PO7)4,
mp-676937,Ta8Pb6O25,
mp-769078,Na2Li3Ti3Al(PO4)6,
mp-685124,Ni19Se20,
mp-676573,Nb2Pb3O8,
mp-643614,Nd(MnSn)6,
mp-684698,Sn2As2H22C7(ClO2)2,
mvc-15020,Ba4CaCr4Cu2F28,
mp-684674,Cr5S8,
mp-680170,Cs2Ti2S9,
mvc-11916,Ca2La5Mn7NiO24,
mp-607437,Na2In5Au6,
mp-762762,LiFe2(SiO4)2,
mp-764369,Ba8Mn8O23,
mp-694917,Na4CaFe4(PO4)6,
mp-764268,Na7(WO3)8,
mp-771366,LiMn2(PO4)2,
mp-684697,Sc20O19,
mp-686042,Zn4B2O7,
mp-686583,Na5Zr4Si3(PO8)3,
mp-685195,SrLaTl(AsO4)2,
mp-867613,LiTi4O8,
mp-705522,Sr28In11,
mp-763823,Cr(Bi7O12)2,
mp-640790,Ba8Nb6CoO24,
mp-759924,Bi14SO24,
mp-759812,Li4Ti11O24,
mp-763664,LiTiMn3O8,
mp-863909,Co3(AsO4)2,
mp-766103,Li7Zr3Nb(TeO6)4,
mp-691119,Bi14MoO24,
mp-758196,Mg3(AsO4)2,
mp-31026,Ba6Zn7F26,
mp-30178,Mg2Al5Cu6,
mp-21906,U20Si16C3,
mp-24267,ZnP4H16(NO8)2,
mp-19004,Sr8Fe8O23,123.6084558
mp-29354,Ba3(TaS4)2,
mp-18549,Ba6Mg7F26,
mp-769454,Li9(NiO2)10,
mp-773073,Ba8Ta7O24,
mp-652399,Li(FeGe)6,
mp-676934,KCaNd(PO4)2,
mp-684810,BaSm5Al3Si9N20O,
mp-761143,KLiSb(PO4)2,
mp-707838,Ca3Be2P4(HO2)10,
mp-773046,Mg4Sc3(SiO3)8,
mp-760217,NaTi4O8,
mp-774013,Li3V6Fe4(CuO12)2,
mp-30784,Mg2Zn11,67.27562128
mp-571667,CdI2,
mp-557662,Ca2Mg5Si8(O11F)2,
mp-554606,Cu7As6(PbO12)2,
mp-568793,Ca28Ga11,
mp-561525,K2Ga2B2O7,
mp-762563,NiP4H16(NO8)2,
mp-766548,Li4Ti11O24,
mp-676516,Pr2Pb17Se20,
mp-768821,Li2Bi2B2O7,
mp-850744,Fe3(SiO4)2,
mp-699151,Sr6Mg7H26,
mp-645513,HfTl8(MoO4)6,
mp-675309,Mg3(AsO4)2,
mp-675169,Bi14SO24,
mp-697671,Ba6Mg7H26,
mp-560007,Ba2Cu7(AsO4)6,
mp-541124,Y6Ni20P13,
mp-555837,Rb6Si10O23,
mp-570448,CdI2,
mp-32630,Ti19Se20,
mp-570492,CdI2,
mp-570552,CdI2,
mp-555971,ZnAs2C12(NF)12,
mp-570610,CdI2,
mp-561189,Rb6Si10O23,
mp-565900,Sr6V9(S11O)2,
mp-566104,K8UCr4(NO12)2,
mp-705713,Bi14WO24,
mp-25802,Li2Bi(PO4)2,
mp-771227,Li19(CoO4)4,
mp-698567,Cr(Bi7O12)2,
mp-767906,LiMn2(PO4)2,
mp-771184,Cr10Fe5O24,
mp-768323,LiFe2(PO4)2,
mp-25495,CoP4H16(NO8)2,
mp-561011,Li2Ta2(OF2)3,
mp-561045,Ba8Ce3(SbO6)4,
mp-560217,K2Al2B2O7,
mp-542425,MnP4H16(NO8)2,
mp-6169,Ba3Ta6(Si2O13)2,
mp-690538,Co3(AsO4)2,
mp-14298,Zr6Ni20P13,
mp-15950,Li(SiNi)6,
mp-15949,Li(NiGe)6,
mp-30910,Mg2Ga5Cu6,
mp-28472,Er10Ru10C19,
mp-1080640,CeSe2,
mp-27376,Rb6Si10O23,
mp-17103,Sr3Ta6(Si2O13)2,
mp-743593,CoP2H18(NF2)6,
mp-542495,TaSe2,
mp-759920,Ti5O8,
mp-32424,Li2V(PO4)2,
mp-18293,SiP2O7,
mp-765069,TiV15O24,
mp-844,Ca3N2,67.88798588
mp-765098,MnFeO3,
mp-775906,Y2O3,139.1100155
mp-760361,H3NCl,
mp-672373,La3Co4Sn13,
mp-812,Ho2O3,145.0216795
mp-765012,V3O2F5,
mp-690058,FeP2O7,
mp-510534,CaCr2Cu3(SbO6)2,
mp-775971,Li5Sn5(PO4)6,
mp-775837,Sc2O3,
mp-733675,K6Na15Tl18H,
mvc-16223,YCr3O6,
mp-689964,CoP2O7,
mp-765038,LiMnOF2,
mp-775931,Li2FeS2,
mp-775788,Hf2N2O,
mp-775787,Hf2N2O,
mp-1029960,CsRuN2,
mp-768396,TmSeO3,
mp-768350,Ba2YF7,
mp-775964,Li5Fe3Sb2(PO4)6,
mp-703283,Sr2La2Mg(RuO4)3,
mp-768293,LuSeO3,
mp-1099600,Sr2Ca6Co7CuO24,
mp-689834,NiP2O7,
mvc-11252,Ca2CoN2,
mp-683897,Pr3Sn13Rh4,
mp-680654,Sr3Rh4Pb13,
mp-679,Er2O3,147.3316272
mp-768079,Li7(NiO2)11,
mp-640321,CsNa2Ge17,
mp-697820,BaLaMnInO6,
mp-997586,La7YAl8O24,
mp-775932,Ba2YI7,
mp-768385,Ba2YBr7,
mp-686742,Ag2H21N7(ClO4)2,
mp-775866,Zr2N2O,
mp-850911,Li5Ti3V2(PO4)6,
mp-648053,NaPO3,
mp-675504,Li19(Mn3As4)3,
mp-966802,Cs2Li3(BO2)5,
mp-775861,Zr2N2O,
mp-778458,Li3Cu2(SO4)3,
mp-758837,LiCu(PO3)2,
mp-775849,Zr2N2O,
mp-775844,Zr2N2O,
mp-686705,CaNb2Ga2(CuO4)3,
mp-673656,Y2Se3,
mp-775843,Zr2N2O,
mp-767677,Na4(WO3)9,
mp-1099703,Sr3CaTi3MnO12,
mp-775829,Ti2N2O,
mp-767918,Li4FeNi5(PO4)6,
mp-775824,Zr2N2O,
mp-695277,BaLaTiCuO6,
mp-775823,Zr2N2O,
mp-775822,Zr2N2O,
mp-775821,Ti2N2O,
mp-775820,Ti2N2O,
mp-698941,Nd5Fe5As5O4F,
mp-1099938,K3Na5VMo7O24,
mp-697788,MnP2O7,
mp-698712,Sr5La3Mn8(O5F)4,
mp-775803,Ti2N2O,
mp-744025,Sr8Mg3Fe(MoO6)4,
mp-775802,Zr2N2O,
mp-775799,Hf2N2O,
mp-698710,Sr4La4Mn7CuO24,
mp-782645,Li2MnPHO5,
mp-776802,LiFeF3,
mp-775785,Hf2N2O,
mp-775786,Hf2N2O,
mp-775784,Hf2N2O,
mp-775783,Hf2N2O,
mp-675519,Tl3In7Se10,
mp-767446,CoP2O7,
mp-850496,Li6Mn3Nb(PO4)6,
mp-776766,LiFeF3,
mp-691117,SrLaTiMnO6,
mp-698609,Sr7PrFe4(MoO6)4,
mp-775752,Li6VSn3(PO4)6,
mp-669501,Si3Ru2,
mp-696650,KH2Au(Cl2O)2,
mp-766779,Ti15VO24,
mp-669402,Lu2Si5Ru3,
mp-761862,LiB2SbO6,
mp-766434,SnP2O7,
mp-766243,YZrO3,
mp-695512,Na3LaTi2Nb2O12,
mp-685257,CdPbO3,
mp-697834,Ca4La4Mn7NiO24,
mp-767655,Li6MnNi3(PO4)6,
mp-675119,Os(OF)2,
mp-764095,Na2VPO6,
mp-1099827,Sr3Ca5FeCo7O24,
mp-764856,Li6MnV3(PO4)6,
mp-694970,SrLa7Cu4(SnO6)4,
mp-744386,Al9Fe2Si4HO24,
mp-685041,Ho2Se3,
mp-765662,Na9Ni11O20,
mp-777192,Fe2O3,
mp-775677,Li4Fe5P6WO24,
mp-8416,BaCaGaF7,
mp-775672,Li6Co3Sb(PO4)6,
mp-761193,LiCu4(PO4)3,
mp-761041,TiP2O7,
mp-776811,Li3MnF6,
mp-771717,Mn2O3,
mp-684922,Np2Se3,
mp-694881,NaNd3Ti3MnO12,
mp-684844,Pu2Te3,
mp-684787,U2Te3,
mp-684732,Co2S3,
mvc-13330,V3O7,
mvc-16224,AlV3O6,
mp-759653,LiBi2PO6,
mp-684712,Gd2S3,
mp-743198,Mn2FeAg2(PO4)3,
mp-691121,Sr3La5Mn8O24,
mp-759227,Li3Sb2(PO4)3,
mp-759187,Li3Ti2(PO4)3,
mp-691045,Na5Ce3Ti6Nb2O24,
mp-764307,LiMn3OF5,
mp-764438,Li4CrNi5(PO4)6,
mp-684638,Al2S3,
mp-669419,Cs3Cu2(BiS2)5,
mp-752620,Ba2YBr7,
mp-669330,KCe2CuSe6,
mp-775323,Li4Mn3CuNi2(PO4)6,
mp-565332,LiMg4V3O12,
mp-722832,PH3NF5,
mp-778320,Li4Mn5V(PO4)6,
mp-772192,CuPO3,
mp-778249,Li4TiNi3Sn2(PO4)6,
mp-1099923,La7SmMn8O24,
mp-1099860,K5Na3Ta6Nb2O24,
mp-1099821,K2Na2Mo(WO4)3,
mp-775171,Li4Mn2CrNi3(PO4)6,
mp-771833,Sr2LaCl7,
mp-780637,Li3MnSiO5,
mp-763871,Li3Fe5O12,
mp-777855,Li4NbFe3Cu2(PO4)6,
mp-771698,LaAlO3,
mp-986716,Sr3N2,50.65582937
mvc-13349,Al5(CoO4)3,
mvc-13345,Al5(NiO4)3,
mp-780580,LiMnPH2O5,
mvc-13204,CrP2O7,
mp-673156,Li2NbP4O13,
mp-651900,CeSiP3,
mp-766117,Sn2N2O,
mp-766107,NaV6O13,
mp-777701,Li5Mn3Cu2(PO4)6,
mp-1099936,BaSr7Fe6(CoO12)2,
mvc-12923,Ba2CaCr2CuF14,
mp-673145,LiCu4(PO4)3,
mvc-12890,Mn3Al2F15,
mp-643523,Pr6Fe13Ge,
mp-720299,ZrCuH8(O2F3)2,
mp-684591,Al2O3,139
mp-677803,In11Cu9Se20,
mp-761533,Li6Cr3Ni(PO4)6,
mp-6425,Li3In2(PO4)3,
mp-642209,MgSiO3,
mp-777439,Li4Mn5Fe(PO4)6,
mp-715572,Fe2O3,178.3257918
mp-1099696,SrCa7Mn7FeO24,
mp-744410,Ca5Gd3Ti5Mn3O24,
mvc-12100,CoP2O7,
mp-998759,TlCdF3,
mp-998758,TlHgF3,
mp-763085,LiMn2F7,
mvc-11983,Al5(FeO4)3,
mp-694963,Sr7SmFe4(MoO6)4,
mp-776934,Li5Fe3Cu2(PO4)6,
mvc-11911,Al5(NiO4)3,
mp-771052,Li10Fe3Ni7O20,
mp-765461,Li4Mn5Co(PO4)6,
mp-694947,Sr5La3Mn8(O2F)8,
mvc-11845,Al5(CuO4)3,
mp-683998,CuBi(PSe3)2,
mp-5156,ThP2O7,
mp-774312,Li4CoNi5(PO4)6,
mp-694928,Ca3La5Mn7FeO24,
mp-760226,Nb3O2F5,
mp-771573,Li2V2Sn(PO4)3,
mvc-11306,Al13(CuS8)3,
mp-3154,Sm3Sb5O12,
mp-770488,CoPbO3,
mp-760190,Cu2OF2,
mp-2948,Si2N2O,
mp-1099808,La7SmCrFe7O24,
mp-3782,Nd3Sb5O12,
mp-743861,Ca6La2Mn7CrO24,
mp-762739,Li3Fe5O12,
mp-853140,Li4Mn5Sn(PO4)6,
mp-645695,La3LuSe6,
mp-645694,Ce3LuSe6,
mp-743745,Ca3La5Mn7CrO24,
mp-645305,LiFe(GeO3)2,
mp-776777,Li4CrCo2Ni3(PO4)6,
mp-762514,LiMn3O6,
mp-773716,Li5Mn5(PO4)6,
mp-762307,Y7HoO12,
mp-6765,Li3AlGeO5,
mp-6340,LiAl(SiO3)2,
mp-555273,Ca3Ge(ClO2)2,
mp-643056,MnBiO3,
mp-705906,SrLa3Mn4O12,
mp-769566,Li5Fe2Co3O10,
mp-771486,Li5FeO4,
mp-769553,Li5Co2Ni3O10,
mp-781803,Li3Ti2(PO4)3,
mvc-16064,Ti3AlO6,
mp-738741,Sr2La6Mn7CuO24,
mp-863885,LiFe(SiO3)2,
mp-628327,Fe2O3,163.4709256
mp-676215,Li9Ta11N20,
mp-867984,Pb3NO6,
mp-6226,NaSn4(PO4)3,
mp-762424,LiNi(CO3)2,
mp-557351,Bi(BO2)3,
mp-1099724,La5Sm3VCr7O24,
mp-655834,MnSbSe2Br,
mp-639278,BaZn(SeO3)2,
mp-608320,NbNi2BO6,
mp-1099855,Sr3CaTiMn3O12,
mp-772141,Ba2LaI7,
mp-772102,Li3MnV(PO4)3,
mp-769033,Bi3BO6,
mp-772022,Sr2LaI7,
mp-771963,Ba2LaCl7,
mp-676685,LiNi9S10,
mp-5711,Pr7Al7Co6,
mp-5915,TlNO3,21
mvc-4560,Si2MoO7,
mvc-4514,Si2WO7,
mp-706287,KCuPH2O5,
mp-776778,LiFeF3,
mp-771888,Sr2LaCl7,
mp-771879,Sr2LaCl7,
mp-771831,Sr2LaCl7,
mp-771829,Sr2YI7,
mvc-4099,Si2TeO7,
mp-769555,Li10Co3Ni7O20,
mp-762283,LiCo(CO3)2,
mp-769545,Li10FeNi9O20,
mp-1029566,CsOsN2,111.2453145
mp-868758,Li4Mn5Ni(PO4)6,
mp-676262,TaTlO3,
mp-763666,Li6Ti3V(PO4)6,
mp-763649,Li6NbCr3(PO4)6,
mp-762238,LiFe(CO3)2,
mp-763647,Li2FeP4O13,
mp-705547,Fe2O3,
mvc-15158,Ba2CaFe2CuF14,
mvc-14994,Al5(CoO4)3,
mp-763479,Li4Mn3CrCo2(PO4)6,
mp-684709,K3B17,96.16482663
mvc-14842,BaCa3(CuN2)2,
mp-771653,Li6V3Ni(PO4)6,
mvc-14516,Y(CuS2)3,
mvc-14250,Al5(FeO4)3,
mp-868578,GaFeO3,
mp-763334,Li4Mn5Cr(PO4)6,
mvc-14111,Al5(FeO4)3,
mvc-14071,Al5(CuO4)3,
mp-853253,LiMn4(PO4)3,
mp-585206,CoP2O7,
mp-697793,Li3Mn2(PO4)3,
mp-773586,CrP2O7,
mp-622251,Ba2CaFe2CuF14,
mp-5563,Ag5GeO4,
mp-763220,Li5Mn3Co2(PO4)6,
mp-614467,BaCaCrF7,
mp-27384,AgIO3,
mp-617247,Cu2BiPO6,
mp-605809,Ba11In6O3,
mp-604430,LiAlSiH2O5,
mp-673763,Li3YbCl6,
mp-604420,LiAlSiH2O5,
mp-680045,K2CeAg3Te4,
mp-627023,Ba(HO)2,
mp-626725,Ba(HO)2,
mp-626448,H4SO5,
mp-626172,H4SO5,
mp-998434,RbTlF3,
mp-769507,Li10CoNi9O20,
mp-600237,Ag(CO)2,
mp-32334,NiP2O7,
mp-622083,BaMnFeF7,
mp-780487,LiMnPH2O5,
mp-1012791,NaV3P3O13,
mp-1012865,LiTi3P3O13,
mp-1012789,LiCr3P3O13,
mp-1012678,NaMo3P3O13,
mp-1040459,NaFe3P3O13,
mp-1006619,Sn3PO6,
mp-775624,Na5Li3V8O24,
mp-775574,Na2MnO2,
mp-780477,Li3MnV(PO4)3,
mp-775523,Li3Fe2(PO4)3,
mp-769404,YSeO3,
mp-769393,DySeO3,
mp-683904,Yb2Te5O13,
mp-683890,CsRe3(S2Br)2,
mp-780318,LiCoOF2,
mp-769322,MgSO3,
mp-762748,Li6VNi3(PO4)6,
mp-762735,Li6NbCo3(PO4)6,
mp-780200,LiFePH2O5,
mp-780192,Li5FeO4,
mp-780152,LiFeOF2,
mp-767827,Li3SiNiO5,
mp-767808,K2Li3CrO4,
mp-32755,La2Te3,
mp-767783,FeP2O7,
mp-705329,Li3Fe2(PO4)3,
mp-764341,Li3FeSiO5,
mp-705483,NaCa3Fe4(SiO3)8,
mp-705293,Li3V2(PO4)3,
mp-694982,Sr2La2MgTi3O12,
mp-767742,Li3VSiO5,
mp-690708,KLiPH2O4F,
mp-704626,FeAg(SeO3)2,
mp-762462,Li6Ti3Cr(PO4)6,
mp-762458,Li6Cr3P6WO24,
mp-691168,MnFeO3,164
mp-705059,TlNi4(PO4)3,
mp-690977,NaP3(PbO3)4,
mp-762448,Li6Fe3Sb(PO4)6,
mp-775390,Li2Mn2Ni(PO4)3,
mp-775345,LiTi2VO6,
mp-767553,Li7Sb2S,
mp-771187,Li6Fe3Ni(PO4)6,
mp-771388,MnP2O7,
mp-771186,Li4Mn3Ni3(PO4)6,
mp-505330,Tm2Mn3Si5,
mp-997517,Li6TiCr3(PO4)6,
mp-767440,Li2MnFe2(PO4)3,
mp-770640,Li4Mn3NbV2(PO4)6,
mp-639335,MnSbSe2Br,
mp-761857,LiNb(BO3)2,
mp-689927,Na3DyTi2Nb2O12,
mp-706528,CuH9CSN4Cl3O,
mp-686057,LiNbO3,
mp-686004,Li3ScCl6,
mp-686726,LaTiAlPbO6,
mp-1099832,La7SmMn7CuO24,
mp-1076445,Sr8MnFe7O24,
mp-861137,LiNi4(PO4)3,
mp-779944,Li2CrPO6,
mp-764157,Na3Fe2(PO4)3,
mp-861623,LiNi4(PO4)3,
mp-684991,NaCaScZn(SiO3)4,
mp-770205,Li3MnV(PO4)3,
mp-775232,LiCr4(PO4)3,
mp-752459,Gd5Y3O12,
mp-676628,K(V5S8)3,
mp-762347,Sn2N2O,
mp-676617,Ba5(Bi2O3)7,
mp-743646,FeP3H5NO10,
mp-684841,KMg3AlSi3(O5F)2,
mp-770120,Li3MnV(PO4)3,
mp-676541,Na4Cr13Se23,
mp-706245,Ca3La5Mn6(CuO12)2,
mp-684677,Al2O3,
mp-676500,Cr9In7S24,
mp-684496,SbP2O7,
mp-761185,KPH3O4F,
mp-642216,MgSiO3,
mp-641917,ZnSiO3,
mp-779371,Li3MnV(PO4)3,
mp-676312,YbBiO3,
mp-863906,LiNi4(PO4)3,
mp-641854,Ba2CaV2CuF14,
mp-643081,Fe2(CO)9,
mp-684042,Li3Bi2(PO4)3,
mp-685120,Al2Se3,
mp-761010,TiP2O7,
mp-685003,Tb2Se3,
mp-32570,Al2O3,196.6123924
mp-684911,Sm2Te3,
mp-860892,Y(Bi5O8)3,
mp-684786,K2Ba6Yb3Bi5O24,
mp-763885,LiMnOF2,
mp-770676,Li2CrH8Cl5O4,
mp-767240,CsPH4(NO)2,
mp-684708,Er2S3,
mp-762250,Sn2N2O,
mp-683875,TeS7Br2,
mp-867998,In15SnO24,
mp-640584,BaMo2P3O14,
mp-779239,Li3MnV(PO4)3,
mp-640564,AgSbC6N4(OF3)2,
mp-684694,Yb2Se3,
mp-684680,Yb2S3,
mp-640515,LiV(SiO3)2,
mp-774523,Li3Sb2(PO4)3,
mp-863010,K2TeH6SeO10,
mp-735586,KFe2H(SeO3)4,
mp-763841,SrLiVPO6,
mp-774463,Li3Cr2(PO4)3,
mp-761252,RbPH3O4F,
mp-642210,MgSiO3,
mp-762217,Li2P4WO13,
mp-774432,K2Li3NiO4,
mp-779184,Li3MnV(PO4)3,
mp-761135,Li3Sb2(PO4)3,
mp-555026,AlF3,
mp-779177,Li3MnV(PO4)3,
mp-680577,KGa2Cl7,
mp-775012,Li3Co2(PO4)3,
mp-761046,Na3Ti2(PO4)3,
mp-769430,Li4Co3Ni3(PO4)6,
mp-760353,LiCu2F7,
mp-774040,Li3Co2(PO4)3,
mp-770558,MnP2O7,
mp-770691,Li3AlFeO5,
mp-1099702,Sr2Ca6TiMn7O24,
mp-763872,LiMnOF2,
mp-770651,Li10Fe9CoO20,
mp-774651,LiZnAsH2O5,
mp-770531,MnP2O7,
mp-769005,Ba2YCl7,
mp-637209,AsN9,
mp-705288,La5Mn7Co(PbO8)3,
mp-779201,Li6MnV3(PO4)6,
mp-853256,Li3Fe2(PO4)3,
mp-1099788,Sr2Ca6Mn7FeO24,
mp-776773,LiFeF3,
mp-779183,LiMnF3,
mp-759985,Bi3O2F5,
mp-761954,Li6Mn3Cu(PO4)6,
mp-770586,Li3AlCrO5,
mp-778677,Li4TiFe3Cu2(PO4)6,
mp-778890,Li3MnV(PO4)3,
mp-997599,Na8Ta7VO24,
mp-680171,KEu2CuS6,
mp-638686,AgNO3,
mp-997591,CsNa7Ta8O24,
mp-639228,Tb2Mn3Si5,
mp-997589,La8Al7InO24,
mp-997588,La8Al7BO24,
mp-761939,Mn3Fe5O12,
mp-997587,La7ScAl8O24,
mp-997585,La8Al7GaO24,
mp-5572,Ho2Te5O13,
mp-759868,Li3Sb2(PO4)3,
mp-766856,CuPO3,
mp-778864,Li2Mn3(PO4)3,
mp-638048,Mo9Se11,
mp-637609,Ce12InPt7,
mp-637427,PrIn2Pd,
mp-778983,Li6MnV3(PO4)6,
mp-723043,K2TeH6SeO10,
mp-680067,Ag2CSNClO4,
mp-733455,Li3H6Rh,
mp-766773,AlVO3,
mp-628784,K3TiCl6,
mp-759638,Y5Tm11O24,
mp-16929,Pr3Si6N11,
mp-778888,Li3MnV(PO4)3,
mp-722714,MgCdH4(N2O5)2,
mp-763614,LiMn(CO3)2,
mp-759821,Sb3O2F5,
mp-997590,La8MgAl7O24,184.2203562
mp-773679,Li2V3(PO4)3,
mp-541712,Ce3Si6N11,
mp-759742,LiCu4(PO4)3,
mp-778788,Li3MnV(PO4)3,
mp-759381,Li3Bi2(PO4)3,
mp-722890,Li3H6Ir,
mp-631621,VBi(PbO3)2,
mp-770370,V3BO6,
mp-763019,LiMnF3,
mp-766755,Li3FePO5,
mp-759472,LiCu(HO)4,
mp-759290,Li3Bi2(PO4)3,
mp-1099943,K5Na3Nb4(WO6)4,
mp-759405,Bi3O2F5,
mp-677431,Na3SrTiNb3O12,
mp-770335,Li3VBO5,
mp-1099687,K4Na4Nb3W5O24,
mp-775640,Li4Ni5Te(PO4)6,
mp-769511,NaLiV2O6,
mp-721712,NaH4CSNO2,
mp-778697,LiMnF3,
mp-764836,Na4FeO5,
mp-759128,Li3Sb2(PO4)3,
mp-775604,Li6Cr3Cu(PO4)6,
mp-775601,Li5Mn3Bi2(PO4)6,
mp-769476,Li6Fe3Cu(PO4)6,
mp-759234,Li3CuF6,
mp-766558,NaMn3O6,
mp-705116,Sr2MnMoO6,
mp-851281,Li3Mn2(PO4)3,
mp-766449,Li3TiSiO5,
mp-677136,LiCa3Zr3TaO12,
mp-758891,Li3CuPO5,
mp-780274,Hf2N2O,
mp-763492,Li3CoSiO5,
mp-780234,Hf2N2O,
mp-780232,Hf2N2O,
mp-766292,DyY7O12,
mp-676988,Na3HoTi2Nb2O12,
mp-851030,Li2FePHO5,
mp-721053,Hg3H4S2O11,
mp-721084,H7IN2,
mp-780231,Hf2N2O,
mp-780230,Hf2N2O,
mp-766259,SnH10Cl4O5,
mp-766256,YTmO3,
mp-773442,K2Li3MnO4,
mp-773454,Li5CoO4,
mp-766236,GdErO3,
mp-766267,Y7TmO12,
mp-777915,Na2FeO2,
mp-21531,U2Mn3Si5,
mp-777893,LiVF3,
mp-851010,LiFePH2O5,
mp-764411,Mn2OF2,
mp-767818,Li6CrCo3(PO4)6,
mp-763439,Li3VF6,
mp-767788,Li6CrFe3(PO4)6,
mp-767775,Li6MnCr3(PO4)6,
mp-676598,TlPbCl3,
mp-776839,Li6Mn3Sn(PO4)6,
mp-41331,CaGa2Cu3(SbO6)2,
mp-676456,Sr6La2Ta3Al5O24,
mp-763423,Li2PWO6,
mp-764331,LiVSi4(HO6)2,
mp-766118,BiP2O7,
mp-763395,LiV4(PO4)3,
mp-695119,Na3Zr2Si2PO12,
mp-720515,HN,
mp-630329,PbSeO3,
mp-705024,VP2O7,
mp-758413,Na2CdO2,
mp-758393,Li3Ti2(PO4)3,
mp-17771,NaMg4(AsO4)3,
mp-777744,Ba2YF7,
mp-695250,BaLa7Mg5Nb3O24,
mp-720391,BH4NF4,
mp-676461,Ca2La2MgTi3O12,
mp-773357,Li2Fe3(PO4)3,
mp-694925,Ti7(Fe3O8)3,
mp-758245,Li3SiBiO5,
mp-694898,Sr5La3Mn4(WO6)4,
mp-780075,Hf2N2O,
mp-780061,Hf2N2O,
mp-780060,Hf2N2O,
mp-762157,Li5Cr2Fe3(PO4)6,
mp-762153,Li6Cr3Sb(PO4)6,
mp-21861,Cu3TeO6,
mp-4019,CaTiO3,171.9945579
mp-850900,Li3V2(PO4)3,
mp-761307,TiV2O7,
mp-686969,Fe2O3,177.9409917
mp-1019893,La3Si6N11,
mp-764266,LiMnOF2,
mp-760829,Na(CuO)2,
mp-1099664,KNa7V8O24,
mp-680553,Sm3Sn13Rh4,
mp-680552,Nd3Sn13Rh4,
mp-680506,PtCl4,
mp-762062,Li5Fe3Co2(PO4)6,
mp-690452,LiMn4(PO4)3,
mp-637224,Pu2O3,
mp-635441,SiI4,
mp-720430,CaB3H7O9,
mp-770542,MnP2O7,
mp-758287,Li3Ti2(PO4)3,
mp-25896,SbP2O7,
mp-25929,Li3Bi2(PO4)3,
mp-23182,SnI4,
mp-31010,Ca2As3,
mp-29871,Na4SeO5,
mp-31014,ZrP2S7,
mp-5024,ZrP2O7,
mp-5026,MgSiO3,
mp-5039,KPO3,
mp-299,Mo9Se11,
mp-504123,Li3Ni2(PO4)3,
mp-17349,Na3In2(PO4)3,
mp-31030,KHo2F7,
mp-29924,Nb3Cl5O2,
mp-23238,Ta3I7,
mp-763116,LiV(CO3)2,
mp-29938,Ba(GaSb)2,
mp-504222,MoP2O7,
mp-23266,GeI4,
mp-29947,K3PSe16,
mp-26594,BiP2O7,
mp-28588,Na2BeO2,
mp-31071,Ba2Tl7Au,
mp-17429,KHfPdF7,
mp-17433,NaSr4(SbO4)3,
mp-28612,Na(LiSi2)3,
mp-21562,Sm3InSe6,
mp-28617,In3Sb5O12,
mp-1099778,BaSr7Ti8O24,
mp-21575,Pr3InSe6,
mp-31108,Pr12InPt7,
mp-31109,Ho12InPt7,
mp-504457,BaTi6O13,
mp-23384,LiIO3,
mp-21604,Sm3InS6,
mp-31127,Sr3P4O13,
mp-21620,U2Si5Tc3,
mp-27144,TlPO3,
mvc-14103,Sr8CaCu4(ReO8)3,
mp-21660,HfGa2Co,
mp-504601,Cs2ZnO2,
mp-21673,Ge2Pt3,
mp-2345,Dy2O3,142
mp-504620,MgMo2O7,
mp-32381,NiP2O7,
mp-30077,K2GaSb2,
mp-17586,CdS2O7,
mp-504646,In5(BiS4)3,
mp-23481,Cs3Cu2I5,
mp-30088,Ba3P4O13,
mp-30094,H2CN2,
mp-504693,MnSO3,
mp-28754,Nb3GeTe6,
mp-17652,Tb6Al3Si,
mp-3470,MgSiO3,96.40247455
mp-28774,KSnF3,
mp-27267,ReP4,
mp-30157,Dy3S2Cl5,
mp-17685,Li3GaGeO5,
mp-27274,AsCF3,
mp-504826,S2N2O,
mp-504830,S4N5F,
mp-504852,Cs2Na3InO4,
mp-21834,Nd6Fe13Sn,
mp-504886,Gd2O3,
mp-28812,Ag5BiO4,
mp-27308,SbBrF8,
mp-504897,CeP5O14,
mp-31271,RbCO3,
mp-30197,K3ErCl6,
mp-28833,Er7Ru2C11,
mp-28837,K3RhCl6,
mp-17774,K2Li3GaO4,
mp-28858,Na2HgS2,
mp-505046,Gd3Sb5O12,
mp-21915,Ce3Co4Sn13,
mp-27365,BaBiSe3,
mp-21945,Ge3Ru2,
mp-30269,HfGa2Ni,
mp-22019,Yb3Sb5O12,
mp-27378,S4(BrN)3,
mp-505127,MoAs2O7,
mp-505132,Ta3Te14Pd3,
mp-505137,Nb3SiTe6,
mp-27389,KSb2F7,
mp-505139,TiH2SO6,
mp-28933,Br2O3,
mp-28934,Ta2Te5Pd3,
mp-31302,KCO3,
mp-28946,Bi3NF6,
mp-505206,Ta3SiTe6,21
mp-23926,K2HgH2Cl4O,
mp-1076074,SrCa3TiMn3O12,
mp-17921,NbSeOF7,
mp-23944,BaH6Cl2O11,
mp-29014,P2S3,
mp-3582,Mg(BC)2,157.9789447
mp-505309,Si2P2Pt,
mp-30411,Mn9Au31,
mp-20606,Tb3In5S12,
mp-30420,SrAu,
mp-29067,S2N2Cl,
mp-29075,Ga3Bi5Cl12,
mp-29077,LiBiO3,
mp-22192,Si3Ru2,
mp-29084,Ba2GdCl7,
mp-29089,Sr2GeN2,
mp-505392,Ba3V4O13,
mp-27556,CsNbO3,
mp-29095,H4SO5,
mp-27568,Ba10Al3Ge7,
mp-22216,In2S3,
mp-3046,Yb3Sn13Rh4,
mp-18065,BaCaAlF7,
mp-27599,KIn2F7,
mp-27622,Na2PbO2,
mp-24214,KPH3O4F,
mp-27643,K3MoCl6,
mp-30513,La3Sn13Rh4,
mp-30516,Th3Sn13Rh4,
mp-30517,Sr3Sn13Rh4,
mp-3671,NaNbO3,101.2629949
mp-18157,SiP2O7,
mp-27669,HS3N,
mp-22387,U2N3,
mp-29221,Ca2AlF7,
mp-29224,S3N2O5,
mp-22401,Nd2Re3Si5,
mp-18291,BaSbTe3,
mp-1099602,Ba3Sr(CuO3)4,
mp-27780,TcCl4,
mp-17856,Al7CoCu2,109.9849211
mp-29282,P2PtO7,
mp-18420,Er3CrS6,
mp-29304,Y2InCl7,
mp-18429,KAg(NO3)2,
mp-3868,Pr6Fe13Ag,
mp-22524,CeP2O7,
mp-27880,Nb3Cl7,
mp-29344,LiGaCl3,
mp-18529,Tm2S3,
mp-29381,Na2Te2As,
mp-29384,Rb3TlCl6,
mp-22598,In2O3,145.1814627
mp-39123,Na3Zr2Si2PO12,
mp-39167,CaScAlSiO6,
mp-39208,BaLaTiCrO6,
mp-29412,Ta3Br7,
mp-18677,PrSc3(BO3)4,
mp-18702,AgPO3,
mp-18698,CsPr(CO3)2,
mp-3975,K2TaF7,
mp-18789,TlCo(CO)4,
mp-31552,CoP2O7,
mp-31582,CoP2O7,
mp-30666,Sc3Ga2,
mp-31589,CoP2O7,
mp-31608,CoP2O7,
mp-567030,Na2MoSeO6,
mp-571371,CsK2BiCl6,
mp-571379,InGa2Cl7,
mp-561232,NaSm(PS3)2,
mp-5338,ZnSeO3,
mvc-11440,BaZnFeF7,
mp-559203,CdSeO3,
mp-559204,H3CS,
mp-569251,Lu7Sb3,
mp-559257,AgTeO3,
mp-567273,HfI4,
mp-567269,TeI4,
mp-559287,Ho2Sn3(PbS4)3,
mp-559291,Sn2PCO6,
mp-540152,MnP2O7,
mp-540177,FeP2O7,
mp-540222,MnP2O7,
mp-542903,ZrPbO3,113.2245184
mp-559304,Er2Te5O13,
mp-561286,ZnS,
mp-30756,LaSn3Ru,
mp-540309,Li3Mo2(PO4)3,
mp-540338,MnP2O7,
mp-540350,MnP2O7,
mp-773503,V2CrO7,
mp-779982,Hf2N2O,
mp-779980,Hf2N2O,
mp-773455,V2SnO7,
mp-779979,Hf2N2O,
mp-766021,KH(IO3)2,
mp-771373,Li6FeCo3(PO4)6,
mp-779975,Hf2N2O,
mp-773430,NbV2O7,
mp-766006,In15SnO24,
mp-779974,Hf2N2O,
mp-779973,Hf2N2O,
mp-676665,Ba4Ta2TiZnO12,
mp-777843,Ge2N2O,
mp-686836,MgTiNb2(PbO3)4,
mp-771364,Li6CrSn3(PO4)6,
mp-770092,HfP2O7,
mp-776475,Al2O3,
mp-771360,Li6MnSn3(PO4)6,
mp-758238,Na2ZnPHO5,
mp-761955,Li6TiFe3(PO4)6,
mp-651358,Ba2ErCl7,
mp-720244,NaCaMgAl(SiO3)4,
mp-675672,Zr5Sc2O13,
mp-769973,Li3CrBO5,
mp-850403,LiFePH2O5,
mp-777465,Li3P3(WO6)2,
mp-675395,H(CO)2,
mp-622557,Ca3Co(SeO3)4,
mp-619061,Yb2S3,
mp-777394,Sn2N2O,
mp-622190,Er2Mn3Si5,
mp-765799,LiNi4(PO4)3,
mp-707836,Na3H6Ir,
mp-773072,Ba8LiNb7O24,
mp-1099685,BaSr7(FeO3)8,
mp-850156,LiCrPH2O5,
mp-765759,Li5MnO3F,
mp-707419,NaB(HO)4,
mp-772898,AlGaO3,
mp-21588,Sc2Fe3Si5,
mp-772238,V2SiO7,
mp-1097796,Cr3N2,
mp-673650,Lu2Se3,
mp-673644,Tb2S3,
mp-770984,Li3MnV(PO4)3,
mp-761442,Li6Fe3Co(PO4)6,
mp-752458,Dy3Y5O12,
mp-772158,Ba2LaI7,
mp-772140,Ba2LaI7,
mp-764094,Li3Co13O5F19,
mp-770943,Li4TiNi5(PO4)6,
mp-673024,LiSn4(PO4)3,
mp-703316,LaMg2H7,
mp-772087,Er3Sb5O12,
mp-768971,Li(BiO2)3,
mp-762787,Li2VF7,
mp-779864,Hf2N2O,
mp-768638,Dy3Sb5O12,
mp-779863,Hf2N2O,
mp-761389,Li6VSb3(PO4)6,
mp-757076,SnP2O7,
mp-761378,Li5Mn2Fe3(PO4)6,
mp-779837,Hf2N2O,
mp-779833,Hf2N2O,
mp-757001,Y15TmO24,
mp-772032,Sr2LaI7,
mp-1099881,Sr2TiMnO6,
mp-761355,Li5VP3O11,
mp-685090,Ga2O3,
mp-617172,Li2VPO6,
mp-743716,Ca5Y3Ti5Mn3O24,
mp-770860,Li4Mn2Fe3P6WO24,
mp-706976,PH4N(OF)2,
mp-743699,Ca5Ho3Ti5Mn3O24,
mp-706973,H4CS(NO)2,
mp-743698,Ca5Dy3Ti5Mn3O24,
mp-773203,Li4CrO5,
mp-767269,Ga7(Fe3O8)3,
mp-849949,LiMn2PO6,
mp-779739,Hf2N2O,
mp-779738,Hf2N2O,
mp-765611,Li10Fe3Co7O20,
mp-706606,BH5CSN2,
mp-706586,H4NClO4,
mp-669466,AgNO3,
mp-771762,Ho3Sb5O12,
mp-770716,Rb5FeO4,
mp-861109,SmY3O6,
mp-669414,HfPbO3,
mp-622203,BaMnGaF7,
mp-768483,Lu3Sb5O12,
mp-622115,K3V3(BiO6)2,
mp-669361,Cu2BiAsO6,
mp-768450,Tm3Sb5O12,
mp-768273,Gd3As5O12,
mp-763856,Mn3OF6,
mp-763655,LiMn3O6,
mp-757715,Tb(BiO2)3,
mp-621924,BaCdGaF7,
mp-772523,Ba8LiTa7O24,
mp-613620,Rh2O3,
mp-696815,AlH4NF4,
mp-777202,Na3V2(PO4)3,
mp-779098,Li3MnV(PO4)3,
mp-776684,Li3FeF6,
mp-760812,Li3CuF6,
mp-649253,NbClF8,
mp-696057,LiMg4H13Os2,
mp-707231,As2PHO6,
mp-669393,Dy2Fe3Si5,
mp-672981,BiP2O7,
mp-763528,LiV4(PO4)3,
mp-779026,Li4MnCr2Fe3(PO4)6,
mp-672945,BiP2O7,
mp-618964,Ba5Fe4S11,
mp-773953,Ba2LaCl7,
mp-763723,Li6MnV3(PO4)6,
mp-770502,Li6Cr3Co(PO4)6,
mp-772187,AlGaO3,
mp-765684,Na5Mn11O24,
mp-703527,H2CN2,
mp-863908,Sc7V9O24,
mp-648072,NaPO3,
mp-770489,Li6Cr3Fe(PO4)6,
mp-773831,Sn2N2O,
mp-773830,Sn2N2O,
mp-672186,TeS7Cl2,
mp-773817,Sn2N2O,
mp-770421,Li6Mn3Ni(PO4)6,
mp-616587,RbPO3,
mp-770417,Li4Mn2VNi3(PO4)6,
mp-616580,UO3,
mp-647557,ZrPbO3,
mp-776490,Al2O3,227.6913931
mp-762673,LiFe4(PO4)3,
mp-669496,PtI4,
mp-768887,Y(BO2)3,
mp-542286,Ba4Na(RuO4)3,
mp-555027,CdGe(BiO3)2,
mp-571479,BaYbSn3,
mp-567485,CaGaAu3,
mp-540379,SbP2O7,
mp-567524,K3Ga3As4,
mp-6586,K2NaAlF6,
mp-561312,KHfCuF7,
mp-540409,FeP2O7,
mp-569374,Na2VPO6,
mp-557062,ZnS,
mp-567620,TlCoCl3,
mp-567729,La7C3I10,
mp-567798,Hg4AsI5,
mp-540459,LiCr4(PO4)3,
mp-561369,K3Bi2(AsO4)3,
mp-31656,CrP2O7,
mp-559354,NaNbO3,
mp-567841,Be3P2,91.18369482
mp-569435,KBi(PSe3)2,
mp-567864,TlBi(PSe3)2,
mp-567914,TeI4,
mp-561379,GaRe(Cl3O)2,
mp-555113,Rb3Cu2(BiS2)5,
mp-561384,ZrF4,
mp-559434,Tb(BO2)3,
mp-567956,GaSe2NCl6,
mp-559447,Gd3Se4O12F,
mp-31706,Li3Cr2(PO4)3,
mp-568089,CeCoSb3,
mp-1099844,Sr2Ca2Co3CuO12,
mp-569512,SbICl8,
mp-568224,Sm3CuSe6,
mp-31718,Li3Cr2(PO4)3,
mp-571662,KLa(PSe3)2,
mp-569538,LaNiSb3,
mp-5537,NbAgO3,
mp-31724,Li3Cr2(PO4)3,
mp-31727,Li3Cr2(PO4)3,
mp-559520,In2Ag3(PO4)3,
mp-569561,TeCl4,
mp-553921,Pm2O3,
mp-31729,Li3Cr2(PO4)3,
mp-572465,CrCu(PS3)2,
mp-553924,Ag4PIO4,
mp-697805,MnP2O7,
mp-557203,SrZrO3,
mp-553966,Li(CuO)2,
mp-32442,VP2O7,
mp-31739,Li2CrP4O13,
mp-568423,AlPI8,
mp-553975,K3Na2InO4,
mp-572670,B2S3,
mp-557260,RbSb2F7,
mp-568431,Nd6Fe13Sb,
mp-554012,SClO2F,
mp-554009,Er4Si3O11F2,
mp-557355,Rb2SiP4O13,
mp-557418,ZnS,
mp-569618,NaCe(PSe3)2,
mp-554117,KZrCuF7,
mp-554137,MgSiO3,
mp-555236,Tm2Te5O13,
mp-573373,PICl8,
mp-616463,C2SN2,
mp-557516,K2Be2Zn2Si3O11,
mp-561547,SrSiO3,
mp-573888,Ba2ScCl7,
mp-16995,Sm3Si6N11,
mp-540675,SeCl4,
mp-554357,Ag4TeO5,
mp-557628,AsS(IF3)2,
mp-554384,NaSb(PS3)2,
mp-554440,CuSeO3,
mp-554441,NaTi2Ga5O12,
mp-557702,K2RuI5NO,
mp-574571,Rb3YCl6,
mp-554475,LaNb2ClO6,
mp-554523,TeBrO3F5,
mp-31832,Li3Fe2(PO4)3,
mvc-16279,Y(FeO2)3,
mp-557803,MgSiO3,
mp-559668,Cs2CdBi2S5,
mp-557829,Lu2Te5O13,
mp-557874,KAg(PO3)2,
mp-554659,H12C5N2O,
mp-557888,K5U2O4F9,
mp-554676,H3CS,
mp-569814,TiBr4,
mp-554718,Bi(BO2)3,
mp-557940,KNd(CO3)2,
mp-554740,CdGe(BiO3)2,
mp-540760,FePCl8,
mp-559708,Li6ZrBeF12,
mp-557979,MnTl2As2S5,
mp-557980,CuS4BrN4,
mp-557985,KPO3,
mp-561848,C3O2,
mp-561861,KMg2V3(CuO6)2,
mp-540785,PCF3,
mp-554815,LaSc3(BO3)4,
mp-569854,Ga3Bi5Cl12,
mp-568653,FeSe2NCl6,
mp-4514,NaNbO3,
mp-31931,LiMn4(PO4)3,
mp-558192,NaPO3,
mp-554835,KZrVF7,
mp-558206,K9U6BiO24,
mp-554840,H13C4NF2,
mp-1099701,Sr7CaMnFe7O24,
mp-568716,SrAg,
mp-555435,S4IN3Cl2,
mp-554847,SbP(Cl3O)2,
mp-1099676,Ba4Sr4CoCu7O24,
mp-1099601,K4Na4Mo3W5O24,
mp-554852,Y2Te5O13,
mp-558295,CS3N5Cl,
mp-558297,Na2Ce2TiSi(CO6)2,
mp-540862,Ba2CaMgAl2F14,
mp-540868,Ca3Si(ClO2)2,
mp-540877,La3InS6,
mp-569957,Cd3N2,
mp-558458,Mg3Si(O2F)2,
mp-31993,Li3Mn2(PO4)3,
mp-558571,Sc2Te5O13,
mp-554912,BaMnFeF7,
mp-582024,Cs3Cu2Cl5,
mp-540942,KDy2Cl7,
mp-540945,Na2Li3GaO4,
mp-558637,AgTeO3,
mp-558642,Sr3Bi(ClO)3,
mp-582080,Cs3LaCl6,
mp-32015,Li3Mn2(PO4)3,
mp-558681,PClOF2,
mp-562541,Cs2Na3TlO4,
mp-32021,LiMn4(PO4)3,
mp-558736,H3CSN(ClO)2,
mp-32024,Li3Mn2(PO4)3,
mp-555526,RbAg(NO3)2,
mp-582423,Cs3Cu2Br5,
mp-559900,CS3(Br2N)2,
mp-540990,Na2Li3CoO4,
mp-559903,NaLa(SeO3)2,
mp-1022808,Ba2NbFeO6,
mp-540993,NaMo6Cl13,
mp-558862,NaGe4(PO4)3,
mp-582708,Cs3GeAsSe5,
mp-555562,LiIO3,
mp-558920,NaNbO3,
mp-568904,KTh(SbSe3)2,
mp-761671,Li3CoPO5,
mp-616204,Ga3Cl7,
mp-759449,Li3Ag2F5,
mp-778734,Li6Fe3Sn(PO4)6,
mp-697020,LiAlSiH2O5,
mp-706225,Sr3LaMn2(WO6)2,
mp-1014318,Cr3N2,
mp-705896,MgVFeMo3O14,
mp-677437,Na3Zr2Si2PO12,
mp-769601,LiVSO4F3,
mp-705746,Ti3Fe5O12,
mp-776880,Li2Fe2Ni(PO4)3,
mp-772451,Li2Mn3(PO4)3,
mp-1076171,La5Sm3Co7CuO24,
mp-851278,Li3Cr2(PO4)3,
mp-778614,Li4Cr2Ni3Sn(PO4)6,
mp-781056,Li5FeO4,
mp-770222,Li3MnV(PO4)3,
mp-758863,Sn2N2O,
mp-769159,LiCuPH2O5,
mp-781961,LiCrPH2O5,
mp-704123,CrF4,
mp-648984,LaSiAs3,
mp-648833,K2IrCBr5O,
mp-704109,SrFe3P3O13,
mp-761570,Li3MnPO5,
mp-851033,LiCo3OF5,
mp-766279,Dy11Y5O24,
mp-604537,MnGaNi2,
mp-1076218,La3SmV2Cr2O12,
mp-607841,Tl(CO)2,
mp-769021,Na2CuO2,
mp-766258,Y13Tm3O24,
mp-561659,MnF4,
mp-644879,MgSiO3,
mp-766238,Zr2N2O,
mp-703515,CaCuSiH2O5,
mp-769009,Ba2YCl7,
mp-766237,Gd3Y13O24,
mp-647969,CoAg(CO)4,
mp-761715,K2Li3CoO4,
mp-776108,LiNbO3,
mp-606912,S4N5Cl,
mp-565592,BaMnO3,
mp-1099746,La7SmTi2V6O24,
mp-780903,LiFePH2O5,
mp-850943,Li6TiNi3(PO4)6,
mp-770083,Rb5FeO4,
mp-676280,NaTaO3,
mp-776024,CaZrO3,
mp-766009,Y11Tm5O24,
mp-776023,CdSiO3,
mp-768745,HfP2O7,
mp-776356,Li2SbS2,
mp-699403,BaLa3TiCr3O12,
mp-675993,Zr2N2O,
mp-646102,Al3Bi5Cl12,
mp-675882,Dy2TiO5,
mp-680269,Er2Fe3Si5,
mvc-16225,AlCr3O6,
mp-675751,Zr7N2O11,
mp-675693,Na2CdO2,
mp-698686,Na3CaFe4(SiO3)8,
mp-773667,Ge2N2O,
mp-699146,Mg3AlFe(SiO4)3,
mp-761576,Li2MnV2(PO4)3,
mp-645282,Al3Bi5Br12,
mp-622489,K4Zn(WO4)3,
mp-773169,Li5Fe5(PO4)6,
mp-555217,Dy3Se4O12F,
mp-601178,H6C2NO,
mp-1076510,K5Na3Ta8O24,
mp-675093,Hf2N2O,
mp-773111,Ba2LaCl7,
mp-777314,Sn2N2O,
mp-777302,Sn2N2O,
mp-674947,Zr2N2O,
mp-776076,BaSiO3,
mp-698084,H4NClO4,
mp-674521,Dy2TiO5,
mp-698060,PHOF2,
mp-776051,Li2Mn2Fe(PO4)3,
mp-674297,NaNO3,
mp-777213,Li4Fe5Sb(PO4)6,
mp-695396,Na3SrTiNb3O12,
mp-765710,Li4Fe5Ni(PO4)6,
mp-672352,Al(ICl2)3,
mp-765252,LiV3(O2F)2,
mp-765239,VF4,
mp-762728,Li3Fe2(PO4)3,
mp-617022,TeMoCl7O,
mp-765234,MnF3,
mp-765639,Sm11Y5O24,
mp-765216,VF4,
mp-768092,LiVSO4F3,
mp-762674,LiFe4(PO4)3,
mp-765215,VF4,
mp-757966,Li3Sn2(PO4)3,
mp-762664,Li6V3P6WO24,
mp-582984,Pr6Fe13Pb,
mp-555570,BaCu(SeO3)2,
mp-568922,Ce7C3I10,
mp-559940,AlS2NCl6,
mp-570123,Cs3BiCl6,
mp-559053,NaY(SeO3)2,
mp-559057,NbTl(BO3)2,
mp-583645,BaCaSn3,
mp-32098,Li3Mo2(PO4)3,
mp-559968,Na2NbAsO6,
mp-555608,Na3Sc2(PO4)3,
mp-585226,Li3Fe2(PO4)3,
mp-565252,Na3Fe2(PO4)3,
mp-32107,Li3Mo2(PO4)3,
mp-585408,Li3Sn2(PO4)3,
mp-541093,Nb2Hg3S(O2F5)2,
mp-541094,Ta2Hg3S(O2F5)2,
mp-585949,CaCu,
mp-5932,Nd6Fe13Si,
mp-560005,TlRe3(S2Cl)2,
mp-541113,Cs3P7,
mp-541114,Sr2RhF7,
mp-6099,LiSc(SiO3)2,
mp-776873,Cr2O3,
mp-1099824,Ba7Sr(CuO3)8,
mp-541141,K3IrCl6,
mp-560039,NaY(SiO3)2,
mp-32332,LiNi4(PO4)3,
mp-555691,SrZn(SeO3)2,
mvc-15099,NiP2O7,
mp-555699,BaLa(BiS3)2,
mp-565337,FeTe6O13,
mp-555706,LiAlSiH2O5,
mp-565341,SrMn(SeO3)2,
mp-555707,S4N2O3F,
mp-716276,V2O3,
mp-570285,SiBr4,
mp-560114,Er3O2F5,
mp-694892,CaLa3Mn4O12,
mp-569132,K3InCl6,
mp-32401,NiP2O7,
mp-555782,ZnS,
mp-569153,PrCoSb3,
mp-541240,Sb3O2F5,
mp-32415,VP2O7,
mp-560136,Cu3B4Pb2O11,
mp-569163,SmCoSb3,
mp-541249,LaSiAs3,
mp-560144,K2RuBr5NO,
mp-6755,KSn4(PO4)3,
mp-565438,CrHg3(SO2)2,
mvc-14525,VP2O7,
mp-560169,C(SN)2,
mp-32477,VP2O7,
mp-32506,Li3V2(PO4)3,
mp-560198,ZnTe6O13,
mp-7203,Ce3Sn13Rh4,
mp-560216,Cs2GeP4O13,
mp-560224,H6NO2F,
mp-565565,K2VPO6,
mp-32578,Ce2Se3,
mp-32586,Nd2S3,
mp-32594,Sm2Se3,
mp-32629,Ce2S3,
mp-32635,Sr3P2,
mp-541361,K2RuNCl5O,
mp-32642,Lu2S3,
mp-32645,Sm2S3,
mp-32672,Pu2Se3,
mp-570480,TcBr4,
mp-32688,Nd2Se3,
mp-32689,Pr2Se3,
mp-32692,Pr2S3,
mp-560240,K2SbPO6,
mp-32736,Er2Se3,
mp-570489,TaPNCl7,
mp-565600,Mn3Si(O2F)2,
mp-32787,Ho2S3,
mp-32798,La2Se3,
mp-32800,Ac2S3,
mp-32826,Dy2S3,
mp-541416,SrMo3(PO7)2,
mp-555940,Dy2Te5O13,
mp-541568,Sr2Li3NbN4,
mp-541569,Sr2Li3TaN4,
mp-541672,MoP2O7,
mp-505638,Tb3CrSe6,
mp-505679,HfV2O7,
mp-505681,Sm2Si5Ru3,
mp-541750,CsS2N(O2F)2,
mp-570588,GaH13(C2N)2,
mp-541789,CsGd(CO3)2,
mp-9537,Pr6Fe13Si,
mp-555977,Rb2ZnO2,
mp-541836,CeTmS3,
mp-565725,ZrV2O7,
mp-541868,Te3MoCl16,
mp-541867,CsRe3(O3F5)2,
mp-505733,Na4MoO5,
mp-542006,P2WO7,
mp-1099712,K5Na3Ta2Nb6O24,
mp-556020,Li3AlF6,
mp-560394,AsPbClO2,
mp-542050,LiV6O13,
mp-556023,Nd3S2Cl5,
mp-542131,UTe4Br5,
mp-542185,NaCu4(AsO4)3,
mp-560420,K3Bi2(PO4)3,
mp-9460,Zn3N2,
mp-556047,K2OsCBr5O,
mp-542289,HgNO3,
mp-542313,Ce2O3,
mp-560434,K2SN2O5,
mvc-11434,CaFe3P3O13,
mp-560459,Rb3Al2(PO4)3,
mp-560732,BaNaZrF7,
mp-566867,Na2Fe3(PO4)3,
mp-560745,AuN5O14,
mp-566918,K4Mn(MoO4)3,
mp-561147,Ba2BiRuO6,
mp-556463,KGe2BO6,
mp-566991,La4Cu3MoO12,
mp-566507,LiFe(SeO3)2,
mp-566524,Rb2MoSeO6,
mp-561160,NbP4(S2Cl)5,
mp-571015,CuP4Se4I,
mp-566590,MoP(Cl3O)2,
mp-560789,SbI(ClF3)2,
mp-566658,LiV(GeO3)2,
mp-556155,ZnS,
mp-571057,KY(PSe3)2,
mp-556512,S4N3O2F,
mp-556855,Ba3Bi(ClO)3,
mp-1099629,K2Na6V5(MoO8)3,
mp-556522,K3Cu2(BiS2)5,
mp-556207,ZnS,
mp-556529,Cs2MnBi2S5,
mp-510349,Ag13OsO6,
mp-1099698,La4Sm4Co7AgO24,
mp-560846,Na2Li3FeO4,
mp-556548,Bi(BO2)3,87.41195598
mp-560863,ThSe2O7,
mp-565947,Mn2BiPO6,
mp-1099675,La5Sm3V2Cr6O24,
mp-1099605,Sr2Ca2Fe(CoO4)3,
mp-556216,HIO3,
mp-560884,TaSCl7O,
mp-570885,LaCoSb3,
mp-560526,Na3Fe2(MoO4)3,
mp-556238,CuC3(OF)3,
mp-1077660,Sr8Fe7CoO24,
mp-571193,MnP4,136.7384588
mp-556600,CsS2N3O4,
mp-510529,LiCr(SiO3)2,
mp-1099713,Sr7CaMn4(FeO6)4,
mp-571219,Tl3BiI6,
mp-556280,ZnS,
mp-556631,KZrSnF7,
mp-570956,NdCoSb3,
mp-571246,GeBr4,
mp-560578,RbTeNO3F4,
mp-560591,NaTi2Al5O12,
mp-560966,K2RuNCl5O,
mp-560601,K2CuS(ClO2)2,
mp-560603,Na2MgSi5O12,
mp-566090,KV3Cd4O12,
mp-566092,Sn3WO6,
mp-556331,Sr4Pt4PbO11,
mp-556680,CdSO3,
mp-556332,V7O13,
mp-697677,CeMg2H7,
mp-25709,AlVMoO7,
mp-1012742,NaMn3P3O13,
mp-698310,SnH2C4O3,
mp-25742,LiCr(GeO3)2,
mp-25746,Fe3BO6,
mp-25765,CaLaMn2O6,153.2796999
mp-556732,ZnS,
mp-25799,MgPb2WO6,
mp-21750,Lu3Ge13Rh4,
mp-1022965,K3V2(PO4)3,
mp-733577,TiH2N2OF4,
mp-1024076,Na2ZnS2,
mp-218,Sm2O3,130.0146808
mp-556400,Cs2K2TeO5,
mp-19061,LiFe(SiO3)2,
mp-556724,Ti7O13,
mp-4321,MgSiO3,98.29129037
mp-24912,Cr3BO6,
mp-669476,Ba2ScCl7,
mp-669474,RbTeNO3F4,
mp-777015,Li5Ti3Mn2(PO4)6,
mp-774297,Li3MnV(PO4)3,
mp-697592,BePH3O5,
mp-776966,Sn2N2O,
mp-657336,MgSiO3,
mp-768369,Ba2YF7,
mp-765185,LiV2F7,
mp-769612,Li6Mn3P6WO24,
mp-769603,LiVSO4F3,
mp-627029,Ba(HO)2,
mp-626973,Ba(HO)2,
mp-626994,Ba(HO)2,
mp-613545,RhSe2Cl7,
mp-765476,Y13Ho3O24,
mp-765453,Li3VOF5,
mp-762527,LiFe4(PO4)3,
mp-698170,Ca2B5H2ClO10,
mp-649632,KCo(CO)4,
mp-776686,Li5Fe3Ni2(PO4)6,
mp-655057,LiAlSiH2O5,
mp-704204,Li2MoP4O13,
mp-704203,Li2VP4O13,
mp-761800,Li6V3Cr(PO4)6,
mp-655048,LiAlSiH2O5,
mp-778057,Na2SnO2,
mp-768283,UAs2H6O11,
mp-757791,SmY15O24,
mvc-9246,Mo3O7,
mp-765279,Li10CoNi9O20,
mp-769069,Na2Li4Ti3Al(PO4)6,
mp-698114,Ba2AlH7,
mp-776611,Li4Mn2NbNi3(PO4)6,
mp-776566,Li4Mn3NbCr2(PO4)6,
mp-763122,Li2Mn2Co(PO4)3,
mp-768983,Ba2YCl7,
mp-697977,Sr2AlH7,
mp-768973,Ba2YCl7,
mp-654225,KFe(SeO3)2,
mp-768954,Ba2YCl7,
mp-765266,LiMn2F7,
mp-757671,Li3Ti2(PO4)3,
mp-680482,AgMo6Br13,
mp-776442,Ba2YI7,
mp-680472,NaMo6Br13,
mp-699535,MoSCl7O,
mp-781596,LiFeOF2,
mp-776362,Zr2N2O,
mp-776361,Ti2N2O,
mp-774346,Li3V2(PO4)3,
mp-776360,Zr2N2O,
mp-778305,Li3V2(PO4)3,
mp-849288,V2O3,
mp-761643,Li6Ni3P6WO24,
mp-765260,LiVOF2,
mp-776337,Zr2N2O,
mp-626486,H4SO5,
mp-626483,H4SO5,
mp-763103,LiMnF3,
mp-776336,Ti2N2O,
mp-776335,Zr2N2O,
mp-776334,Ti2N2O,
mp-781476,Li4Fe2Ni3Sn(PO4)6,
mp-626456,As3HO6,
mp-680167,LiMo6Cl13,
mp-776315,Zr2N2O,
mp-776314,Zr2N2O,
mp-697814,CoP2O7,
mp-776281,Zr2N2O,
mp-776278,Ti2N2O,
mp-776260,Zr2N2O,
mp-698722,Ca5Yb3Ti5Mn3O24,
mp-696315,NaHNO2,
mp-776259,Hf2N2O,
mp-626378,As3HO6,
mp-625654,TeHO3,
mp-776246,Zr2N2O,
mp-776229,Ti2N2O,
mp-776226,Hf2N2O,
mp-776225,Hf2N2O,
mp-698627,Ti5Fe11O24,
mp-777951,LiMnF3,
mp-776214,Hf2N2O,
mp-776213,Hf2N2O,
mp-776212,Hf2N2O,
mp-771078,Li3FeBO5,
mp-761571,Li5MnP3O11,
mp-697753,Li3Cr2(PO4)3,
mp-625630,TeHO3,
mp-676813,RbAg4I5,
mp-761511,Li6VFe3(PO4)6,
mp-778250,Li3FeF6,
mp-676687,RbAg4I5,
mp-676391,RbAg4I5,
mp-780912,CaMnAs2(H3O5)2,
mp-697664,LiCr4(PO4)3,
mp-626229,H4SO5,
mp-765204,LiMn2F7,
mp-761488,Ti7(Fe3O8)3,
mp-676206,RbAg4I5,
mp-657353,BaZn(SeO3)2,
mvc-16229,Al(FeO2)3,
mp-761453,Li5FeP3O11,
mp-622262,Te6MoBr3,
mp-765366,LiVOF2,
mp-768427,Ba2YBr7,
mp-771298,Li4V3Cr2Co(PO4)6,
mp-849802,Ba2YI7,
mp-777932,LiMnF3,
mp-765336,LiVOF2,
mp-768378,Ba2YBr7,
mp-768373,Ba2YBr7,
mp-627077,Ba(HO)2,
mp-768341,Ba2YBr7,
mp-627043,Ba(HO)2,
mp-763030,LiMnF3,
mp-698289,BH11AuC4IN2,
mp-652220,PBr2N,
mp-763132,LiV(CO3)2,
mp-765124,LiV2F7,
mp-765295,LiV6F13,
mp-1020023,Li3AlSiO5,
mp-625913,TeHO3,
mp-763004,LiMnF3,
mp-778341,Li4Mn3Ni3(PO4)6,
mp-1019889,KSi2BO6,
mp-757723,SrH4(SO4)3,
mp-697974,SmP3H5NO10,
mp-625856,TeHO3,
mp-1019784,K2SN2O5,
mp-757636,NbTlO3,
mp-625657,TeHO3,
mp-696216,HS3N,
mp-757276,Li3Ti2(PO4)3,
mp-696179,KNaH6PtC4N4O3,
mp-743915,VPH6C2N3O7,
mp-653697,Ta(CoTe)2,
mp-645425,Pr7C3I10,
mp-697733,FeP2O7,
mp-778261,Li4TiMn3Cr2(PO4)6,
mp-771877,Ca3Pb3I14,
mp-743895,VH7(CO2)4,
mp-778256,Rb2MgO2,
mp-771830,Sr2YI7,
mp-771827,Ca3Pb3I14,
mp-778251,Li4TiCo2Ni3(PO4)6,
mp-757202,K7(Bi3O8)3,
mp-757197,DyY3O6,
mp-695699,Te2AsS4N4(ClF2)3,
mp-757507,Sm3Bi5O12,
mp-4983,Nd7Al7Co6,
mp-12717,U3Sn13Rh4,
mp-24986,TlFeC3NO4,
mp-24988,K2Li3FeO4,
mp-1076224,KNa(WO3)2,
mp-560633,Al2SnCl6O,
mp-560649,KLa(PS3)2,
mp-1427,Lu2O3,
mp-16126,RbNa2Ge17,
mp-16836,RbNa2Si17,
mp-1767,Tm2O3,
mp-19430,Li3Fe2(PO4)3,
mp-19453,Te2MoO7,
mp-561076,La3GaS5O,
mp-542135,Mo2NCl7,
mp-566249,K2MoSeO6,
mp-542877,Mn2O3,
mp-6217,LaSc3(BO3)4,
mvc-1009,SbP2O7,
mvc-1011,TiP2O7,
mvc-10125,MgAg3P3O13,
mvc-1016,SnP2O7,
mvc-7544,TiAs2O7,
mvc-7545,SnAs2O7,
mvc-7546,SbAs2O7,
mvc-7559,BiAs2O7,
mvc-7961,As2WO7,
mvc-7964,CrAs2O7,
mvc-7965,VAs2O7,
mvc-7963,NiAs2O7,
mvc-7986,MoAs2O7,
mvc-8038,MgTi(GeO3)2,
mvc-8045,MnAs2O7,
mvc-8010,FeAs2O7,
mvc-8162,TiZn(GeO3)2,
mvc-8112,CaTi(GeO3)2,
mvc-8039,MgCu(GeO3)2,
mvc-8140,MgSn(GeO3)2,
mvc-8141,CaSn(GeO3)2,
mvc-8020,ZnCu(GeO3)2,
mvc-8335,MgCo(GeO3)2,
mvc-8333,CaNi(GeO3)2,
mvc-8334,CaCo(GeO3)2,
mvc-8340,CaCr(GeO3)2,
mvc-8338,MgV(GeO3)2,
mvc-8356,MgNi(GeO3)2,
mvc-8389,ZnNi(GeO3)2,
mvc-8402,MgGe2WO6,
mvc-8388,ZnCo(GeO3)2,
mvc-8407,ZnGe2WO6,
mvc-8433,CaGe2WO6,
mvc-8408,VZn(GeO3)2,
mvc-8386,CaV(GeO3)2,
mvc-8596,MgFe(GeO3)2,
mp-1076485,Ca7MgMn8O24,
mp-1076128,Ca7Mg(CoO3)8,
mvc-8671,ZnFe(GeO3)2,
mvc-8866,CaFe(GeO3)2,
mvc-8897,CaMn(GeO3)2,
mvc-9064,Bi3O7,
mvc-9147,MnZn(GeO3)2,
mvc-8073,ZnSn(GeO3)2,
mvc-9236,Cr3O7,
mvc-9783,MgMn(GeO3)2,
mvc-10233,MgTi3P3O13,
mvc-10248,MgBi3P3O13,
mvc-10249,MgSb3P3O13,
mvc-10254,Ti3ZnP3O13,
mvc-10257,CaTi3P3O13,
mvc-10262,MgCu3P3O13,
mvc-10277,ZnAg3P3O13,
mvc-10270,ZnCu3P3O13,
mvc-16243,AlFeO3,
mvc-10288,ZnBi3P3O13,
mvc-10263,MgSn3P3O13,
mvc-16268,YMn3O6,
mvc-16269,Y(NiO2)3,
mvc-16219,Al(CoO2)3,
mvc-16336,Al(NiO2)3,
mvc-16379,Y(CoO2)3,
mvc-16523,Mg2BiPO6,
mp-6537,CaCu(GeO3)2,
mvc-16551,BaCaCrF7,
mvc-1655,Ba2CaCu3F14,
mvc-16565,Ca3La5Mn7NiO24,
mvc-1665,Ba2MgCu3F14,
mvc-1700,Ba2ZnCu3F14,
mvc-1728,Ba2CaCuAg2F14,
mvc-1889,Ba2CaCuBi2F14,
mvc-1743,Ba2CaCuSb2F14,
mvc-1989,Ba2ZnCuAg2F14,
mvc-1969,Ba2ZnCuSb2F14,
mvc-1887,Ba2MgCuSb2F14,
mvc-2068,Ba2ZnCuSn2F14,
mvc-2012,Ba2MgCuAg2F14,
mvc-2232,Ba2MgFe2CuF14,
mvc-2230,Ba2ZnFe2CuF14,
mvc-2242,Ba2CaCo2CuF14,
mvc-2247,Ba2CaMn2CuF14,
mvc-2265,Ba2ZnCr2CuF14,
mvc-2272,Ba2Mn2ZnCuF14,
mvc-2372,Ba2MgCuNi2F14,
mvc-2271,Ba2MgCr2CuF14,
mvc-2297,Ba2CaCuMo2F14,
mvc-2341,Ba2MgCuMo2F14,
mvc-2321,Ba2MgCo2CuF14,
mvc-2279,Ba2MgMn2CuF14,
mp-1099727,K4Na4Mo5(WO8)3,
mvc-2456,Ba2ZnCuNi2F14,
mvc-2433,Ba2V2ZnCuF14,
mp-17887,SnP2O7,
mvc-2378,Ba2CaCuNi2F14,
mp-16792,Ba4LiTa3O12,
mp-1096783,Ba2VFeO6,
mvc-10298,CaSb3P3O13,
mvc-10313,BaMgCuF7,
mvc-10324,CaBi3P3O13,
mvc-10353,BaMgBiF7,
mvc-10323,CaSn3P3O13,
mvc-10305,CaAg3P3O13,
mvc-10357,BaMgSbF7,
mvc-10326,BaMgTiF7,
mvc-10315,ZnSn3P3O13,
mvc-10322,BaMgAgF7,
mvc-10394,BaZnBiF7,
mvc-10388,BaZnCuF7,
mvc-10392,BaCaCuF7,
mvc-10396,BaCaAgF7,
mvc-10400,BaZnSbF7,
mvc-10361,BaMgSnF7,
mvc-10426,BaCaBiF7,
mvc-10424,BaCaSbF7,
mvc-10389,BaZnAgF7,
mvc-10383,BaTiZnF7,
mvc-10387,BaZnSnF7,
mvc-1041,BiP2O7,
mvc-10416,BaCaTiF7,
mvc-10422,BaCaSnF7,
mvc-10475,ZnMo3P3O13,
mvc-10531,MgFe3P3O13,
mvc-10538,MgMo3P3O13,
mvc-10541,ZnCr3P3O13,
mvc-10532,MgV3P3O13,
mvc-10552,MgP3W3O13,
mvc-10544,V3ZnP3O13,
mvc-10557,ZnFe3P3O13,
mvc-10583,CaMo3P3O13,
mvc-10547,Mn3ZnP3O13,
mvc-10584,CaV3P3O13,
mvc-10539,MgMn3P3O13,
mvc-10589,BaMgMoF7,
mvc-10590,BaMgVF7,
mvc-10592,BaMgCrF7,
mvc-10556,ZnCo3P3O13,
mvc-10593,BaMgMnF7,
mvc-10598,BaMgCoF7,
mvc-10601,CaP3W3O13,
mvc-10594,CaCr3P3O13,
mvc-10605,BaMgWF7,
mvc-10613,BaZnCrF7,
mvc-10612,BaVZnF7,
mvc-10608,BaZnMoF7,
mvc-10595,BaMgFeF7,
mvc-10586,MgCo3P3O13,
mvc-10607,BaMgNiF7,
mvc-10611,BaMnZnF7,
mvc-10585,CaCo3P3O13,
mvc-10614,BaCaCrF7,
mvc-10596,CaMn3P3O13,
mvc-10551,MgNi3P3O13,
mvc-10618,BaZnCoF7,
mvc-10621,BaCaMoF7,
mvc-10623,BaZnWF7,
mvc-10626,BaCaFeF7,
mvc-10610,ZnP3W3O13,
mvc-10625,BaCaVF7,
mvc-10630,BaCaCoF7,
mvc-10624,BaZnNiF7,
mvc-10628,BaCaMnF7,
mvc-10629,BaCaWF7,
mvc-9357,W3O7,
mvc-10631,BaCaNiF7,
mvc-10644,ZnNi3P3O13,
mvc-1285,VP2O7,
mvc-1286,MoP2O7,
mvc-1311,P2WO7,
mvc-1289,CrP2O7,
mvc-1302,FeP2O7,
mvc-16087,YTi3O6,
mvc-16187,Zn2BiPO6,
mvc-16220,Mn3AlO6,
mp-18022,P4Pb3O13,
mp-649086,GaFeO3,
mp-697708,Sm2Si5Ru3,
mp-866565,CaSnS3,
mp-4689,Al7FeCu2,
mp-31938,Li3Mn2(PO4)3,
mp-1075961,La7SmCo5(CuO8)3,
mp-1075922,Sr7CaTi8O24,
mp-1075943,Ba3Sr5Ti8O24,
mp-1075930,LaSm(CoO3)2,
mp-1075988,BaSr7Ti6Mn2O24,
mp-1075928,SrCa(CoO3)2,
mp-1075953,K5Na3Ta5Nb3O24,
mp-1075974,Ba3Sr5Ti7MnO24,
mp-1075984,La7SmMn3Fe5O24,
mp-1075935,BaSr7Fe7CoO24,
mp-1075989,Ba3Sr5Co4(CuO6)4,
mp-1076054,BaSr7Co4(CuO6)4,
mp-1076095,K5Na3Ta4Nb4O24,
mp-1076062,Sr7CaFe5(CoO8)3,
mp-1075987,La7SmTiV7O24,
mp-1076132,Ca7MgCo7CuO24,
mp-1076139,Ca7MgFeCo7O24,
mp-1076131,La7SmV8O24,
mp-1076213,SrCaMn2O6,
mp-1076222,KNa7V7MoO24,
mp-1076214,Ca7MgMn7FeO24,
mp-1076342,Ba7SrCoCu7O24,
mp-1076247,Ba6Sr2CoCu7O24,
mp-1076249,La5Sm3Ni7AgO24,
mp-1076253,La6Sm2V5Cr3O24,
mp-1076260,Sr5Ca3Fe2(CoO4)6,
mp-1076264,Ba2Sr6Co3Cu5O24,
mp-1076287,La6Sm2Co7AgO24,
mp-1076275,La7SmCo6(AgO12)2,
mp-1076335,K5Na3Nb8O24,
mp-1076337,Ba2Sr6Ti7MnO24,
mp-1076325,LaSm(NiO3)2,
mp-1076338,La3SmV3CrO12,
mp-1076363,K5Na3TaNb7O24,
mp-1076377,BaSr7Ti7MnO24,
mp-1076382,La7Sm(FeO3)8,
mp-1076351,KNa7V6(MoO12)2,
mp-1076359,Sr4Ca4Mn7FeO24,
mp-1076372,Sr7CaFe6(CoO12)2,
mp-1076399,Sr6Ca2Fe7CoO24,
mp-1076384,SrCaTiMnO6,
mp-1076431,La7SmCr2(FeO4)6,
mp-1076408,BaSr7Mn2(FeO4)6,
mp-1076412,K5Na3Nb6(WO12)2,
mp-1076413,K5Na3Ta7NbO24,
mp-1076429,Ba2Sr6Co5(CuO8)3,
mp-1076484,K3Na5V2(MoO4)6,
mp-1076481,K5Na3Nb5(WO8)3,
mp-1076512,K5Na3Ta3Nb5O24,
mp-1076491,Ba4Sr4Co3Cu5O24,
mp-1076529,La6Sm2Cr3Fe5O24,
mp-1076528,BaSr3Co2(CuO6)2,
mp-1076546,K4Na4Mo7WO24,
mp-1076543,Ca7MgTiMn7O24,
mp-657234,K3TiCl6,
mp-1029938,K3W2N5,
mp-765150,LiSn4(PO4)3,
mp-776032,Ba2YI7,
mp-762896,LiFe4(PO4)3,
mp-1029857,Rb3W2N5,
mp-768426,Ba2YI7,
mp-1029845,Na3Mo2N5,
mp-771110,Li4Mn5P6WO24,
mp-757336,Hf2N2O,
mp-757331,Gd3Y5O12,
mp-849331,Ti2N2O,
mp-771092,Li6Mn3Cr(PO4)6,
mp-1020181,Na2ZnB6O11,
mp-1099886,Ba3SrCo(CuO4)3,
mp-765090,LiMnF3,
mp-1020030,LiAl(GeO3)2,
mp-768295,Ba2YI7,
mp-771062,Li6MnFe3(PO4)6,
mp-1013917,LiMn3P3O13,
mp-1013912,LiCo3P3O13,
mp-1013899,LiFe3P3O13,
mp-1013898,LiMo3P3O13,
mp-1013878,LiV3P3O13,
mp-1013874,NaTi3P3O13,
mp-1013830,NaCo3P3O13,
mp-1029565,Na3W2N5,
mp-1019584,CaAl2SiO6,126.5246495
mp-1019583,CaAl2SiO6,
mp-1019580,CaMg(SiO3)2,
mp-1016190,KMn3O6,
mp-1019573,CaAl2SiO6,
mp-1019572,CaAl2SiO6,
mp-1019568,CaAl2SiO6,
mp-772955,Ba2LaCl7,
mp-704462,Y3Ge13Ru4,
mp-704623,Nd7V(Se2O)4,
mp-776280,Ti2N2O,
mp-776313,Ti2N2O,
mp-704959,CrP2O7,
mp-776363,Zr2N2O,
mp-776613,Li4TiCu2Ni3(PO4)6,
mp-776625,Li3Ti2(PO4)3,
mp-776692,LiFe2F7,
mp-776726,LiV2F7,
mp-776733,Li3VF6,
mp-776753,Li4CrFe2Ni3(PO4)6,
mp-776752,Li4Mn2Fe3Sb(PO4)6,
mp-776756,Li4TiMn2Ni3(PO4)6,
mp-776757,Li4Co2Ni3Sn(PO4)6,
mp-1076659,KNaMoWO6,
mp-13673,NaSiAu3,
mp-13674,NaGeAu3,
mp-1372,Cd3As2,
mp-216,Sc2O3,168
mp-2514,Mg3P2,
mp-10386,Sm3CrSe6,
mp-1658,Tl2O3,108.8159514
mp-1045,Nd2O3,125.7291887
mp-16608,Si3Os2,
mp-554791,RuO4,
mp-14276,RhPb2F7,
mp-16705,Pr2O3,
mp-14283,Sr2InF7,
mp-1056,Tb2O3,140
mp-14455,Cu4Ag(AsO4)3,
mp-21985,In3Cu7,
mp-2071,Zn3P2,65
mp-14735,La2CuSnO6,
mp-14926,Sr2ScF7,
mp-14985,KZrPdF7,
mp-2652,Y2O3,137.734882
mp-1559,Mg3N2,
mp-15415,K2GaAs2,
mp-15416,Rb2GaAs2,
mp-15417,K2GaP2,
mp-2814,Yb2O3,
mp-15700,Zn3As2,
mp-2254,Al2O3,201.4876655
mp-1990,Mg3As2,49.83488291
mp-2441,Cd3P2,
mp-2292,La2O3,-256
mp-32850,Tm2Se3,
mp-32891,Y2S3,
mp-32906,La2S3,
mp-32933,Tm2S3,
mp-33239,Pu2S3,
mp-28026,TcP4,
mp-29491,HS8N,
mp-29501,Rb3AsSe16,
mp-29502,Al2Te3,5.730428132
mp-24456,SrH2N2O5,
mp-22688,CuSeO3,
mp-4320,CuTeO3,
mp-29536,Ag5CF4,
mp-28085,KAs2F7,
mp-28094,RbDy2Cl7,
mp-29550,Ba2EuCl7,
mp-4363,Ca3Sn13Rh4,
mp-24585,LiZnPH2O5,
mp-22734,HfPbO3,
mp-16610,Ge3Os2,
mp-24625,KHCN2,
mp-16819,ZnTeO3,
mp-30843,Sr7Pt3,
mp-24747,Na3H6Rh,
mp-28185,TaClF8,
mp-720504,CaGa2Cu3(RuO6)2,
mp-22804,Na3In2(AsO4)3,
mp-16897,Sr2Sb3,
mp-4585,Pr6Fe13Au,
mp-16922,Ba2Sb3,
mp-29667,Si2Ni3,
mp-16956,Na3Sc2(PO4)3,
mp-4644,Si2N2O,
mp-25035,MnBiO3,104.7061252
mp-28290,CdTeO3,
mp-16996,Li3GaSiO5,
mp-25073,KMo3(PO7)2,
mp-28297,Nd3S2Br5,
mp-29700,CS3N,
mp-28314,Ba7Ga4Sb9,
mp-21256,Mn7C3,
mp-4734,NaPO3,
mp-2973,Pr3Sb5O12,
mp-25081,AgMo3(PO7)2,
mp-28299,USe2O7,
mp-28336,Li3P7,24.33831067
mp-3387,CaSiO3,
mp-28349,H2NO2,
mp-4769,SiP2O7,
mp-19855,Cr7C3,
mp-29809,Ca2GeN2,77
mp-28387,PAuCl8,
mp-30937,HgClO3,
mp-4758,K2NbF7,
mp-30951,CsTi2I7,
mp-23071,CCl3F,
mp-4877,CsNa2Si17,
mp-25722,Mg2VBiO6,
mp-17196,TiAs2O7,
mp-29811,Hf3P3Pd4,
mp-30978,KAl2Br7,
mp-1076570,Sr7CaTi7MnO24,
mp-1076580,La5Sm3Cr6(FeO12)2,
mp-1076584,La6Sm2V3Cr5O24,
mp-1076561,Sr4Ca4TiMn7O24,
mp-1076592,BaSr7MnFe7O24,
mp-1076611,La3SmCr2(FeO6)2,
mp-1076602,Sr3Ca5Fe4(CoO6)4,
mp-1076581,La7SmTi3V5O24,
mp-1076598,La7SmMn2(FeO4)6,
mp-1076600,Ba3Sr5Co3Cu5O24,
mp-1076610,La7SmMnFe7O24,
mp-1076626,Sr2Ca6FeCo7O24,
mp-1076665,KNa7V7CrO24,
mp-1076685,K4Na4MoW7O24,
mp-1076681,BaSr7Co6(CuO12)2,
mp-1076669,La7SmMn6(FeO12)2,
mp-1076651,Sr7CaMn3Fe5O24,
mp-1076723,La7SmNi6(AgO12)2,
mp-1076688,Sr3CaCo3CuO12,
mp-1076679,La7SmV7CrO24,
mp-1076741,Sr6Ca2Co7CuO24,
mp-1029652,Y3Si6N11,142.5315478
mp-585189,LiMn4(PO4)3,
mp-18337,Be3N2,213.6520558
mp-1076751,K4Na4NbW7O24,
mp-1076747,Sr7CaFe4(CoO6)4,
mp-1076792,La7SmMn7FeO24,
mp-1076812,K2Na2Nb(WO4)3,
mp-1076796,Sr5Ca3Mn4(FeO6)4,
mp-1076831,KNa(MoO3)2,
mp-1076802,Sr3Ca5Fe5(CoO8)3,
mp-1076805,Sr6Ca2Fe3Co5O24,
mp-1076861,SrCa7FeCo7O24,
mp-1076829,SrCa7Fe2(CoO4)6,
mp-1076858,Sr7CaFe7CoO24,
mp-705491,SrLaMnFeO6,
mp-1076020,SrCa3Mn4O12,
mp-1075969,Sr6Ca2MnFe7O24,
mp-1076096,SrCa3(CoO3)4,
mp-1075948,Sr7CaTi5Mn3O24,
mp-1076107,Sr5Ca3FeCo7O24,
mp-1076076,La7SmCo6(CuO12)2,
mp-1075966,Sr2Ca2Fe3CoO12,
mp-1076079,Sr5Ca3MnFe7O24,
mp-1075901,Sr6Ca2Co5(CuO8)3,
mp-1076424,Sr3Ca(FeO3)4,
mp-1075968,Sr3Ca5Mn4(FeO6)4,
mp-1075997,Sr4Ca4FeCo7O24,
mp-1075982,BaSr7Co5(CuO8)3,
mp-1076138,Sr3CaTi2Mn2O12,
mp-1075962,Sr5Ca3Ti3Mn5O24,
mp-1075955,Sr5Ca3Fe7CoO24,
mp-1076268,Sr2Ca6Mn5(FeO8)3,
mp-1075976,Sr5Ca3TiMn7O24,
mp-1076410,Sr2Ca2Mn(FeO4)3,
mp-1076597,Sr7CaMn2(FeO4)6,
mp-1076217,Sr3Ca5TiMn7O24,
mp-1076080,Sr5Ca3Mn7FeO24,
mp-1076137,Ba3Sr5Co2(CuO4)6,
mp-1076457,Sr6Ca2Fe5(CoO8)3,
mp-1076058,Sr4Ca4Mn5(FeO8)3,
mp-1076827,Sr7CaTi3Mn5O24,
mp-1076219,La4Sm4Co7CuO24,
mp-1076628,Sr3Ca5Ti3Mn5O24,
mp-1077669,Sr2Ca2TiMn3O12,
mp-1076854,Sr3Ca5Mn3Fe5O24,
mp-1077667,SrCa7Mn6(FeO12)2,
mp-1077671,Sr6Ca2Mn5(FeO8)3,
mp-1077670,Sr6Ca2Mn3Fe5O24,
mp-1077659,Sr5Ca3Ti5Mn3O24,
mp-1077663,SrCa7TiMn7O24,
mp-696941,K2H2RuO5,
mp-542874,LiAl(SiO3)2,
mp-696155,Na4P2H4CO9,
mp-567498,Rb2NaTmCl6,
mp-505043,Eu3Sb5O12,
mp-1094143,LiNi3P3O13,
mp-562091,Mn2O3,
mp-698576,Ti3Fe5O12,
mp-609284,NaCo(CO)4,
mp-673101,LiSn4(PO4)3,
mp-762877,Li5Cr6P5O24,
mp-771402,Li5FeO4,
mp-764262,Li10FeCo9O20,
mp-6241,LiGa(SiO3)2,
mp-4674,BNF8,
mp-504851,Rb2Na3InO4,
mp-557009,ZnS,
mp-556804,PrAl3(BO3)4,
mvc-9074,Sb3O7,
mvc-16253,YV3O6,
mp-1076603,La5Sm3Cr8O24,
mp-762543,LiFe4(PO4)3,
mvc-13067,CaTi4(CuO4)3,
mp-1099867,KNa3V2(MoO6)2,
mp-1097054,KCe2FeO6,
mp-623373,V7O13,
mp-715920,V7O13,
mp-649178,Na2Li3FeO4,
mp-1100006,La7SmNi6(AgO12)2,
mp-687296,NiP2O7,
mp-698663,BaLaTiCrO6,
mp-700189,KZrVF7,
mp-1076348,La3SmV3CrO12,
mp-1077605,La7SmCo6(CuO12)2,
mp-650944,MnF4,
mp-3136,NaNbO3,181.3353786
mp-25693,AlFeO3,178.1758317
mp-715516,Fe2O3,
mp-771359,Cu2O3,159.2694381
mp-582360,TaPd3,200.164364
mp-669347,KCuF3,75.09599397
mp-691141,TiNiO3,
mvc-11295,Al13(CuSe8)3,
mp-18274,Ba4LiNb3O12,
mp-29372,Cs2GaSb2,
mp-1099890,Sr2Ca6Fe3Co5O24,
mp-541951,Zr3P3Pd4,
mp-29371,Rb2GaSb2,
mp-1099611,Sr4Ca4Co7CuO24,
mp-504962,K2Na3InO4,
mp-639826,C2SeN2,
mp-1076674,Sr4Ca4Fe3Co5O24,
mp-1099932,KNa7V6Cr2O24,
mp-1099606,K3Na5V3Mo5O24,
mp-32581,Pr2Te3,
mp-1099887,La7SmMn5(FeO8)3,
mp-1076671,La7SmMn4(FeO6)4,
mp-1099896,La6Sm2Cr5(FeO8)3,
mp-861170,Ti5Fe11O24,
mp-6535,NdAl3(BO3)4,
mp-861091,Li5NiP3O11,
mp-1099674,Sr2Ca2Mn3FeO12,
mp-761254,Li5CuP3O11,
mp-1075954,La5Sm3Cr7FeO24,
mp-1099622,K5Na3Nb7WO24,
mp-25041,MnSiO3,
mp-677029,Ca2MgAl2(SiO4)3,
mp-694952,Ti5Fe11O24,
mp-662551,TlNO3,
mp-743768,BaLa3Mn4O12,
mp-703531,CuSiH8(O2F3)2,
mp-17375,K2Na3TlO4,
mp-696656,BH4O2F3,
mp-685036,Al2O3,145.9384938
mp-952967,Fe7Se3,
mp-25787,V2O3,
mp-1076836,K2Na2Mo3WO12,
mp-698608,Ti5Fe11O24,
mp-620033,BaCu(SeO3)2,
mp-761697,Ti5Fe11O24,
mp-541557,Lu2Fe3Si5,
mp-1099763,Ba2Sr2Co(CuO4)3,
mp-1099603,Sr5Ca3Mn6(FeO12)2,
mp-676130,TlSnF3,
mp-677370,UP2O7,
mp-743988,Na3CrH14(C3O8)2,
mp-505335,Ho2Mn3Si5,
mp-684713,Al2O3,
mp-601275,K3AlH6,
mp-780207,Li5FeO4,
mp-554029,NaMg4V3O12,
mp-29380,K2Te2As,
mp-22468,Tb2Fe3Si5,
mp-27430,Sn2BF7,
mp-561154,La(BO2)3,
mp-619488,Ba2NbCrO6,
mp-1099624,BaSr7Ti5Mn3O24,
mp-561124,Ho3Se4O12F,
mp-733932,InH5(NF)2,
mp-860969,Sm3Y5O12,
mp-1080210,NaMn3O6,
mp-654937,Ag(CO)2,
mp-850993,LiMn4(PO4)3,
mp-31692,CrP2O7,
mp-25950,SbP2O7,
mp-559343,KCu4(PO4)3,
mp-32363,NiP2O7,
mp-556402,CuAg5As3O11,
mp-26741,LiCu4(PO4)3,
mp-540274,CrP2O7,
mp-540342,FeP2O7,
mvc-2946,Ba2MgV2CuF14,
mp-540291,CrP2O7,
mp-32065,MoP2O7,
mp-540416,MnP2O7,
mp-568237,CeNiSb3,
mvc-10304,CaCu3P3O13,
mvc-1817,Ba2MgCuBi2F14,
mp-540323,FeP2O7,
mvc-2080,Ba2MgCuSn2F14,
mp-21774,Ca2Sn5Pt3,
mp-21583,Sc(US2)3,
mvc-3436,Ba2CaTi2CuF14,
mp-540388,FeP2O7,
mp-542754,Tb2Si5Os3,
mp-25940,BiP2O7,
mp-32466,VP2O7,
mp-26883,Li3Ti2(PO4)3,
mp-33528,NbP2O7,
mp-21578,KCu4(AsO4)3,
mp-504588,Cu2H2CO5,
mp-21820,Yb2Sn5Pt3,
mp-585266,MnP2O7,
mvc-8435,ZnCr(GeO3)2,
mp-558621,Ce(BO2)3,
mvc-8438,MgCr(GeO3)2,
mp-32366,Li3Ni2(PO4)3,
mvc-2039,Ba2CaCuSn2F14,
mp-32838,Ce2Te3,
mp-504228,Li3Ni2(PO4)3,
mp-21717,Fe7C3,
mp-32085,MoP2O7,
mp-540455,Li3V2(PO4)3,
mp-504290,MoP2O7,
mp-32606,Ba3P2,
mp-31779,Li3Fe2(PO4)3,
mp-715598,V7O13,
mp-540020,LiFe4(PO4)3,
mp-505334,Dy2Mn3Si5,
mp-31913,Li3Mn2(PO4)3,
mp-540069,MnP2O7,
mp-32054,MoP2O7,
mp-28301,OsBr4,
mp-17673,Lu3O2F5,
mp-32417,VP2O7,
mp-555610,Ce(BO2)3,
mp-585220,CoP2O7,
mvc-2079,Ba2MgTi2CuF14,
mp-540326,CrP2O7,
mp-762776,Li4Ni5Sn(PO4)6,
mvc-1818,Ba2ZnCuBi2F14,
mp-579577,CeTmS3,
mvc-16376,CaCu(GeO3)2,
mp-774510,CrP2O7,
mp-39207,Ca3La5Mn7NiO24,
mp-705053,Li2CrP4O13,
mp-697691,MnP2O7,
mp-705003,MnP2O7,
mp-29429,TeCF3,
mp-585211,CoP2O7,
mp-540430,CrP2O7,
mp-31630,Ba2TaCrO6,
mp-561003,KSn4(PO4)3,
mp-12174,HfNi3,
mp-867663,SmY3O6,
mp-868468,Ti5Fe11O24,
mp-640776,Ce4Sn25Pt12,
mp-764995,Sr12Mn6O23,
mp-765435,Li7CrFe3(PO4)6,
mp-698705,Li4Mn13O24,
mp-850081,Li4Mn7(PO4)6,
mp-850498,LiFe8(BO3)8,
mp-850254,Li11V6O5F19,
mp-850145,Li4Mn7(PO4)6,
mp-675353,Sm3(Bi7Te12)2,
mp-675170,Yb3(Bi7Te12)2,
mvc-11835,Al14(CuS8)3,
mp-2868,Th11(Ru2C3)6,
mp-762524,Li4Fe7(PO4)6,
mp-861539,Li4Ni7(PO4)6,
mp-762519,Li4Fe7(PO4)6,
mp-685713,Gd7Ti8O26,
mp-676765,Na21In5O15,
mp-769519,Li21(FeO4)4,
mp-780503,Li4Cr7(PO4)6,
mp-861686,Li5Fe5Si7O24,
mp-780179,Li7FeCo3(PO4)6,
mp-680468,Tb6In23Pt12,
mp-780131,Li7MnNi3(PO4)6,
mp-780115,Li7Cr3Co(PO4)6,
mp-780107,Li7Cr3Fe(PO4)6,
mp-691123,Li7Mn10O24,
mp-762050,Li4Cu7(PO4)6,
mp-762040,Na(WO3)10,
mp-690136,Mg4Al3(HO)17,
mp-640054,Nd6In22Pt13,
mp-761936,Li4Cu7(PO4)6,
mp-891956,Ca10V6O25,
mp-764158,Na7Mn10O24,
mp-676854,Ta14(CuS8)3,
mp-867628,Y6Cu11O24,
mp-775193,Li7Fe3Ni(PO4)6,
mp-779345,Li11V6O5F19,
mp-775102,Li7Fe3Co(PO4)6,
mp-760372,Na5Ti12O24,
mp-733443,Ca7Si6H4CO23,
mp-759774,Na6Ti11O24,
mp-764885,LiFe8(BO3)8,
mp-780492,Li4VP6(H4O11)2,
mp-780480,Li11V6O5F19,
mp-764492,LiFe8(BO3)8,
mp-766328,Ag7Sb9O25,
mp-764478,LiFe8(BO3)8,
mp-763449,Li4V7(PO4)6,
mp-780144,Li4MnP6(H4O11)2,
mp-763426,Li4V7(PO4)6,
mp-766055,Li7TiFe3(PO4)6,
mp-695164,Ba8Ce7YHO24,
mp-758350,Nb8Tl8O25,
mp-698446,H24PtC8(NF3)2,
mp-505265,La11V4O26,
mp-39003,Mg3Al14O24,
mp-569213,Dy4Ni12Sn25,
mp-765985,Li5Ti12O24,
mp-676108,Gd8Zr7O26,
mp-850412,Li7TiCr3(PO4)6,
mp-685633,Y10U4O27,
mp-775207,Li4CrP6(H4O11)2,
mp-767328,Li5Fe5Si7O24,
mp-775187,LiFe8(BO3)8,
mp-767276,Li5Fe5Si7O24,
mp-684921,Na3CaAl4Si8ClO24,
mp-675472,Al17(NO7)3,
mp-859121,Sb16Cl4O21,
mp-29760,Ca10P6O25,
mp-760078,Ba4Ti11O26,
mp-863852,Li5Fe5Si7O24,
mp-543056,Mg7As6(HO6)4,
mp-567643,Ba12Na15Li8N6,
mp-17516,Ca10P6SeO24,
mp-568511,Ca7(B7Rh10)2,
mp-558428,Ba9Sc2(SiO4)6,
mp-763525,K8Li13(FeO4)4,
mp-677067,Ca3Al4Si8(ClO12)2,
mp-677042,Na7Zr4Si5PO24,
mp-703595,Cd13I28,
mp-676431,Na4Al3Si9ClO24,
mp-676110,Tb14(PbSe8)3,
mp-675822,Dy14(PbS8)3,
mp-675506,Nb6(Pb2O5)5,
mp-675425,Ho14(PbS8)3,
mp-757852,Bi16O25,
mp-675760,Sm3(Sb7Te12)2,
mp-707247,Na4CuP6(H4O11)2,
mp-675683,Yb3(Sb7Te12)2,
mp-698397,SnH24C6N2(OF3)2,
mp-541151,MnAl2P2(HO)18,
mp-569079,Tl4Ni7(PO4)6,
mp-32384,Li4Ni7(PO4)6,
mp-32742,U16N25,
mp-555945,H24OsC8(NF3)2,
mp-510554,Nb12O29,
mp-25763,Fe7P6(HO6)4,
mp-24890,Na4Co7(PO4)6,
mp-778357,Li4Cr7(PO4)6,
mp-764566,LiFe8(BO3)8,
mp-768084,Li8V11O22,
mp-764518,LiFe8(BO3)8,
mp-774272,V12O29,
mp-744764,Mn7P6(HO6)4,
mp-505018,Mn15(Br3O10)2,
mp-25521,MgFe2P2(HO)18,
mp-19470,Na4Ni7(PO4)6,
mp-778037,Li11V6O5F19,
mp-777941,Li11V6O5F19,
mp-1019533,Ba9Y2(SiO4)6,
mp-765245,Li7Mn4(PO4)6,
mp-24505,MgAl2P2(HO)18,
mp-4564,Ba4Nb14O23,
mp-16990,Ba10P6SO24,
mp-25257,Li15Bi4(PdO10)2,
mp-28470,Ta7(Te12I5)2,
mvc-11819,Al14(CuSe8)3,
mp-677011,K4BaTa6(Si2O13)2,
mp-891955,Ca10V6O25,
mp-17447,Sr10P6SO24,
mp-766877,Si6Bi9O26,
mp-722467,CdH18Se4(N2O7)2,
mp-505026,Co7P6(HO6)4,
mp-687026,Li4Ni7(PO4)6,
mvc-10106,MgV2O4,
mp-653429,Mn7FeCl3O10,
mp-764945,LiCoSiO4,
mp-690435,Li7Mn11O24,
mp-6783,NaLiSO4,
mp-699738,Li2Co3(SeO3)4,
mp-675013,Na(Ce2Se3)4,
mp-698565,Fe2SiO4,
mp-767696,V2Co(H4O5)2,
mvc-9735,Ti2ZnO4,
mp-17648,Yb5Si3SO12,
mp-758176,LiCuPO4,
mp-767663,Li2Mn3(BO3)4,
mp-26725,LiSnPO4,
mp-767874,Mn4Si4O13,
mp-782662,Li2V5Cr2O12,
mp-850745,LiFe4(BO3)4,
mp-765421,Li8VCo3(PO4)6,
mp-776767,Li2VF4,
mp-775469,Li6Ti7Cr5O24,
mp-778496,LiFe2(ClO)2,
mp-850435,LiFe4(BO3)4,
mp-850431,LiFe4(BO3)4,
mp-764916,LiFe4(BO3)4,
mp-675247,Li2CoCl4,
mp-697827,Co3(P2O7)2,
mp-673105,Cu3(P2O7)2,
mp-744474,Mo2P4O15,
mp-8702,LiGaGeO4,
mp-674712,Ca(La2Se3)4,
mp-720897,ZnB8(H2N)4,
mp-767437,Co3(P2O7)2,
mp-849952,LiFe4(BO3)4,
mp-759099,Li3Sb(PO4)2,
mp-691115,Li4Mn5O12,
mp-691111,Fe2CoO4,
mp-764453,LiFe4(BO3)4,
mp-780853,LiFe3P3(HO6)2,
mp-861173,LiFeSiO4,
mp-684733,Ti10O11,
mp-766140,K4Li7Mn2O8,
mp-647532,Eu5P3ClO12,
mp-684678,H2O,
mvc-12821,ZnCo2(P2O7)2,
mp-650960,Hf(ClO4)4,
mp-650816,La5V3S6O7,
mvc-12220,Co3(P2O7)2,
mvc-12221,Fe3(P2O7)2,
mvc-12214,Cr3(P2O7)2,
mvc-11990,Ni3(P2O7)2,
mp-765492,Mn11Cu7O24,
mvc-11862,CaCu2(As2O7)2,
mp-647427,Fe2Cu2Ge4O13,
mp-771541,Gd2W4O15,
mp-762569,Li2Ti2Mn5O12,
mp-672295,Cu4Bi5PbS11,
mp-762459,LiMn2O4,
mp-863887,LiFeSiO4,
mp-762425,Li3Ni2(CO3)4,
mvc-5978,Mg(WO2)2,
mvc-5935,Ca(NiO2)2,
mvc-5911,CaCr2O4,
mvc-5749,CaV2O4,
mvc-5705,Zn(NiO2)2,
mp-6566,NaZnAsO4,
mp-6150,Na4Zr2(SiO4)3,
mvc-5579,Zn(FeO2)2,
mvc-5503,Ca(CoO2)2,
mvc-5378,Zn(CoO2)2,
mvc-5359,Ca(SnO2)2,
mvc-5354,Mg(CoO2)2,
mvc-5342,MgV2O4,
mvc-5335,ZnCr2O4,
mvc-5313,Zn(SnO2)2,
mvc-5300,Mn2ZnO4,
mp-766374,LiSiBiO4,
mvc-5278,MgCr2O4,
mvc-5273,CaTi2O4,
mvc-5260,V2ZnO4,
mvc-5243,Ca(AgO2)2,
mvc-5228,MgMn2O4,
mvc-5221,Mg(SnO2)2,
mvc-5187,Ca(BiO2)2,
mvc-5176,Zn(CuO2)2,
mvc-5175,Ti2ZnO4,
mvc-5174,Zn(AgO2)2,
mvc-5158,Mg(AgO2)2,
mvc-5152,Mg(CuO2)2,
mvc-5132,MgTi2O4,
mvc-5121,Mg(BiO2)2,
mp-17059,K3Nb3Si2O13,
mp-5909,Zn2GeO4,
mp-3789,Zn2SiO4,
mvc-10150,MgCr2O4,
mvc-10213,Zn(CoO2)2,
mp-684966,Tb8O13,
mp-655377,CuH10SO9,
mp-769574,Li7V6Ni5O24,
mp-633671,Mn3AgAs3(HO6)2,
mp-39866,BaSm4Si3SeO12,
mp-769550,Li2Mn5(FeO6)2,
mp-769530,Li3Mn4(FeO6)2,
mp-863429,CuH10SeO9,
mp-705595,Co7(SbO6)2,
mp-762182,Li3Fe2(CO3)4,
mp-705300,Cr(PO3)5,
mp-763271,Mn5(FeO3)4,
mp-768918,Ce(ClO4)4,
mp-684537,Sb(PO3)5,
mp-705019,Cr(PO3)5,
mp-32416,V3(P2O7)2,
mp-630234,Li2Ti3(BiO3)4,
mp-1016071,Cr3N4,
mp-705490,CoH22N7(ClO2)4,
mp-780681,LiFe3(SiO4)2,
mp-650121,Li2SeO4,
mp-764846,Li2MnF4,
mp-769483,Li11(CoO4)2,
mp-1016213,Sn3H8C2NO7,
mp-775538,Li3Mn5FeO12,
mp-780498,LiCr3P3(HO6)2,
mp-769472,Li11(NiO4)2,
mp-780282,Cd(BO2)2,
mp-690244,Lu4V4O13,
mp-772431,CoH8(CO5)2,
mp-868306,Li2Ni3P9O28,
mp-780178,Li8TiMn3(PO4)6,
mp-767814,LiVSiO4,
mp-704688,Fe2C9(O4F)2,
mp-694554,Mn3(P2O7)2,
mp-694994,CoH22N7(ClO2)4,
mp-691151,V5CoO15,
mp-771381,Li8Mn3Cr(PO4)6,
mp-705168,Sr5V3ClO12,
mp-704727,Sr5V3O12F,
mp-684028,Li3Bi(PO4)2,
mp-689817,Cs4U2V2O13,
mvc-6260,Ca(SbO2)2,
mvc-6227,Ca(MoO2)2,
mvc-6218,Ca(WO2)2,
mvc-6191,Zn(WO2)2,
mvc-6160,Ca(FeO2)2,
mvc-6124,Mg(MoO2)2,
mvc-10350,Ca(NiO2)2,
mp-861546,LiMnPO4,
mp-997515,Li(Fe2O3)4,
mvc-5542,Zn(SbO2)2,
mvc-5424,Mg(SbO2)2,
mp-770573,Li4MnV(PO4)3,
mp-771382,LiVBO4,
mp-764193,Na2CrO4,
mp-706469,Mn3(P2O7)2,
mp-767474,LiVSiO4,
mp-761371,P5WO15,
mp-685194,Li4Ti5O12,107.8389995
mp-650764,Ba5Mn3ClO12,
mp-743779,FeP2(H4O5)2,
mp-762369,Y9U5O28,
mp-770137,Li4MnV(PO4)3,
mp-770121,Li8TiMn3(PO4)6,
mp-767086,Li5MgTi12O24,
mp-761388,LiCrPO4,
mp-761156,Li3La5Ti6Nb2O26,
mp-761132,Ta5Pb11O26,
mp-766987,V3H8(NO4)2,
mvc-9921,MgCr2O4,
mp-641571,CeAlPd,
mp-775125,Li8Fe3Sn(PO4)6,
mp-767248,LiFeSiO4,
mp-559346,K3Nb3Si2O13,
mvc-14848,CaCu2(P2O7)2,
mp-684029,CdI2,
mp-769935,CuHCO4,
mp-779091,LiFe4(BO3)4,
mp-760781,Li2AgF4,
mp-760184,Na4Ti5O12,
mp-763767,Fe5P3O13,
mvc-10135,Mg(CoO2)2,
mp-774658,LiSnPO4,
mp-759873,Sb8O11F2,
mp-766823,Li7Ti11O24,
mp-760122,Li2CuF4,
mp-723065,H2C2S3N2(OF)6,
mp-648971,Ce2Mo4O15,
mp-770404,Li4V2Si(PO6)2,
mp-673667,TiO,
mp-770509,LiAlVO4,
mp-759704,Li2Cu2P4O13,
mp-766758,Li7Mn11O24,
mp-623088,KTbF5,
mp-622375,Mn(GaS2)2,
mvc-10032,Mg(CoO2)2,
mp-763612,Li3Mn2(CO3)4,
mp-763611,Li2Mn7O12,
mp-680116,CdI2,
mp-680115,CdI2,
mp-770403,Li4V2(PO4)3,
mvc-9490,Mg(CuO2)2,
mp-680047,CdI2,
mp-680046,CdI2,
mp-763625,LiFeSiO4,
mp-759333,Na7Ti11O24,
mp-770365,LiAlVO4,
mp-759416,Li3Sb(PO4)2,
mp-770330,LiVBO4,
mp-764873,LiFe4(BO3)4,
mp-766543,Li7Ti11O24,
mp-763563,LiCoSiO4,
mp-778630,LiV3P3(HO6)2,
mp-764800,LiFe4(BO3)4,
mp-704981,Mn5Ge2,
mp-770256,Li4V2(SiO4)3,
mp-766393,Li7Ti11O24,
mvc-16251,Al2CoO4,
mp-677013,Na3Pb2S3ClO12,
mp-762008,LiNiPO4,
mp-770190,Li4V2Si(PO6)2,
mp-761988,LiNiPO4,
mp-764472,LiFe4(BO3)4,
mp-766196,LiSiBiO4,
mp-995234,HCO,
mp-758513,Na22In5O15,
mp-758324,Ti5Nb2O14,
mp-763415,Fe8SiO12,
mp-676501,K3Sn2S3BrO12,
mp-628782,V3Pb5ClO12,
mp-761334,LiVPO4,
mp-761332,LiFeSiO4,
mp-859133,LiH2N3O,
mp-766058,Na(Fe2O3)4,
mp-766772,LiFePO4,
mp-759069,B(HO)3,
mp-758880,LiCuPO4,
mp-28481,Ti(ClO4)4,
mp-34144,MgAl2O4,
mp-29884,ZnNi10P3,
mp-26513,LiCuPO4,
mp-34237,Mn2CuO4,
mp-21554,P3Pb5O12F,
mvc-9739,Mg(CuO2)2,
mp-28623,Li4Ge5O12,
mp-21584,Ta11(CoSe4)2,
mp-28685,Ba8Ni6N7,
mp-21656,Ta11(FeSe4)2,
mp-39460,Ca5P3ClO12,
mp-34569,Mg(FeO2)2,
mp-504748,P3Pb5ClO12,
mp-30141,Be(N3O7)2,
mp-27318,Sb3(BrF8)2,
mp-504946,Nb2P4O15,
mp-17777,Sr5As3O12F,
mp-21916,Sm(Ni2P)2,
mp-28891,Li7TaO6,
mp-21931,Sc11(AlGe4)2,
mp-21941,Th(Fe2P)2,
mp-28903,Zr6FeCl14,
mp-28913,Ti6CCl14,
mp-30305,Sr11Bi10,
mp-3564,BaSc2O4,
mp-35712,Mg(GaO2)2,
mp-17997,BaTi2(P2O7)2,
mp-505372,Np(BH4)4,
mp-18048,LiZnAsO4,
mvc-9736,MgTi2O4,
mp-18147,LiGaSiO4,
mp-18150,K3Lu(PO4)2,
mp-36775,SrAl2O4,
mp-18220,LiAlSiO4,
mp-37312,Na(La2Se3)4,
mp-30535,Li2BeH4,
mp-30540,V(NiP4)4,
mp-30541,Nb(NiP4)4,
mp-30542,Ni4P16W,
mp-38090,Fe2CuO4,
mp-38347,Ca(Pr2Se3)4,
mp-29303,Tl4Sn5S12,
mp-38586,Ca(Nd2Se3)4,
mp-29357,Zr6CCl14,
mp-29358,Zr6BCl14,
mp-18902,Li2WO4,
mp-30624,Dy11Sn10,
mp-40373,In14Ga3Pt2O8F15,
mp-31537,LiCoPO4,
mp-31541,LiCoPO4,
mp-40573,FeCu2H21(O5F4)2,
mp-30703,Hf11Ga10,
mp-554947,NaSiBO4,
mp-542629,Rb2Mo9Se10,
mp-5360,Ba3Nb16O23,
mp-559223,GdH6C4NO9,
mp-567225,SiNi2(P2O7)2,
mp-569271,Cr3(P2O7)2,
mp-540125,LiMnPO4,
mp-571435,Hg2H10C3NCl5,
mp-540145,Fe(PO3)5,
mvc-9840,Ca(CuO2)2,
mp-756818,LiSiBiO4,
mp-558207,Eu5Si3O12F,
mp-706913,BeH8(NO5)2,
mp-765665,VP2H8(NO4)2,
mp-762881,Li3Mn(PO4)2,
mp-673846,La2CuO4,
mp-761744,LiCoPO4,
mp-763339,Fe7(SiO6)2,
mp-764125,Li4Mn2(PO4)3,
mp-649878,Sn(S4I)4,
mp-761702,LiCoPO4,
mp-675797,Zn7(SbO6)2,
mp-772064,BaLaCl5,
mp-761379,Li3V(PO4)2,
mp-850470,Mn(PO3)5,
mp-623382,BaFe2(P2O7)2,
mp-779703,Na4Sn5O12,
mp-762678,LiFeSiO4,
mp-867727,Li5(BiO3)4,
mp-761487,Li3Cr(PO4)2,
mp-641703,Li7P3S11,
mp-707958,PH9C2N4O5,
mp-779269,LiMnF5,
mp-707840,Na2Si(H5O4)2,
mp-763874,KV6O14,
mp-669340,CdI2,
mp-779220,Li2Cr3P9O28,
mp-762813,Li2Mn5(FeO6)2,
mp-761600,Zn2Fe7O12,
mp-554918,BaY6Si3B6(O12F)2,
mp-707250,CaZn2(H5O4)2,
mp-680246,Cs4Zr3S14,
mp-773944,Li4Mn2(PO4)3,
mp-773927,Li4Co2(PO4)3,
mp-703343,Li2Sn(H5O4)2,
mp-763668,Li2Mn3P9O28,
mp-699691,Mn7SbAsO12,
mp-759696,Li2Bi3P9O28,
mp-722904,Na5P3H2O11,
mp-849690,LiFe4(BO3)4,
mp-561305,BaZnSiO4,
mvc-10142,Mg(FeO2)2,
mp-557101,Sn(S4I)4,
mp-557109,Na4Zr2(GeO4)3,
mp-568190,La8C8Cl5,
mp-571643,Yb11Ge10,
mp-557176,Ba5B4(O5F)2,
mp-561458,Na4Sc2(PO4)3,
mp-561462,Ba2Nd2Si4O13,
mp-9380,SrGe4O9,
mp-5730,Ba(BO2)2,
mp-557347,Ca2As3Pb3ClO12,
mp-554066,Ba3Lu2Zn5O11,
mp-557381,Rb3U3Ge2O13,
mp-540626,NiH8(IO5)2,
mp-542264,BaNaCe2C4O12F,
mp-31777,LiFePO4,
mp-557482,Ca5As3O12F,
mp-540659,Ba(BO2)2,
mp-554286,La6Ti2S8O5,
mp-557665,K3Sn5Cl3F10,
mp-578752,Sr11InSb9,
mp-554236,Ca5P3ClO12,
mp-569811,Yb11GaSb9,
mvc-9952,ZnCr2O4,
mp-554819,MgP4(Cl5O3)2,
mp-561966,Rb2U(N2O7)2,
mp-581150,Cs2Te10Mo9,
mp-504805,Cs(Zr3I7)2,
mp-558288,CdAs2S2(OF3)4,
mp-558187,K2Mo(I2O7)2,
mp-774562,Cr3(P2O7)2,
mp-31940,LiMnPO4,
mp-554853,Na4Si3(SnO6)2,
mp-558320,K3U3Si2O13,
mp-558349,Ba5P3ClO12,
mp-555472,Na4Zr2(SiO4)3,
mp-558455,Na4Li5(BO3)3,
mp-540900,B2PdO4,
mp-582034,SiC,213.2248392
mp-558607,K3BSb4O13,
mp-558680,Ba2Zn(BO2)6,
mp-558768,Ag2TeO4,
mp-772633,SrSc2O4,
mp-773718,Li4Fe2(PO4)3,
mp-853220,Ni3(P2O7)2,
mp-762614,Li2TiMn3O8,
mp-773629,Li4Ni2(PO4)3,
mp-773608,Li2Mn3(SeO3)4,
mp-772564,NiH8(CO5)2,
mp-765514,Na4Mn5O12,
mvc-10154,MgV2O4,
mp-769606,LiZn4Fe13O24,
mp-766597,Li4Ti5S12,
mp-677406,CuH12N2(Cl2O)2,
mp-721415,CuH12N2(Cl2O)2,
mp-559390,CaAl2O4,75.57080529
mp-762531,Li2Ti2V5O12,
mp-770215,Li8Mn3V(PO4)6,
mp-766337,Ba6CaI14,
mp-766330,Ba6CaI14,
mp-770206,Li8Mn3V(PO4)6,
mp-645291,As3Pb5ClO12,
mp-703589,K4Ti2H2O5F8,
mp-703542,CdH8(NO5)2,
mp-23643,Cd5P3ClO12,
mp-770171,Li4MnV(PO4)3,
mp-776575,BaTm2O4,
mp-763445,Li2V3P9O28,
mp-763444,Li5V(PO4)3,
mp-770136,Li4MnV(PO4)3,
mp-606617,CuSb2(XeF8)2,
mp-770122,Li8TiMn3(PO4)6,
mp-766110,LiMnV(P2O7)2,
mp-850920,LiMn4(BO3)4,
mvc-12178,Zn(FeO2)2,
mp-36738,Fe2CoO4,
mp-758037,Li2Ti3P9O28,
mp-698416,CdH12C2(NCl2)2,
mp-778532,Li2FeF4,
mp-765363,Li2VF4,
mp-850455,LiFe4(BO3)4,
mp-676330,Nb12Br17F13,
mp-765344,Li8NbNi3(PO4)6,
mp-773214,Gd2W4O15,
mp-850429,LiFe4(BO3)4,
mp-765328,Li8VNi3(PO4)6,
mp-676269,Yb2FeS4,
mp-771826,BaTl2O4,
mp-768285,Be2GeO4,
mp-764533,Li2Fe7(OF2)4,
mp-772942,Cu3(P2O7)2,
mp-757722,BaZnGeO4,
mp-772925,Li4Ti5O12,
mp-761479,CoH8(IO5)2,
mp-777185,Li4V2(PO4)3,
mp-707276,TeH9SN2O5F3,
mp-780879,LiMn3P3(HO6)2,
mp-707096,K2P3H7O9,
mp-695295,H22RuN7(ClO2)4,
mp-757594,Os(OF2)2,
mp-758002,Li3Sn(PO4)2,
mp-849720,LiFe4(BO3)4,
mp-762680,Li2Fe3P9O28,
mp-849704,LiFe4(BO3)4,
mp-765608,Na7Mn11O24,
mp-583712,Si3N4,
mp-559965,Sr5As3ClO12,
mp-585400,LiFePO4,
mvc-10098,ZnCr2O4,
mp-541108,Cd2Si(P2O7)2,
mp-695936,GeH10(N2F3)2,
mp-762681,LiFeSiO4,
mp-32327,LiNiPO4,
mp-32350,LiNiPO4,
mp-555730,Na2Ca3Al2F14,
mp-541186,MnH10SO9,
mp-560246,LiUP(H4O5)2,
mp-6669,Sr5P3O12F,74.51840165
mvc-15147,V3(P2O7)2,
mp-569161,K2La6OsI12,
mp-541274,BaV2(P2O7)2,
mp-16981,Sm5Si3O13,
mp-560186,BaMgSiO4,
mp-570504,Yb11InSb9,
mp-541478,NaCo3P3(HO6)2,
mp-541479,NaCo3As3(HO6)2,
mp-565651,Pr2Mo4O15,
mp-541626,K3Nb3Ge2O13,
mp-541735,K4Ti3S14,
mp-941,Ni5As2,
mp-505707,Tb2Mo4O15,
mp-541819,Rb2Hg(BSe)9,
mp-9994,Ho11Ge10,
mp-542012,Rb4Hf3S14,
mp-542011,Cs4Ti3S14,
mp-542013,Rb4Zr3Se14,
mp-542043,K4H6C2O9,
mp-542063,Rb4H6C2O9,
mp-542067,Rb4Ti3S14,
mp-570651,Al17Mo4,
mp-542293,Ba11Bi10,
mp-565819,Ca5V3O12F,
mp-542428,Ba11Sb10,
mp-510036,Fe2Cu(P2O7)2,
mp-556078,MgAs2(XeF8)2,
mvc-9580,Ca(CuO2)2,
mp-566586,Pr2Te4MoO14,
mp-16855,K3Ta3Si2O13,
mp-560533,CuH8C4(NO3)2,
mp-560544,Ba3Zn5In2O11,
mp-566059,Nd2Te4MoO14,
mp-556689,KZrF5,
mp-25705,NaMn3P3(HO6)2,
mp-772798,BaLa2O4,
mp-25781,Ni3AgP3(HO6)2,
mp-734160,NaH5(SO4)3,
mp-743994,V2Ni(H4O5)2,
mp-556703,Ba3Mg(SiO4)2,
mp-24884,Co2Si(P2O7)2,
mp-556737,Pr6Ti2S7O6,
mp-24920,Li2CrO4,
mp-556761,Ba5As3ClO12,
mp-745106,MnP2(H4O5)2,
mp-769588,Li3V2S2(O4F3)2,
mp-698274,ZnH8(CO2)4,
mp-764738,LiFe4(BO3)4,
mp-697008,CuH12N2(OF2)2,
mp-764723,LiFe4(BO3)4,
mp-761510,Mg2Co7O12,
mp-600369,V3H8C2NO7,
mp-771267,LiZnFe7O12,
mp-764677,LiFe4(BO3)4,
mvc-9438,Ti2ZnO4,
mp-768732,Ba6SrI14,
mp-768674,Cs4Zr3Se14,
mp-849474,Li2Mn5(CuO6)2,
mp-757324,CeZr6O14,
mp-774182,Li3Cr(PO4)2,
mp-764620,LiFe4(BO3)4,
mp-764617,LiFe4(BO3)4,
mp-605120,CuH10SO9,
mp-764567,LiFe4(BO3)4,
mp-764536,LiFe4(BO3)4,
mp-757493,Ti11H7O24,
mp-768355,BaYF5,
mp-698313,Rb2CuH4(C2O5)2,
mp-849520,LiCo3(SiO4)2,
mp-757853,Na4Ti5O12,
mp-757428,Cd2Si(P2O7)2,
mp-667323,Mg(GaS2)2,
mp-667309,Li2SeO4,
mp-1007768,ZnHCO4,
mp-771093,Li3Cr10Fe5O24,
mp-744790,CrH10SO9,
mp-768099,V4Si4O13,
mp-696156,Ca3Si2(H3O5)2,
mp-604996,CuH12N2(Cl2O)2,
mp-768078,Cr4Si4O13,
mp-24958,Na4Fe2(PO4)3,
mp-556760,Nb2P4O15,
mp-25023,Mn2Si(P2O7)2,
mp-505299,Ho2Mo4O15,
mp-25486,CoH8(IO5)2,
mp-561052,Ba4Na2CaTi3Si4(SO13)2,
mp-25684,Co3AgP3(HO6)2,
mp-561125,Ba5P3BrO12,
mp-542221,MnH10SeO9,
mp-566234,Sr5Cr3ClO12,
mvc-10048,MgMn2O4,
mvc-10075,Ca(NiO2)2,
mvc-10046,Ca(CoO2)2,
mvc-10063,Zn(NiO2)2,
mvc-10159,CaCr2O4,
mvc-10181,CaMn2O4,
mp-762935,LiCoSiO4,
mp-762807,LiFeSiO4,
mvc-9468,Mg(BiO2)2,
mvc-9479,Ca(BiO2)2,
mvc-9500,Zn(AgO2)2,
mvc-9497,Mg(AgO2)2,
mvc-9489,Ca(AgO2)2,
mvc-9513,CaTi2O4,
mvc-9476,Mg(SbO2)2,
mvc-9524,Mg(SnO2)2,
mvc-9533,Zn(SnO2)2,
mvc-9491,Zn(CuO2)2,
mvc-9719,Mg(BiO2)2,
mvc-9733,Ca(BiO2)2,
mvc-9695,Ca(SnO2)2,
mvc-9698,Ca(SbO2)2,
mvc-9746,Ca(SbO2)2,
mvc-9724,Zn(SbO2)2,
mvc-9831,Mg(SbO2)2,
mvc-9752,Zn(AgO2)2,
mvc-9839,Zn(SbO2)2,
mvc-10184,Mn2ZnO4,
mvc-10186,Mg(MoO2)2,
mvc-10235,CaV2O4,
mvc-10189,Zn(MoO2)2,
mvc-10172,CaV2O4,
mvc-10203,Mg(WO2)2,
mvc-10210,Zn(WO2)2,
mvc-10204,Ca(MoO2)2,
mvc-10190,MgMn2O4,
mvc-10242,Ca(FeO2)2,
mvc-10236,Mg(NiO2)2,
mvc-10243,Ca(WO2)2,
mvc-16266,Al2NiO4,
mvc-560,Sn3(P2O7)2,
mvc-5437,Zn(BiO2)2,
mvc-519,Ti3(P2O7)2,
mvc-5849,CaMn2O4,
mvc-9967,CaCr2O4,
mvc-6365,Zn(MoO2)2,
mvc-1031,P4W3O14,
mvc-10308,Mg(MoO2)2,
mvc-10379,Ca(MoO2)2,
mvc-10370,Zn(MoO2)2,
mvc-10378,CaMn2O4,
mvc-10371,Mn2ZnO4,
mvc-10385,Ca(FeO2)2,
mvc-10423,Zn(WO2)2,
mvc-10457,Mg(WO2)2,
mvc-10486,Ca(WO2)2,
mvc-9744,CaTi2O4,
mp-698417,MnH12C2(NCl2)2,
mp-757917,Be(GaO2)2,
mp-707273,U(BH4)4,
mvc-9774,Zn(SnO2)2,
mvc-9787,Ca(AgO2)2,
mvc-9751,Mg(AgO2)2,
mvc-9725,Zn(CuO2)2,
mvc-9750,Mg(SnO2)2,
mvc-9905,Ca(SnO2)2,
mp-762816,Li3Fe(PO4)2,
mp-757434,LiSi6Bi9O26,
mp-27298,Ca11Bi10,
mvc-16335,Al2FeO4,
mp-765174,LiVCr(P2O7)2,
mp-778071,BaYF5,
mp-762889,Li3Co2(CO3)4,
mp-765127,LiVFe(P2O7)2,
mp-690550,Co7(RuO6)2,
mp-16316,Co5As2,
mp-1022803,CoHCO4,
mp-16475,Sr11Sb10,
mp-12241,Ca11Sb10,
mp-14526,Na4Hf2(GeO4)3,
mp-42091,K3Sn2S3ClO12,
mp-42163,Ca10Si3S3(ClO12)2,
mp-29457,Ba2Cu5F14,
mp-42392,CoH22N7(ClO2)4,
mp-24399,MgH10SO9,
mp-24469,CaAl4Si2(HO6)2,
mp-560632,NaGaSiO4,
mp-24566,MgH8(IO5)2,
mp-22744,Ta11(NiSe4)2,
mp-28168,Th6CBr14,
mp-24892,Co7(AsO6)2,
mp-4597,Y2B5Pd14,
mp-16947,LiAlGeO4,
mp-4622,Li2BeF4,
mp-33335,MgAl2O4,
mp-25063,BaMo2(P2O7)2,
mp-29722,Ca11InSb9,
mp-17056,LiZnPO4,
mp-28344,Zr6CI14,
mp-4855,Li2SeO4,
mp-4870,Cu(BO2)2,
mp-23121,Sr5P3ClO12,65.84006777
mp-25773,Mn8Cl3O10,
mp-25789,Ba5V3ClO12,
mp-23141,Sr5P3BrO12,63.2008345
mp-19949,Sc2Cu2Ge4O13,
mp-28474,S7(N3O4)2,
mp-42307,Ba2Ce3Si3O12F,
mp-3347,Be2SiO4,
mp-1003767,NaMn2O4,
mp-1094021,Zn(GaS2)2,
mp-1019545,Be(PN2)2,
mp-1003765,Mn2HO4,
mp-17035,K3Sc(PO4)2,
mp-28356,U6Cu2S13,
mp-1096871,BaNb4(FeO7)2,
mp-722246,SiH10(O2F3)2,
mp-1096912,CrN2,
mp-29885,Ni10SnP3,
mvc-9460,MgTi2O4,
mp-1097867,LiMn2O4,
mp-34978,Al2FeO4,
mp-540180,Cr3(P2O7)2,
mp-34425,Zn(FeO2)2,
mp-585236,LiCoPO4,
mp-540486,Fe3(P2O7)2,
mp-34234,Al2NiO4,
mp-34728,Al2CuO4,
mp-34140,Zn(FeO2)2,
mp-585404,LiCoPO4,
mp-796200,Sr5Cr3O12F,
mp-24103,CuH12Br4(NO)2,
mp-560324,Rb3Hg2S3ClO12,
mp-851264,LiMnPO4,
mvc-9963,V2ZnO4,
mvc-10122,Mg(NiO2)2,
mp-621932,K(Zr3I7)2,
mp-1094152,CeSe2,
mvc-10171,Ca(CoO2)2,
mp-6473,Ca5P3O12F,83
mp-761433,LiCrPO4,
mvc-9917,Mg(FeO2)2,
mp-25477,CoP2(H4O5)2,
mp-761713,LiFeSiO4,
mp-570644,Ba14Na21CaN6,
mp-554279,Tl3Hg2S3ClO12,
mp-758203,Sb8Cl2O11,
mp-615993,SiO2,
mp-562665,MnAs2S2(OF3)4,
mp-541156,Ge4PbO9,
mp-763652,Fe13Cu5O24,
mp-5492,SrAl2O4,79.30955684
mp-720417,CuH10SO9,
mp-705555,Fe10O11,
mvc-15103,Zn(FeO2)2,
mp-3848,BaGe4O9,
mp-542954,NiP2(H4O5)2,
mvc-10051,Zn(CoO2)2,
mvc-10130,V2ZnO4,
mp-705626,Mn2CuO4,
mp-861062,LiMnPO4,
mp-34782,Al2FeO4,
mp-37621,Al2CoO4,
mp-861174,Li3Fe(PO4)2,
mvc-16141,Al2CuO4,
mvc-10211,Zn(NiO2)2,
mp-38870,Ca(Ce2Se3)4,
mp-32433,V(PO3)5,
mp-569451,Sb2Pd5,
mp-662815,Mn(GaS2)2,
mp-34493,Mg(FeO2)2,
mp-36711,Na(Sm2Se3)4,
mp-581913,Sr11(Ge2N3)2,
mp-583042,Ce8C8Cl5,
mp-34472,Na(Nd2Se3)4,
mp-17402,Yb11Sb10,
mp-34713,Na(Pr2Se3)4,
mp-34196,Ca(Sm2Se3)4,
mp-18859,Sr5Cr3O12F,
mp-34412,Sr(La2Se3)4,
mp-26796,Cu5P3O13,
mp-540443,LiCrPO4,
mp-861552,Li3Mn(PO4)2,
mp-1016095,LiMn2O4,
mp-34461,Li7Mn11O24,
mp-633207,NiH8(IO5)2,
mp-705579,Mg(FeO2)2,
mp-32394,Ni3(P2O7)2,
mp-775249,Cr3(P2O7)2,
mp-540500,Co3(P2O7)2,
mp-705891,FeCu2H21(O5F4)2,
mp-714908,Fe10O11,
mp-16804,LiCaPO4,
mp-21763,Nd(Cu2P)2,
mp-562086,P3Pb5O12F,
mp-867656,LiH2N3O,
mp-766091,Li4La5Ti6Nb2O26,
mp-764971,Li3Fe8(BO3)8,
mp-698648,K3(MoO3)10,
mp-764941,Li3Fe8(BO3)8,
mp-764938,Li3Fe8(BO3)8,
mp-850268,Li3Fe8(BO3)8,
mp-675248,Sr4Bi14O25,
mp-757395,Li11(RuO3)8,
mp-764750,Li3Fe8(BO3)8,
mp-774948,V7(WO5)6,
mp-762513,Li7(NiO2)12,
mp-868032,Pb13(N2O13)2,
mp-765374,Li6Ni11(OF12)2,
mp-684943,Ta22O21,
mp-705582,Mg9V10O24,
mp-764257,W7(OF5)6,
mp-676704,Yb10Ti6O27,
mp-770123,Li9TiMn3(PO4)6,
mvc-15011,Ca3Nd4Nb6(FeO14)2,
mp-853224,Ti7(WO5)6,
mp-764874,Li3Fe8(BO3)8,
mp-764815,Li3Fe8(BO3)8,
mp-764796,Li3Fe8(BO3)8,
mp-769432,Co15O28,
mp-766286,Bi8Rh8O27,
mp-764382,Li6Mn11(OF12)2,
mp-766084,Li7Nb12O24,
mp-29954,Tb16B4Br23,
mp-34439,Tb10Ti6O27,
mp-35618,Lu10Ti6O27,
mp-505456,V6Cu11O26,
mp-24272,CaH20C4S4(NO6)2,
mp-24273,CdH20C4S4(NO6)2,
mp-36806,Fe11(NiO3)8,
mp-37024,Ho10Ti6O27,
mp-37310,Dy10Ti6O27,
mp-37727,Er10Ti6O27,
mp-37843,La12Ni6O25,
mp-38468,Li7Ti12O24,
mp-38819,Ho10Ti6O27,
mp-764192,Li6Co11(OF12)2,
mp-685371,Ge9(Sb5Te12)2,
mp-761428,Li3Fe8(BO3)8,
mp-675759,Tm10Ti6O27,
mp-774421,Li3Fe8(BO3)8,
mp-763826,V12PbO30,
mp-540553,Te7(OF5)6,
mp-767548,Ti4(Ni5O8)3,
mp-763627,Li17(Co4O9)2,
mp-766609,Li3Fe8(BO3)8,
mp-676473,Te6H6S(Cl13O2)2,
mp-766064,Li3Fe8(BO3)8,
mp-766060,Li3Fe8(BO3)8,
mp-850471,Li3Fe8(BO3)8,
mp-560028,UTe6(OF5)6,
mp-691120,Na3(WO3)10,
mp-561164,K3(MoO3)10,
mp-560802,Te7(OF5)6,
mp-556854,Te6Mo(OF5)6,
mp-566764,Tl3(MoO3)10,
mp-757458,Tl8Os8O27,
mp-757862,K4Nb15O24,
mp-764741,Li3Fe8(BO3)8,
mp-764722,Li3Fe8(BO3)8,
mp-764672,Li3Fe8(BO3)8,
mp-764660,Li3Fe8(BO3)8,
mp-764621,Li3Fe8(BO3)8,
mp-662567,Nd12Cu6O25,
mp-764591,Li3Fe8(BO3)8,
mp-764590,Li3Fe8(BO3)8,
mp-676889,Ba11(Ta3S13)2,
mp-764546,Li3Fe8(BO3)8,
mp-764545,Li3Fe8(BO3)8,
mp-764535,Li3Fe8(BO3)8,
mp-764529,Li3Fe8(BO3)8,
mp-764525,Li3Fe8(BO3)8,
mp-764524,Li3Fe8(BO3)8,
mp-764517,Li3Fe8(BO3)8,
mp-764515,Li3Fe8(BO3)8,
mp-764513,Li3Fe8(BO3)8,
mp-764506,Li3Fe8(BO3)8,
mp-757399,La12Cu6O25,
mp-774176,Li2V12O29,
mp-765210,W7(OF5)6,
mp-690848,CdH20C2S2(NO2)6,
mp-777974,Li3Fe8(BO3)8,
mp-34015,Mg10(Fe3O8)3,
mp-29807,Hf27P16,
mp-763805,Na7(WO3)9,
mp-615973,K3(MoO3)10,
mp-27276,Si12Ni31,198.7572197
mp-36529,Na3(WO3)10,
mp-650963,Tl3(MoO3)10,
mp-699359,Mg10(Fe3O8)3,
mp-649516,Te6Mo(OF5)6,
mp-765058,Li2VCr(P2O7)2,
mp-768437,Li2Bi(BO3)2,
mp-763828,Li2Co(CO3)2,
mp-698594,Sm2Mo2O7,
mp-768524,Ge2As2O7,
mp-768091,Li4Ni7O11,
mp-850994,LiMn2(BO3)2,
mp-28996,Ag4Bi2O5,
mp-767948,LiNiP2O7,
mp-850763,LiCrP2O7,
mp-850921,LiMn2(BO3)2,
mp-850885,LiMn2(BO3)2,
mp-9637,K3NpO2F5,
mp-699565,KV3Cu5O13,
mp-5616,Sr2P2O7,
mp-745175,CrH12(ClO2)3,
mp-764904,LiFe2(BO3)2,
mp-767662,Li3Fe3(BO3)4,
mp-757559,LiBiP2O7,
mp-8447,K5Ti3F14,
mp-767643,Li3Mn2Fe(BO3)4,
mp-782650,LiMnP2O7,
mp-767638,Li3Mn3(BO3)4,
mp-8346,Lu2Ge2O7,
mp-850085,LiMnP2O7,
mp-850462,Li4MnV3(P2O7)4,
mp-696812,B3H7N,
mp-767134,Sn2P2O7,
mp-698032,Na3H7Ru,
mp-669525,Sb3Pd8,
mp-775377,Li3V6O13,
mp-669410,K2Mn(SnSe3)2,
mp-752425,Dy2Ti2O7,
mp-757797,LiTiP2O7,
mp-766026,RbCuSb2H2Se4O,
mp-603940,FeH12C4NCl4,
mp-695026,NaYb3Ti2(SbO7)2,
mp-744208,Rb2CrH2Cl5O,
mp-771816,Gd3NbO7,
mp-760957,NaCuP2O7,
mp-764588,LiFe2(BO3)2,
mp-763845,V3O7F,
mp-782011,Gd2Nb2N2O5,
mp-759596,LiBiP2O7,
mp-764520,LiFe2(BO3)2,
mp-764514,LiFe2(BO3)2,
mp-759122,LiBiP2O7,
mp-759029,LiBiP2O7,
mp-704988,Ni2(PO3)5,
mp-764301,K2LiVPO6,
mp-669448,Ba(C2N3)2,
mp-778375,La2Nb2N2O5,
mp-778342,Li4MnV3(P2O7)4,
mp-698622,Sr10Mn5Zn9(AsO)10,
mp-735518,FeH2Cl5O3,
mp-849727,La2Nb2N2O5,
mp-849661,La2Nb2N2O5,
mp-723020,Al2Si2H5C2NO10,
mp-662527,Ce2Si2O7,
mp-6571,BaCuAs2O7,
mp-763864,Li2VCr(P2O7)2,
mp-745113,Co3C9SeO9,
mp-653586,CuS4(N2Cl)2,
mp-21611,Na2InCuF7,
mp-761667,NaV6O15,
mvc-13193,ZnCoP2O7,
mp-651726,Ni3P4PbO14,
mp-720380,CuP2(HO3)2,
mp-771652,Ti2Sb2O7,
mp-651178,CsMoP2O7,
mp-771647,La2Pt2O7,
mp-6785,K3UO2F5,
mp-763374,LiVP2O7,
mp-780721,Na4Bi2O5,
mp-684059,LiTi(PO3)5,
mvc-12020,CaMnSi2O7,
mvc-12007,Y2(CuS2)3,
mp-677151,YbTiCdSbO7,
mp-761359,V6AgO15,
mp-762789,LiMnP2O7,
mp-762788,LiMnP2O7,
mp-683675,U2MoO8,
mp-779858,Sm3NbO7,
mp-680850,Ti8S3,
mp-762602,Li5Fe5O12,
mp-762528,Li5Cr5O12,
mp-680308,Re(Se2Cl3)2,
mp-779582,Rb19O3,
mp-780428,Na4Bi2O5,
mp-762490,LiFeP2O7,
mp-762487,LiFeP2O7,
mp-780342,Gd2Zr2O7,
mp-762468,LiFeP2O7,
mp-762449,Li7Ni13O24,
mp-781616,LiMn2(BO3)2,
mp-624383,Na2VCuF7,
mp-781608,LiMn2(BO3)2,
mp-989466,B2(CN2)3,
mp-762420,Li5Mn5O12,
mp-762417,Li5Mn5O12,
mp-780096,LiMn2(BO3)2,
mp-779145,Lu3TaO7,
mp-772149,Sm2Ge2O7,
mp-30430,Ba10Ga,
mp-762355,LiTiP2O7,
mp-6290,NaInP2O7,
mp-628967,SrCrP2O7,
mp-6272,NaEuP2O7,
mp-6245,K5Nb4O12F,
mp-989468,B2(CN2)3,
mp-769473,Li13Ni9O22,
mp-861148,LiNi5P3O13,
mp-762200,LiP2WO7,
mp-705332,LiCoP2O7,
mp-6016,NdAlGe2O7,
mp-705295,LiNiP2O7,
mp-5732,La2Si2O7,
mp-705363,LiMnP2O7,
mp-5913,Pr2Si2O7,
mp-622135,V2Ni2O7,
mp-763150,V6CuO15,
mp-704940,LiMnP2O7,
mp-861129,Li2Si5Ni2O13,
mp-1006588,Zn3In2O6,
mp-769527,Li2MgCo13O28,
mp-769517,NaMnPCO7,
mp-764794,Li2Mn2F7,
mp-769384,Li3NbOF6,
mp-764785,Li3V2(O2F)2,
mp-775526,NaMnPCO7,
mp-646920,K5(AsPb)3,
mp-704223,YbFeGe2O7,
mp-772850,La2Hf2O7,
mp-780586,LiCoP2O7,
mp-561259,Na3NbOF6,
mp-767828,Li2Fe(BO3)2,
mp-767824,Li2Mn(BO3)2,
mp-767819,LiCoP2O7,
mp-767811,CoH4SeO5,
mp-767803,P2WO8,
mp-780118,Na4Ni2O5,
mp-767795,LiFeP2O7,
mp-30701,Sc3(Ga3Fe)2,
mp-780500,LiMn2(BO3)2,
mp-680371,RbPuP2S7,
mp-680370,CsPuP2S7,
mp-680309,Mo2NCl8,
mp-771499,LiFePCO7,
mp-772305,Y2Bi2O7,
mp-705340,LiVP2O7,
mp-780334,LiMn2(BO3)2,
mp-705030,LiCr(PO3)5,
mp-705331,LiNiP2O7,
mp-705011,LiFeP2O7,
mp-705004,LiNi(PO3)5,
mp-705001,LiCrP2O7,
mp-705301,LiCoP2O7,
mp-705291,LiCrP2O7,
mp-995204,H4C6O,
mp-704810,K2Cr2O7,
mp-704753,Hg2Mo2O7,
mp-705361,LiCrP2O7,
mp-705357,LiMnP2O7,
mp-771466,Li2Cr2O7,
mp-775400,NaMnPCO7,
mp-764248,Li2VCr(P2O7)2,
mp-764239,Li2VCr(P2O7)2,
mp-767567,P2WO8,
mp-762005,Li2Fe(CO3)2,
mp-687204,NdReMoO8,
mp-652001,MoPCl8O,
mp-762423,Li5Fe5O12,
mp-686936,UV2O8,
mp-651934,CsCrP2O7,
mp-651847,GdGaGe2O7,
mp-771323,Tm2Ti2O7,
mp-31130,ErNi7B3,
mp-775269,LiFe2(BO3)2,
mp-775226,LiMn2(BO3)2,
mp-779885,Li2MnV(P2O7)2,
mp-779884,Sr5W3O14,
mp-779871,Na4Co2O5,
mp-779869,Li2MnV(P2O7)2,
mp-779842,Li2MnV(P2O7)2,
mp-770893,Li4Fe2O5,
mp-767419,NaPH2OF6,
mp-779763,Tb2Ti2O7,
mp-770131,LiFePCO7,
mp-770927,Sm3TaO7,
mp-770773,Rb2S2O7,
mp-684489,LiBiP2O7,
mp-684446,LiSnP2O7,
mp-684120,LiCuP2O7,
mp-684109,LiBiP2O7,
mp-684106,LiSbP2O7,
mp-684090,LiSbP2O7,
mp-762281,Li5V5O12,
mp-683997,Ce3NbS3O4,
mp-779312,Li2Mn(BO3)2,
mp-684861,NaYbTiNbO6F,
mp-641167,Ag2Mo2O7,
mp-860956,Rb4Sb2O5,
mp-860792,H6C2SBr2,
mp-770678,Li2Cr2O7,
mp-779247,Li2MnV(P2O7)2,
mp-763873,Li2Ni(CO3)2,
mp-763868,Li2VCr(P2O7)2,
mp-763862,Li2VFe(P2O7)2,
mp-763861,Li2VFe(P2O7)2,
mp-763855,Li2VCr(P2O7)2,
mp-763852,Li2VFe(P2O7)2,
mp-735545,Rb2FeH2Cl5O,
mp-770993,Eu3NbO7,
mp-770748,Gd3TaO7,
mp-770745,Li2Cr2O7,
mp-680653,Yb8In3,
mp-763825,Na2LiVPO6,
mp-680571,Tc(CO)5,
mp-680339,Mn4Si7,
mp-763803,Li2Mn2F7,
mp-6096,TlHg(AsS2)3,
mp-763794,Li2Mn2F7,
mp-734019,Na2Zn(HO)4,
mp-680387,PrYSi2O7,
mp-766966,K2InH2Cl5O,
mp-760131,Li2Cu2F7,
mp-760103,Sr15Pd5O24,
mp-770642,Li2MnSO4F3,
mp-637196,K2Pt(CN)4,
mp-759933,Li2Sn(BO3)2,
mp-759926,Li2Ti(BO3)2,
mp-866649,NaSc(BH4)4,
mp-759894,Bi7(O2F3)3,
mp-778663,Ti4O7,
mp-760304,Li2Cu2F7,
mp-779096,Tm3TaO7,
mp-760188,Nb3O7F,
mp-778811,Li2Fe(BO3)2,
mp-759728,Sb7(O2F3)3,
mp-679962,Ti8Se3,
mp-763651,LiVP2O7,
mp-759707,Sb4O5F2,
mp-763642,LiFeP2O7,
mp-759673,LiBiP2O7,
mp-759667,Li2Sn(BO3)2,
mp-778770,Li2MnV(P2O7)2,
mp-759498,LiSbP2O7,
mp-759493,LiSbP2O7,
mp-723540,K6BiH3(Cl2F)4,
mp-759455,LiSbP2O7,
mp-763596,Fe2C2O7,
mp-680057,Sb3Pd8,
mp-773646,InP2H9(NO4)2,
mp-679985,Ba3In4(CuO4)3,
mp-763583,LiVP2O7,
mp-722280,LiCuH4Cl3O2,
mp-722245,K2H2C2S2N2O,
mp-763562,LiVP2O7,
mp-770289,Ho2Zr2O7,
mp-764878,LiFe2(BO3)2,
mp-763554,LiVP2O7,
mp-764864,LiFe2(BO3)2,
mp-769500,NaMnPCO7,
mp-775613,NaMnPCO7,
mp-677288,Mg5AlH21O17,
mp-769484,NaMnPCO7,
mp-769469,NaMnPCO7,
mp-770248,LiMnPCO7,
mp-764799,LiFe2(BO3)2,
mp-764797,Li3V2(O2F)2,
mp-770238,LiMnPCO7,
mp-770237,LiMnPCO7,
mp-780329,Li2MnV(P2O7)2,
mp-742819,MoH12Pd(NO)4,
mp-764757,Li3V2(O2F)2,
mp-769346,Y2Ge2O7,
mp-758899,Sb2OF8,
mp-764490,LiFe2(BO3)2,
mp-764489,LiFe2(BO3)2,
mp-764483,LiFe2(BO3)2,
mp-763494,Li3V2(O2F)2,
mp-764482,LiFe2(BO3)2,
mp-758829,Nb2OF8,
mp-758780,LiBiP2O7,
mp-763478,LiP2WO7,
mp-764469,LiFe2(BO3)2,
mp-764465,LiFe2(BO3)2,
mp-720904,BaH8PtC4(NO)4,
mp-770164,V2SO8,
mp-763457,LiP2WO7,
mp-720857,SbH3SO6,
mp-764447,LiFe2(BO3)2,
mp-720856,KCa(H2N)3,
mp-676801,K7Th6F31,
mp-720901,Na3H6S2NO10,
mp-764421,Li3V2(O2F)2,
mp-764419,Li3V2(O2F)2,
mp-720842,BaH8PtC4(NO)4,
mp-762770,LiMn5P3O13,
mp-720570,Na2PH11O8,
mp-776823,La2Nb2N2O5,
mp-758379,Y11Ta5O28,
mp-758272,Zr4N2O5,
mp-705056,LiVP2O7,
mp-720263,CuH4SeO5,
mp-766068,LiNiP2O7,
mp-867955,Na2Nb3O6,
mp-720554,LiPH4NO3F,
mp-779453,BaNa6O4,
mp-770752,Ce(WO4)2,
mp-760811,Li5Cu3F14,
mp-690094,Mg3V2O6,
mp-770078,LiMnPCO7,
mp-777696,LiCrP2O7,
mp-624769,P2WO8,
mp-29843,Bi2Se2Cl7,
mp-29847,Tb4BBr6,
mp-26129,LiBiP2O7,
mp-17308,Tb2Si2O7,
mp-17359,CsTiP2O7,
mp-29934,Zr6Ag7F31,
mp-504214,LiCoP2O7,
mp-21520,NaCeP2O7,
mp-21527,Na2ScCuF7,
mp-21533,CuP2PbO7,
mp-17404,Y2Si2O7,
mp-31060,Rb4(BS)9,
mp-21532,La2Ge2O7,
mp-31073,Na3B7O12,
mp-19484,BaCaV2O7,
mp-21560,CuAs2PbO7,
mp-21571,La4In5S13,
mp-17461,NaTiP2O7,
mp-26950,Sn2(PO3)5,
mp-17468,SrZrSi2O7,
mp-21582,Nd4In5S13,
mp-21594,Ca9Zn4Sb9,
mp-17495,RbTiP2O7,
mp-21599,Eu2Si2O7,
mp-27129,Y7(O2F3)3,
mp-23408,Tl4Bi2S5,
mp-30051,Si3CCl7,
mp-27189,Si3Cl8,
mp-27191,Zr9S2,
mp-27220,Tl5SbO5,
mp-504740,Eu(Al4Fe)2,
mp-30113,Zr(Se2Cl3)2,
mp-34584,Zr4N2O5,
mp-27238,SbXeF9,
mp-23544,Bi4Br2O5,
mp-30130,Bi4I2O5,
mp-28759,Al7(TlS4)3,
mp-23572,KBiP2S7,
mp-23574,SbPCl8O,
mp-28773,Na4Ga2S5,
mp-27262,Ca9Zn4Bi9,
mp-21795,Yb(Ga4Co)2,
mp-17693,SrCdP2O7,
mp-27286,Ba(Ag3O2)2,
mp-504877,HoB7Mo3,
mp-27313,NbSeF9,
mp-34898,Zr4N2O5,
mp-31285,Cs2PdSe8,
mp-23743,AlH12(ClO2)3,
mp-17799,KCdC3(NO)3,
mp-505071,Si2Pd9,163.277986
mp-17816,Na5AsO5,
mp-21952,Eu(In4Rh)2,
mp-23801,K2H2IrCl5O,
mp-28932,Sn4OF6,
mp-17871,Ca(Al4Co)2,
mvc-13232,CaCo3(P2O7)2,
mp-17897,RbYP2O7,
mp-28985,SbSeCl9,
mp-17922,Ca2P2O7,
mp-505234,BaP2PbO7,
mp-17924,ZnP2PbO7,
mp-35735,Gd2Zr2O7,
mp-23958,YH12(ClO2)3,
mp-17966,KInP2O7,
mp-23989,GdH12(ClO2)3,
mp-29030,ThTl3F7,
mp-31355,Sr3Tl2O6,
mp-22174,Zr3NiSb7,
mp-24065,CaB2H10O9,
mp-29087,Ba2(SnSb2)3,
mp-30446,Ca9Cd4Bi9,
mp-30447,Sr9Cd4Bi9,
mp-24156,CuP2(HO)4,
mp-505451,HS9N,
mp-27623,Na6PbO4,
mp-18130,Nd2Si2O7,
mp-36699,Ce2Y2O7,144.120979
mp-18184,KYbP2O7,
mp-22325,P2Pb2O7,46.23726259
mp-30652,Sc3(MnGa3)2,
mp-18318,Tm2Si2O7,
mp-18321,Hg2Te2O7,
mp-18343,BaMgP2O7,
mp-18348,KGaP2O7,
mp-18367,Yb(Al4Co)2,
mp-29291,I2(OF2)3,
mp-18376,KHgC3(NO)3,
mp-18385,Lu2Si2O7,
mp-18391,Sm2Si2O7,
mp-38284,Ce2Nd2O7,
mp-29306,B5(H2N)2,
mp-18423,CsYbP2O7,
mp-18469,SrMgP2O7,
mp-38807,Y7ReO14,
mp-3916,K2(SO2)3,
mp-18639,La2Si2O7,
mp-39419,NdTiCdSbO7,
mp-18662,Ho2Si2O7,
mp-39684,GdTiCdSbO7,
mp-39770,Zr2P3H4NO12,
mp-40451,NaGd3Ti2(SbO7)2,
mp-40478,NaDy3Ti2(SbO7)2,
mp-40484,NaNd3Ti2(SbO7)2,
mp-40685,NaSm3Ti2(SbO7)2,
mp-41109,Ca3Er3Ge2BO13,
mp-561207,UV2O8,
mp-554942,SbTe(IF2)3,
mp-561226,BTe3(OF5)3,
mp-542622,P4O7,
mp-559160,NaSmSe2O7,
mp-542662,Ga2Te2Cl7,
mp-559210,Ca5Te3O14,
mp-559235,BH11C4NClF4,
mp-559272,K3Sb7(SO3)3,
mp-540068,LiMnP2O7,
mp-567297,CaU(MoO4)4,
mp-540182,LiVP2O7,
mp-542833,Zn3(BO3)2,
mp-540221,LiMnP2O7,
mp-556986,Er2B2Cl2O5,
mp-540352,LiCoP2O7,
mp-758103,YH2(CO3)2,
mp-686833,Sr7LaCu4(BiO3)8,
mp-770064,LiMnPCO7,
mp-758218,LiTiP2O7,
mp-758201,LiTiP2O7,
mp-623862,Rb3Tm2Cu4Br13,
mp-769953,Tb2Ti2O7,
mp-708984,NaH5CO4,
mp-773067,Er3TaO7,
mp-773011,Dy2Ge2O7,
mp-772991,Er2Bi2O7,
mp-620569,K2Zn(CN)4,
mp-619928,Zr(Se2Cl3)2,
mp-767427,LiFe2(BO3)2,
mp-775256,Li4MnV3(P2O7)4,
mp-772840,Sm2Ge2O7,
mp-775238,LiFe2(BO3)2,
mp-758145,LiTiP2O7,
mp-763333,Li3V2(O2F)2,
mp-764093,Li5Ni2(PO4)3,
mp-686019,Y2Ti2O7,
mp-772793,Dy2Ge2O7,
mp-758063,LiTiP2O7,
mp-643203,Cu6PbSe2Cl5O8,
mp-623590,RbV2SeO7,
mp-617237,Co3Bi(CO)9,
mp-770872,Li2Cr2O7,
mp-770862,Li2Cr2O7,
mp-770854,Li10Fe3Sb7O24,
mp-763245,LiCoH8(CO5)2,
mp-770811,Si2As2O7,
mp-779551,Ba4Br6O,
mp-669555,KC(NO2)3,
mp-770749,Li2Ti(BO3)2,
mp-622558,DyFeGe2O7,
mp-706611,LiBeH4NF4,
mvc-16433,CaCuP2O7,
mp-643579,SbH3OF6,
mp-767140,Sn2P2O7,
mp-707841,PH6NO3,
mp-560133,TlPb8Br9O4,
mp-779262,LiFePCO7,
mp-682284,Zn3In2O6,
mp-774357,Na6CoO4,
mp-680760,In4Br7,
mp-770607,Li3VSi4(HO6)2,
mp-638705,FeTeS2N2Cl5,
mp-734561,Rb3P3(HO3)4,
mp-769242,Li2Cu(HO)4,
mp-620325,CoCu2(BO3)2,
mp-772867,La2Bi2O7,
mp-769210,Tb2Pb2O7,
mp-673144,LiSnP2O7,
mp-619486,Rb2Hg(CN)4,
mp-673073,LiSbP2O7,
mp-673059,LiSbP2O7,
mp-733838,PH5N2O3,
mp-672979,LiBiP2O7,
mp-762780,LiMnP2O7,
mp-680277,Re2C9S3O8,
mp-772760,Dy2Zr2O7,
mp-772758,Sm2Zr2O7,
mp-672334,Sr4GaCN5,
mp-777093,LiMnP2O7,
mp-768988,Li4Bi2O5,
mp-1019788,K4Al3(SiO4)3,
mp-706979,PH6N3O,
mp-706921,H2RhN2Cl5O,
mp-863430,Zn3In2O6,
mp-778827,LiMn2(BO3)2,
mp-777068,LiMnP2O7,
mp-706622,PH6(NO)2,
mp-680048,RbW3Br7,
mp-762669,LiFeP2O7,
mp-669517,Pb(C2N3)2,
mp-759684,Na3Bi(P2O7)2,
mp-567437,Pd(Se4Cl)2,
mp-557006,Na2SbSO4F3,
mp-555034,TeAs(IF2)3,
mp-559337,Nd7(S2Cl3)3,
mp-540415,LiMnP2O7,
mp-561328,SbSe(BrF2)3,
mp-559383,RbLuP2O7,
mp-31643,LiCrP2O7,
mp-31648,LiCrP2O7,
mp-561359,V3CdO7,
mp-559395,KLuP2O7,
mp-31657,LiCrP2O7,
mp-31660,LiCrP2O7,
mp-31670,LiCrP2O7,
mp-559427,BaSr4U3O14,
mp-567989,BH8CN,
mp-697787,LiCrP2O7,
mp-31691,LiCrP2O7,
mp-561413,Rb2Tb3AlF16,
mp-568121,Mn4Si7,192.9100138
mp-744268,CsFeH4Cl3O2,
mp-569515,Hg3C2(N2Cl)2,
mp-540566,V2Hg2O7,
mp-568295,Pr8(BCl)7,
mp-559539,Li2U3P2O15,
mp-572632,Mn2V2O7,
mp-557278,Na2InNiF7,
mp-572794,ReP(Cl2O)3,
mp-554022,Sn2P2O7,
mp-572918,Co3P4PbO14,
mp-557360,AsPCl3OF5,
mp-554079,FeS3N2Cl5,
mp-554083,BaZnAs2O7,
mp-557384,MgUB2O7,
mp-557404,V2Ni2O7,
mp-559575,AsSe(IF2)3,
mp-557417,As2Cl3OF5,
mp-540629,Al2Te2Cl7,
mp-557468,K5V3F14,
mp-27580,Zn3(AsO3)2,
mp-561535,NaLuP2O7,
mp-554223,RbScAs2O7,
mp-540654,RbCdC3(SN)3,
mp-557560,LiH4SNO4,
mp-557565,KC(NO2)3,
mp-554284,Na5Fe3F14,
mp-557570,TeAs(BrF2)3,
mp-554288,NaPH4O5,
mp-557583,TlInAs2O7,
mp-559611,Yb4Ge3(O3F2)3,
mp-554318,BH11C4BrNF4,
mp-554317,RePCl8O,
mp-568534,P4C2Se3N2,
mp-554376,Y4TiSi2(O3F2)3,
mp-561613,SrV3O7,
mp-555288,SbS(BrF2)3,
mp-554419,GdCuSe2ClO6,
mp-557683,Zn3(BO3)2,
mp-559638,K3NpO2F5,
mp-31827,LiFeP2O7,
mp-554508,KYP2O7,
mp-557763,Nd3NbO7,
mp-779217,Tb2Zr2O7,
mp-554581,KSmP2S7,
mp-557823,SbXeO2F7,
mp-557824,Rb2(ReS2)3,
mp-554599,SnS2(O3F)2,
mp-31853,LiFeP2O7,
mp-31854,LiFeP2O7,
mp-554643,K2SbSO4F3,
mp-31870,LiFeP2O7,
mp-31871,LiFeP2O7,
mp-554706,AsSe(ClF2)3,
mp-559703,BaLa2Te5O14,
mp-554735,HgAs4(S2I)2,
mp-554741,KErP2S7,
mp-557952,RbInP2O7,
mp-561829,KFeP2O7,
mp-569832,Nd(Al4Co)2,
mp-559710,NaInAs2O7,
mp-558011,Cd2H2SO6,
mp-558015,K2Cr2O7,
mp-558026,SbSe(IF2)3,
mp-561884,MnP2PbO7,
mp-559737,Rb2Tb3AlF16,
mp-569869,Sr(AlCl4)2,
mp-554824,La3RuO7,
mp-558138,Te2AsCNF6,
mp-31924,LiMnP2O7,
mp-31926,LiMnP2O7,
mp-559748,NdGaGe2O7,
mp-558208,RbInAs2O7,
mp-559768,La2Ti2O7,
mp-569896,K14(Tl7Cd3)3,
mp-554854,CsLuP2O7,
mp-569902,GaSe3N2Cl5,
mp-555451,Sr3U(Te2O7)2,
mp-562133,Rb2Cr2O7,
mp-540883,As2P2S7,
mp-554882,DyCuTe2ClO6,
mp-559814,Li5SbS3I2,
mp-558466,AsS(BrF2)3,
mp-558521,B2Se2O7,
mp-581922,CsMo3Br3Cl4,
mp-555503,C3S2ClO2F3,
mp-558616,SrZnP2O7,
mp-32056,Mo(PO4)2,
mp-582076,CsW3Br3Cl4,
mp-555516,H5(NO)3,
mp-32022,LiMnP2O7,
mp-559895,ErCuTe2BrO6,
mp-568855,K2Hg(PSe3)2,
mp-32042,LiMoP2O7,
mp-555559,Sm3NbSe3O4,
mp-32045,LiMoP2O7,
mp-559923,Nb(PS4)2,
mp-558924,Na5Ga3F14,
mp-772025,TaIn3O7,
mp-769650,Zr2Bi2O7,
mp-759602,Sb4O5F2,
mp-624249,Zn(C2N3)2,
mp-762629,LiFeP2O7,
mp-853228,LiMn2(BO3)2,
mp-772586,Li2Cr2O7,
mp-615789,Ba2(CuO2)3,
mp-759408,AgH8C4N8F,
mp-605559,Na4VHO5,
mp-766625,LiFe2(BO3)2,
mp-771956,Tb2Zr2O7,
mp-765505,Li4Fe2O5,
mp-652774,CsVP2O7,
mp-769602,Li2VSO4F3,
mp-721753,CsH7(C2O5)2,
mp-762561,LiFeP2O7,
mp-766457,LiSnP2O7,
mp-758953,P2H12BrN7,
mp-762532,Fe2C2O7,
mp-27595,K2ReF8,
mp-770233,LiMnPCO7,
mp-772272,Li2Cr2O7,
mp-770225,LiMnPCO7,
mp-764737,Li3V2(O2F)2,
mp-763501,Li3V2(O2F)2,
mp-604694,FeP3(HO2)6,
mp-770198,Li5Mn2(PO4)3,
mp-770168,Li5Mn2(PO4)3,
mp-607399,Al2CrCl8,
mp-771834,Tb3NbO7,
mp-695830,Na2Cu(HO)4,
mp-647900,TlAs3PbS6,
mp-771828,Dy2Zr2O7,
mp-695815,BeP2(HO)4,
mp-703312,RbPH4O5,
mp-607077,Ce(Al4Fe)2,
mp-676491,Ca3Yb2Zr3Ti8O28,
mp-758356,P2H12N7Cl,
mp-766062,LiFe2(BO3)2,
mp-676313,RbMo3Br7,
mp-770077,LiFePCO7,
mp-768695,Ho2Ti2O7,
mp-850907,LiMn2(BO3)2,
mp-764603,Li2MnV(P2O7)2,
mp-767952,NaMnPCO7,
mp-849541,Li2V2F7,
mp-778473,Gd3SbO7,
mp-761582,LiNiP2O7,
mp-757850,K4Sb2O5,
mp-850256,LiFe2(BO3)2,
mp-850253,LiFe2(BO3)2,
mp-622196,KHgC3(SN)3,
mp-695927,Ca2AlH10ClO8,
mp-764559,LiFe2(BO3)2,
mp-644827,TePCl9,
mp-695816,LiFeP2O7,
mp-603613,VH10SNO9,
mp-768254,Gd3AsO7,
mp-707535,H4C(N2O)2,
mp-744832,V3HPb5O13,
mp-772882,Dy2Ge2O7,
mp-771260,Y2Hf2O7,
mp-762783,LiMn5P3O13,
mp-617599,MoPN(Cl3O)2,
mp-695316,Ca2AlH10BrO8,
mp-765240,Li3VOF6,
mp-764505,LiFe2(BO3)2,
mp-672303,CsNiC3(SN)3,
mp-617352,Te3WICl6,
mp-4752,Na5Al3F14,
mp-849990,LiMn2(BO3)2,
mp-616734,Rb2Cr2O7,
mp-706875,Fe21O23,
mp-768468,In2Bi2O7,
mp-774407,Hg2W2O7,
mp-777065,NaMnPCO7,
mp-772672,Sm2V2O7,
mp-762666,LiFe5P3O13,
mp-570106,Yb(AlCl4)2,
mp-558981,SrBe2(BO3)2,
mp-559949,Zn3(BO3)2,
mp-559005,NaAsH4O5,
mp-559007,Na2CrCuF7,
mp-559023,Na24In5O15,
mp-541038,U(MoO4)2,
mp-565232,KCr2AgO7,
mp-559052,LiNb3(Bi2O7)2,
mp-32087,LiMoP2O7,
mp-541059,Rb2(ReSe2)3,
mp-541060,K2(ReSe2)3,
mp-585190,LiCoP2O7,
mp-32105,LiMoP2O7,
mp-32119,Mo(PO4)2,
mp-555629,SbTe(ClF2)3,
mp-32314,LiNiP2O7,
mp-32321,LiNiP2O7,
mp-565326,KFeAs2O7,
mp-541158,Nb3SI7,
mp-560082,Ho2Ge2O7,
mp-32374,LiNiP2O7,
mp-560100,CdCu2(BO3)2,
mp-32396,LiNiP2O7,
mp-555770,RbH4SNO4,
mp-27761,Li3ThF7,
mp-560139,S2XeNO4F3,
mp-541300,CoH4SeO5,
mp-560187,SrCuAs2O7,
mp-7353,Hf3Cu8,
mp-560223,K2Se(SO3)2,
mp-32584,Ti19N25,
mp-745132,VH10SO10,
mp-541353,K2(TcS2)3,
mp-541354,K2(TcSe2)3,
mp-541355,Rb2(TcSe2)3,
mp-555884,ErCuTe2ClO6,
mp-555888,C2S(OF)4,
mp-560247,Li2Ca2Si5O13,
mp-560255,NbPCl8O,
mp-541412,CsYP2O7,
mp-541467,CoP2PbO7,
mp-541593,ZrPb2F8,
mp-565671,SrV2ZnO7,
mp-541594,Sc8Te3,
mp-560310,SbPOF8,
mp-541638,K2(ReS2)3,
mp-565687,K2CrSO7,
mp-555972,KC(NO2)3,
mp-565702,Na5Cr3F14,
mp-541787,Na8Hg3,
mp-505705,TlV3Cu5O13,
mp-541818,Rb4(BSe)9,
mp-565721,FeP2HO7,
mp-541895,Na2(ReS2)3,
mp-556000,ZnS,
mp-25800,Na2W2O7,
mp-745034,RbFeH4Cl3O2,
mp-560407,KNbSi2O7,
mp-560423,KBS4(ClO3)4,
mp-505818,Eu2Si2O7,
mp-542387,Na6TlSb4,
mp-510007,KPuP2S7,
mp-570703,Ca(AlCl4)2,
mp-542469,Gd2Si2O7,
mp-560466,Na2FeCuF7,
mp-560471,Zn2B2PbO6,
mp-510057,Gd3NbS3O4,
mp-566289,Nd3MoO7,
mp-566895,VZnSe2O7,
mp-556442,Tc2O5F4,
mp-556831,AlSeS2N2Cl5,
mp-561202,K6NbAs3O,
mp-565883,Li2U3V2O15,
mp-556860,Y2Si2O7,
mp-565908,Ca3WCl2O5,
mp-556883,MnB2F8,
mp-556543,ZnS,
mp-560506,NaTiP2O7,
mp-9216,Ca3Tl2O6,
mp-556570,Ag4Se(IO2)2,
mp-556577,Na3Sb3(AsO7)2,
mp-556596,AlP3(HO2)6,
mp-560921,NaAlAs2O7,
mp-566043,Ba3V4PbO14,
mp-560939,NaLaP2O7,
mp-757442,Ca3In2O6,
mp-556665,TlBiP2S7,
mp-556325,TeAs(ClF2)3,
mp-566089,Na5Fe3F14,
mp-560993,CaAl12Si4O27,
mp-556333,K2ZnCu3P3O12F,
mp-18774,NaFeP2O7,
mp-18778,Zr(WO4)2,92.45471735
mp-25739,Co2P2O7,
mp-547693,V2Co2O7,
mp-25745,K2FeH2Cl5O,
mp-25755,CsFeP2O7,
mp-25760,PrFeGe2O7,
mp-25762,LaFeGe2O7,
mp-18838,K2MnSO4F3,
mp-703299,K2H2RhCl5O,
mp-25783,NiH4SeO5,
mp-25796,V2Pb2O7,
mp-30149,K6Tl2Sb3,
mp-556771,Nd2Si2O7,
mp-556705,AsS(ClF2)3,
mp-24894,SrCoP2O7,
mp-24921,TlCrP2O7,
mp-24922,KCrP2O7,
mp-24925,NaCrP2O7,
mp-619775,Y7C2I12N,
mp-669471,HgS4(NCl)3,
mp-745148,MnP2HO7,
mp-616228,Te4WCl6,
mp-616190,Tl2(ReSe2)3,
mp-706477,La2Si2O7,
mp-669348,NbTeCl9,
mp-669345,TaTeCl9,
mp-745107,Ca2MnAl2Si3HO13,
mp-697170,MgH6(BrN)2,
mvc-9174,CaMo3O7,
mp-705598,K2Al4Fe5Si5(HO6)4,
mp-745012,Ni2P2O7,
mp-764749,LiFe2(BO3)2,
mp-704459,Na2Cr2O7,
mp-774369,Li3V12O29,
mp-696998,K6BiH3(Cl2F)4,
mp-704112,SmCoSe2ClO6,
mp-744184,TbFeGe2O7,
mp-761778,Li2V2Si5O13,
mp-769046,Si2Sn2O7,
mp-764709,LiFe2(BO3)2,
mp-767208,Sb17S27,
mp-764702,LiFe2(BO3)2,
mp-764693,LiFe2(BO3)2,
mp-774358,Li2MnV(P2O7)2,
mp-764679,LiFe2(BO3)2,
mp-768969,Bi3B7O12,
mp-764678,LiFe2(BO3)2,
mp-647708,BiIr3(CO)9,
mp-761704,Bi4O5F2,
mp-764662,LiFe2(BO3)2,
mp-757673,LiTiP2O7,
mp-778319,LiMnP2O7,
mp-697910,K2SiH4(NO)2,
mp-768877,Sn2Ge2O7,
mp-764658,LiFe2(BO3)2,
mp-765113,Li2V(CO3)2,
mp-764656,LiFe2(BO3)2,
mp-743989,VH10SO10,
mp-764652,LiFe2(BO3)2,
mp-764651,LiFe2(BO3)2,
mp-764650,LiFe2(BO3)2,
mp-625790,H8N2O,
mp-771253,Sm2Zr2O7,
mp-761646,Li2Cr2Si5O13,
mp-771091,Li2Cr2O7,
mp-696457,ScP3(HO2)6,
mp-768156,Li7(SbS)2,
mp-764624,LiFe2(BO3)2,
mp-697815,Cr(PO4)2,
mp-764618,LiFe2(BO3)2,
mp-767958,NaMnPCO7,
mp-764612,LiFe2(BO3)2,
mp-764611,LiFe2(BO3)2,
mp-679936,Er7C2I12N,
mp-781074,LiMn2(BO3)2,
mp-764598,LiFe2(BO3)2,
mp-765236,Li5V4O12F,
mp-764589,LiFe2(BO3)2,
mp-697767,LiMoP2O7,
mp-697764,LiFeP2O7,
mp-764587,LiFe2(BO3)2,
mp-662547,PSeCl9,
mp-697758,LiFeP2O7,
mp-764573,LiFe2(BO3)2,
mp-604702,H10PtC(N4O)2,
mp-764570,LiFe2(BO3)2,
mp-696189,TlH6(NO4)3,
mp-697744,LiMnP2O7,
mp-774309,Li2MnV(P2O7)2,
mp-764552,LiFe2(BO3)2,
mp-764550,LiFe2(BO3)2,
mp-764547,LiFe2(BO3)2,
mp-744577,FeP2HO7,
mp-764543,LiFe2(BO3)2,
mp-30313,Tb2Se2O7,
mp-695536,LaH6S3(NO3)3,
mp-771194,Nb2Ge2O7,
mp-771193,Ba3Y2O6,
mp-764519,LiFe2(BO3)2,
mp-744532,CoH4SeO5,
mp-761475,Li2Fe2Si5O13,
mp-761470,Li2Mn2Si5O13,
mp-757532,LiSnP2O7,
mp-764508,LiFe2(BO3)2,
mp-764503,LiFe2(BO3)2,
mp-778551,LiMn2(BO3)2,
mp-672338,Cs(Bi2Te3)2,
mp-768072,NaMnPCO7,
mp-697284,KH3SO6,
mp-774389,Li4MnV3(P2O7)4,
mp-778141,Sm2Pb2O7,
mp-768061,NaMnPCO7,
mp-778397,Li2Sn(BO3)2,
mp-765128,Li2Co(CO3)2,
mp-765126,Li2Co(CO3)2,
mp-1020624,NaBe(BO2)3,
mp-1020013,Li2S2O7,
mp-1020010,Li2Ca3N6,
mp-768281,Ho2Ge2O7,
mp-765114,Li2Fe(CO3)2,
mp-625815,H8N2O,
mp-765108,Li2V(CO3)2,
mp-765106,Li2V(CO3)2,
mp-606644,CuP10,
mp-697861,Na4UCr3O14,
mp-765104,Li2V(CO3)2,
mp-762939,Li5V5O12,
mp-774323,Li4MnV3(P2O7)4,
mp-771214,Rb2S2O7,
mp-757588,Y11Ta5O28,
mp-645663,Te2Mo3Se7Br10,
mp-765097,W2OF8,
mp-504791,P(WO4)2,
mp-24981,RbFeP2O7,
mp-504871,SrV2CuO7,
mp-556784,ZnS,
mp-505094,KMgV3Cu4O13,
mp-19211,SrNi3(P2O7)2,
mp-505305,La3MoO7,
mp-560631,KUSi2O7,
mp-25058,KMoP2O7,
mp-25059,NaMoP2O7,
mp-560639,SbS(BrF2)3,
mp-25064,RbMoP2O7,
mp-19304,K2MnSO4F3,
mp-14513,Ni8P3,
mp-25152,RbVP2O7,
mp-25160,Na5VO5,
mp-25165,NaVP2O7,
mp-25170,KVP2O7,
mvc-15047,CaV3O7,
mp-12205,Ti4O7,
mp-19396,Na4Fe2O5,
mp-561015,Y9C4I8O,
mp-19436,La7Mo7O30,
mp-25624,VH12(ClO2)3,
mp-19474,Ba2V2O7,
mp-19483,TmFeGe2O7,
mvc-12223,CaNi3(P2O7)2,
mp-542090,Na4Al3(SiO4)3,27.86336571
mp-616079,CoBi2SO7,
mp-566195,Mg2V2O7,
mp-542691,K2CrH2Cl5O,
mp-566233,Rb2Mo2O7,
mp-566238,FeP2PbO7,
mp-566253,VCuSe2O7,
mvc-1001,CaCr3(P2O7)2,
mp-777425,LiFe2(BO3)2,
mvc-1003,CaFe3(P2O7)2,
mvc-1004,ZnP4W3O14,
mvc-7560,MgCuAs2O7,
mvc-7594,MgSnAs2O7,
mvc-7618,ZnSnAs2O7,
mvc-7582,ZnCuAs2O7,
mvc-7607,MgTiAs2O7,
mvc-7658,CaTiAs2O7,
mvc-7654,TiZnAs2O7,
mvc-7947,MgCoAs2O7,
mvc-7960,CaCoAs2O7,
mvc-7970,ZnCoAs2O7,
mvc-7972,MgCrAs2O7,
mvc-7968,CaCrAs2O7,
mvc-7974,MgMnAs2O7,
mvc-7973,CaMnAs2O7,
mvc-7997,ZnNiAs2O7,
mvc-7989,ZnCrAs2O7,
mvc-7988,MgVAs2O7,
mvc-7990,MgFeAs2O7,
mvc-7992,MgNiAs2O7,
mvc-8011,ZnFeAs2O7,
mvc-8012,CaFeAs2O7,
mvc-8025,MgAs2WO7,
mvc-7996,CaNiAs2O7,
mvc-8077,CaVAs2O7,
mvc-8107,VZnAs2O7,
mvc-8251,ZnAs2WO7,
mvc-8272,CaAs2WO7,
mvc-857,MgV3(P2O7)2,
mvc-859,MgNi3(P2O7)2,
mvc-865,MgMn3(P2O7)2,
mvc-867,MgCo3(P2O7)2,
mvc-870,Mn3Zn(P2O7)2,
mvc-880,MgCr3(P2O7)2,
mvc-881,ZnNi3(P2O7)2,
mvc-884,ZnCo3(P2O7)2,
mvc-8918,CaTi3O7,
mvc-8898,MgTi3O7,
mvc-8934,MgBi3O7,
mvc-8919,Ti3ZnO7,
mvc-8978,MgSn3O7,
mvc-8941,MgSb3O7,
mvc-898,MgFe3(P2O7)2,
mvc-8983,ZnSb3O7,
mvc-8996,CaSb3O7,
mvc-8976,ZnSn3O7,
mvc-899,MgTiP2O7,
mvc-9024,CaSn3O7,
mvc-901,ZnFe3(P2O7)2,
mvc-907,MgP4W3O14,
mvc-904,TiZnP2O7,
mvc-905,MgCuP2O7,
mvc-913,V3Zn(P2O7)2,
mvc-9167,MgCo3O7,
mvc-9171,MgCr3O7,
mvc-9172,MgMn3O7,
mvc-9164,V3ZnO7,
mvc-9184,Mn3ZnO7,
mvc-9178,ZnCr3O7,
mvc-9189,ZnFe3O7,
mvc-9180,CaMn3O7,
mvc-9173,ZnCo3O7,
mvc-9169,CaCo3O7,
mvc-9194,ZnNi3O7,
mvc-9199,MgFe3O7,
mvc-9205,CaFe3O7,
mvc-9206,MgV3O7,
mvc-9188,CaCr3O7,
mvc-9228,ZnMo3O7,
mvc-9231,MgMo3O7,
mvc-9192,CaNi3O7,
mvc-9298,CaW3O7,
mvc-937,CaV3(P2O7)2,
mvc-942,CaMn3(P2O7)2,
mvc-941,ZnCuP2O7,
mvc-9219,ZnW3O7,
mvc-980,MgSnP2O7,
mvc-1027,CaTiP2O7,
mvc-7625,CaSnAs2O7,
mvc-16358,Ca5(CoN2)2,
mp-14694,CaCuP2O7,
mvc-7998,MnZnAs2O7,
mvc-16412,BaCa4(CoN2)2,
mvc-16440,BaCa4(CuN2)2,
mp-6203,CaCuAs2O7,
mvc-16570,Ca2Nd2Nb3FeO14,
mvc-457,MgSn3(P2O7)2,
mvc-425,MgTi3(P2O7)2,
mvc-564,CaSn3(P2O7)2,
mvc-435,Ti3Zn(P2O7)2,
mvc-536,CaTi3(P2O7)2,
mvc-525,CaCu3(P2O7)2,
mvc-558,ZnCu3(P2O7)2,
mvc-618,ZnSn3(P2O7)2,
mvc-1034,CaSnP2O7,
mvc-1065,ZnSnP2O7,
mvc-1116,CaP4W3O14,
mvc-1072,CaCuP2O7,
mvc-1216,MgCoP2O7,
mvc-1230,VZnP2O7,
mvc-1234,MgNiP2O7,
mvc-1224,MgVP2O7,
mvc-1258,MgCrP2O7,
mvc-1238,MnZnP2O7,
mvc-1233,MgMnP2O7,
mvc-1236,MgFeP2O7,
mvc-1239,ZnNiP2O7,
mvc-1240,ZnFeP2O7,
mvc-1265,ZnCrP2O7,
mvc-1288,CaVP2O7,
mvc-1301,CaCoP2O7,
mvc-1303,CaMnP2O7,
mvc-1313,CaNiP2O7,
mvc-1360,CaFeP2O7,
mvc-1338,CaCrP2O7,
mvc-1387,MgP2WO7,
mp-735476,MoH2N2Cl5O,
mp-743780,Ca2Al2FeSi3HO13,
mp-771043,Y2Zr2O7,
mp-762895,Co2C2O7,
mp-1020739,PSN9,
mp-757404,Li2Cu2Si5O13,
mp-1020620,Rb5Li6(BO2)11,
mp-1020615,Y2SiP4O15,
mp-743949,Na3VSi4(HO6)2,
mp-1020056,LiCa3Si2N5,
mp-757207,YH5S3O13,
mp-696020,CaRe2H6C(NO5)2,
mp-653062,Mo2Cl8O,
mp-1019530,Ba2P2O7,
mp-1019515,Ba3Ga3N5,
mp-653891,NbTe2(SeI3)2,
mp-746364,CrH12Pd(NO)4,
mp-1154,Ho4C7,
mp-16135,Sm3NbS3O4,
mp-13546,Y2Ge2O7,
mp-13643,Er2Ge2O7,
mp-13775,Gd2Si2O7,
mp-13897,K3UF7,
mp-16435,Ba3Sc4(CuO4)3,
mp-16461,Gd2Si2O7,
mp-16480,Al3Au8,
mp-13979,Ca2Nb2O7,
mp-651644,Na2CrCuF7,
mp-16722,Al10V,
mp-10577,Sr5NbN5,
mp-14649,Tb2Ge2O7,
mp-14708,Tm2Ge2O7,
mp-10837,Na2MgInF7,
mp-14931,SrCuP2O7,
mp-2650,P4S7,
mp-15201,Pr2Ti2O7,
mp-15905,Rb2Mo9S11,
mp-29420,Hf(Se2Cl3)2,
mp-42089,K4Gd2C3O9F4,
mp-24333,UH12(ClO2)3,
mp-42175,Ca2AlH10ClO8,
mp-32967,Zr7Sb4,
mp-33046,TiN,
mp-42599,NaYTiNbO6F,
mp-29485,Y4BBr6,
mp-42897,NaPrTiNbO6F,
mp-42981,NaGdTiNbO6F,
mp-43048,NaEuTiNbO6F,
mp-43055,NaCeTiNbO6F,
mp-540820,Re(CO)5,
mp-24473,BePH4NO4,
mp-43134,NaNdTiNbO6F,
mp-4325,Zr(SO4)2,
mp-19488,Rb2MnSO4F3,
mp-19368,Sr2V2O7,
mp-24615,LiH4SeNO4,
mp-29573,Sb4S5Cl2,
mp-28130,Nb(PS4)2,
mp-16777,NaAlP2O7,
mp-16809,Ho2Si2O7,
mp-24822,Na5Al3H14,
mp-22828,Eu2Ge2O7,
mp-24888,SrCoAs2O7,
mp-24984,SrFe3(P2O7)2,
mp-24985,SrFeP2O7,
mp-29688,Ge3Cl8,
mp-25039,BaMnP2O7,
mp-29698,Nb3ClO7,
mp-25105,SrNiP2O7,
mp-17031,KAlP2O7,
mp-28320,Pt3I8,
mp-29718,AgW3Br7,
mp-17062,Dy2Si2O7,
mp-17100,In2P2O7,
mp-30936,B5F6,
mp-33872,Na7Zr6F31,
mp-30940,Cd2Te2O7,
mp-29784,K2Mo9S11,
mvc-8943,ZnBi3O7,
mp-17234,KTiP2O7,
mp-17235,Sm2Si2O7,
mp-639436,K5V3F14,
mp-625819,H8N2O,
mp-720912,KZnH4Br3O2,
mp-773901,KZnP2O7,
mp-615937,MnB2F8,
mp-689993,LiMnP2O7,
mp-19347,CaV3O7,
mp-569383,Ca5(CoN2)2,65.31532043
mp-505175,CaCo3(P2O7)2,
mp-762418,Li2Mn3O6,
mp-851043,LiMn2(BO3)2,
mp-863011,Na3H7Os,
mp-639904,Ce3MoO7,
mp-28673,P4SO6,
mp-29020,P4SeO6,
mp-769153,Li2SbSO4F3,
mp-570192,CsZr6MnI14,
mp-571410,CsZr6BI14,
mp-25774,Na2Mo2O7,
mp-5900,Ba2ZrF8,
mp-560349,La3NbO7,
mvc-9010,CaBi3O7,
mp-561453,BaV2CuO7,
mp-16828,Li3B7O12,63.12237506
mp-624299,Cu7S4,
mp-557974,BaZn2(BO3)2,
mp-768522,La2Ce2O7,
mp-720874,PH5NO4,
mp-582176,CsZr6CI14,
mp-25791,BaV2CdO7,
mp-570186,Ga2Te2Br7,
mp-759848,Bi4O5F2,
mp-27352,Sr(Ag3O2)2,
mp-28103,USCl9,
mp-30826,Pd13Pb9,
mp-764439,Li2MgCo13O28,
mp-24712,PH5NO3F,
mp-31971,LiMnP2O7,
mp-542618,Tl2Mo9S11,
mp-32476,LiVP2O7,
mp-31571,LiCoP2O7,
mp-32124,Mo2PO8,
mp-540375,LiCoP2O7,
mp-540355,LiCoP2O7,
mp-504874,YB7Mo3,
mp-41472,Ca5P3HO13,
mp-21552,Na2GaCuF7,
mp-26795,LiCu5P3O13,
mp-540225,LiNiP2O7,
mp-505012,Fe4As5O13,
mp-567156,Pr(Al4Co)2,
mp-31563,LiCoP2O7,
mp-21756,Sr(In4Rh)2,
mp-559906,U3O8,
mp-540033,LiMnP2O7,
mp-540417,LiVP2O7,
mp-560074,NaYbP2O7,
mp-31042,Ca9Mn4Bi9,
mp-27765,W3Br8,
mp-540028,LiVP2O7,
mp-557143,Tl2Cu(CO3)2,
mp-25669,Mo3P3O16,
mp-556236,Na3Ce2C4O12F,
mp-32590,U4N7,
mp-510013,Pr3MoO7,
mp-40206,Ca2Nd2Nb3FeO14,
mp-619437,KFeP2O7,
mp-562353,CuP2PbO7,
mp-19473,CaNi3(P2O7)2,
mp-634660,CoH4SeO5,
mp-566832,KMoP2O7,
mp-697799,LiNiP2O7,
mp-622282,V2Co2O7,
mp-654249,Na2FeCuF7,
mp-868443,Li2Si5Ni2O13,
mp-1100965,UMo5O16,
mp-559671,Ho2Si2O7,
mp-556153,Sr2P2O7,
mp-540808,S4N4O3,
mp-558776,Na6PbO4,
mp-555708,KCdC3(NO)3,
mp-562493,CuAs2PbO7,
mp-768104,Li6(NiO2)13,
mp-778492,Na6Ti2O7,
mp-758727,CuCO3,
mp-850240,Li2Mn3(SiO4)2,
mp-764891,Li5Fe8(BO3)8,
mp-774300,Li3CoNi3O8,
mp-684828,NaCeH2S2O9,
mp-778585,Li5Mn8(BO3)8,
mp-777473,Li5Mn8(BO3)8,
mp-642047,Ba6Ga2Co11O26,
mp-777243,Li5Mn8(BO3)8,
mp-762408,Li13Mn8O24,
mp-765296,Li9Fe4(BO3)8,
mp-781824,Li5La4TiNb7O28,
mp-762416,Li13Mn8O24,
mvc-13333,Ca(Fe9O13)2,
mvc-15040,Mn13Si2(SbO14)2,
mp-763412,Li4Co13O28,
mp-763210,Li9Mn4(BO3)8,
mp-680214,Bi8Se7,
mp-559407,NaGdH2S2O9,
mp-771244,Li4Co13O28,
mp-780112,Li5Mn8(BO3)8,
mp-684833,Na8Al6Si6O25,
mp-698074,Ca2H2S2O9,
mp-680205,PbI2,
mp-778679,Li5Mn8(BO3)8,
mp-763628,Li3TiMn3O8,
mp-619101,Cs6ZnGe8,
mp-680152,CdI2,
mp-680120,CdI2,
mp-680119,CdI2,
mp-680118,CdI2,
mp-759382,Li2Ti7Nb6O30,
mp-764880,Li5Fe8(BO3)8,
mp-764862,Li5Fe8(BO3)8,
mp-764854,Li5Fe8(BO3)8,
mp-764824,Li5Fe8(BO3)8,
mp-764798,Li5Fe8(BO3)8,
mp-677384,NaLaH2S2O9,
mp-764493,Li5Fe8(BO3)8,
mp-764474,Li5Fe8(BO3)8,
mp-764464,Li5Fe8(BO3)8,
mp-21688,Fe7S8,
mp-36836,Sr4Ru2O9,
mp-30589,LaCu4,
mp-39260,Na2CaPO4F,
mp-39647,Na6Al4Fe(Si4O13)2,
mp-775322,Li5Fe8(BO3)8,
mp-775280,Li5Fe8(BO3)8,
mp-772993,Li2Ti7Nb6O30,
mp-774994,Li5Fe8(BO3)8,
mp-669334,CdI2,
mp-614951,RbNO3,
mp-735491,CaMg2H24(ClO2)6,
mp-707392,Mg3B2P2(H9O10)2,
mp-761784,Ba8Bi10O27,
mp-778857,Li5Mn8(BO3)8,
mp-557508,NaLaH2S2O9,
mp-568548,Mg10B16Ir19,
mp-557704,TlNO3,
mp-540702,Fe7Se8,
mp-555300,Na2Zn3(SiO4)2,
mp-763602,Li13Mn8O24,
mp-561851,CsNO3,
mp-581449,Re(TeCl6)2,
mp-582042,CdI2,
mp-691162,Pr2Mo15O28,
mp-766603,Li5Fe8(BO3)8,
mp-778680,Li5Mn8(BO3)8,
mp-680480,K6CdPb8,
mp-763462,Li2Co3(SiO4)2,
mp-758573,H16Ru3C6(Cl3O7)2,
mp-777707,Li5Fe8(BO3)8,
mp-758316,La10Bi8O27,
mp-676580,Ba11(Nb3S14)2,
mp-777661,Li5Mn8(BO3)8,
mp-777508,Li5Mn8(BO3)8,
mp-850449,Li5Fe8(BO3)8,
mp-850402,Li5Mn8(BO3)8,
mp-763230,Li9Cr4(BO3)8,
mp-850252,Li5Fe8(BO3)8,
mp-762716,Li2Fe3(SiO4)2,
mp-569141,Lu11Te4,
mp-541756,Te2MoCl12,
mp-541806,Rb4Nb11O30,
mp-5073,RbNO3,
mp-556435,Fe7S8,
mp-510285,Ti11Se4,
mp-560584,Si2Ag6O7,
mp-685044,Yb16S29,
mp-764665,Li5Fe8(BO3)8,
mp-764657,Li5Fe8(BO3)8,
mp-764654,Li5Fe8(BO3)8,
mp-764643,Li5Fe8(BO3)8,
mp-764626,Li5Fe8(BO3)8,
mp-696387,CaMg2H24(ClO2)6,
mp-764619,Li5Fe8(BO3)8,
mp-764614,Li5Fe8(BO3)8,
mp-764576,Li5Fe8(BO3)8,
mp-764554,Li5Fe8(BO3)8,
mp-764548,Li5Fe8(BO3)8,
mp-764542,Li5Fe8(BO3)8,
mp-764541,Li5Fe8(BO3)8,
mp-764531,Li5Fe8(BO3)8,
mp-764528,Li5Fe8(BO3)8,
mp-764512,Li5Fe8(BO3)8,
mp-764507,Li5Fe8(BO3)8,
mp-765305,LiVCrP2(O4F)2,
mp-765270,Li9Cr4(BO3)8,
mp-778331,Li5Fe8(BO3)8,
mp-765264,Li9Mn4(BO3)8,
mp-696075,Ca2H2S2O9,
mvc-10001,Ba2V2F11,
mvc-10034,Ba2Mo2F11,
mvc-10059,Ba2W2F11,
mvc-10169,Ba2Co2F11,
mvc-9090,Si2Bi13(SbO14)2,
mvc-9118,Si2Sb15O28,
mvc-9112,Si2Sn13(SbO14)2,
mvc-9208,Cu13Si2(SbO14)2,
mvc-9446,Ba2Bi2F11,
mvc-9434,Si2Sb2Mo13O28,
mvc-9487,Ba2Sb2F11,
mvc-9411,Cr13Si2(SbO14)2,
mvc-9464,Ba2Sn2F11,
mvc-9499,Ba2Ti2F11,
mvc-9635,Si2Ni13(SbO14)2,
mvc-10279,Ba2Ni2F11,
mvc-9876,Ba2Cr2F11,
mvc-9944,Ba2Mn2F11,
mp-768050,Li2Si2Ni3O8,
mp-765077,LiVCrP2(O4F)2,
mp-690513,La(WO3)11,
mp-765246,Li9Fe4(BO3)8,
mp-622511,In2Te3,
mp-42298,Na6Al4Fe(Si4O13)2,
mp-33652,Pr2Mo15O28,
mp-560799,NaNdH2S2O9,
mp-743816,BaLa2TiCr2O9,
mp-762905,Li6Mg(Ni6O13)2,
mp-705484,Na6Al4Fe(Si4O13)2,
mp-566146,V2NiH24(N4O5)2,
mvc-9418,Fe13Si2(SbO14)2,
mp-41732,BaLa2TiCr2O9,
mp-698697,Na6Al4Fe(Si4O13)2,
mp-29845,CsHgCl3,
mp-25024,Mn4Be3Si3SeO12,
mp-6856,Be3Zn4Si3SO12,
mp-687152,Co5Te4(ClO6)2,
mp-684031,Mg3(TiAl9)2,
mp-684027,Mg3(MnAl9)2,
mp-768086,Na3Mn2P2(CO7)2,
mp-643271,Gd(Al10Cr)2,
mp-640315,Y(Zn10Ru)2,
mp-768098,Na3Ni2P2(CO7)2,
mp-764948,Li2P5WO15,
mp-698579,Co5Te4(BrO6)2,
mp-767682,Li4Fe3(BO3)4,
mp-949028,Sn,31.79396686
mp-757308,Na7Ti13O26,
mp-767650,Li4Mn2Fe(BO3)4,
mp-697806,Ni3(PO4)4,
mp-767642,Li4MnFe2(BO3)4,
mp-767639,Li4Mn3(BO3)4,
mp-697730,Mn3(PO4)4,
mp-767720,Li2V4Si4O13,
mp-767255,Li10Cr(SiO5)2,
mp-781825,Li9Cu2(HO2)4,
mp-696360,Ca2Cu2Si3(HO3)4,
mp-764932,Li3Fe4(BO3)4,
mp-765994,Li10V(SiO5)2,
mp-8846,Ba3Nb5O15,
mp-684971,Nb11S12,
mp-674987,Ba5Bi5O13,
mp-776808,Li11Fe6F29,
mp-760165,LiCu2(PO3)5,
mp-672336,Li5Ca7Sn11,
mp-674645,Na3Nd5Cl15,
mp-850072,Li3Mn4(BO3)4,
mp-652195,Sr4Fe6O13,
mp-781957,Li3Mn4(BO3)4,
mp-775379,Na3Ni2P2(CO7)2,
mp-735602,NiH10(SeO5)2,
mp-735536,BaV2H2(Se2O7)2,
mp-775182,Li3Mn4(BO3)4,
mp-772019,Ba5La2Cl16,
mp-771889,Sr5La2Cl16,
mp-761705,Li2Fe4Si4O13,
mp-763675,Li4Fe7O12,
mp-680586,Ce5Mg41,
mp-766013,Li2Cu4Si4O13,
mvc-12815,Bi6P2O15,
mp-849258,Li3Mn4(BO3)4,
mp-684108,Li2Ti(PO3)5,
mp-684066,Li2Ti(PO3)5,
mp-859788,Li2Ni3(P2O7)2,
mp-861180,LiNi2(PO3)5,
mp-765419,Li6V5O12,
mp-762814,Li4Ti2Mn5O12,
mp-762761,Li4Fe2Ni5O12,
mp-3778,Mg3(Al9Cr)2,
mp-759938,Li2Cu3(P2O7)2,
mp-762588,Li4Mn2Ni5O12,
mp-762560,Li4Mn2V5O12,
mp-680381,K2Na2Gd4Nb2O13,
mp-680283,Ce9B3C6Br5,
mp-669516,La10(ErS3)9,
mp-669415,Ba3Bi6PbSe13,
mp-627398,Be3Fe4Si3SO12,
mp-781610,Li3Mn4(BO3)4,
mp-781598,Li3Mn4(BO3)4,
mvc-5944,Zn3Si4(WO7)2,
mvc-5195,Mg3Si4(MoO7)2,
mp-638252,Cs2Cu3(P2O7)2,
mvc-5085,Mg3Fe2(Si2O7)2,
mvc-5073,Mg3Si4(WO7)2,
mvc-5059,Ca3Si4(MoO7)2,
mvc-5029,Zn3Co2(Si2O7)2,
mvc-4937,Mn2Zn3(Si2O7)2,
mvc-4936,Mg3Si4(NiO7)2,
mvc-4877,Zn3Fe2(Si2O7)2,
mvc-4870,Mg3Co2(Si2O7)2,
mvc-4860,Zn3Si4(NiO7)2,
mvc-4831,Zn3Cr2(Si2O7)2,
mvc-4826,Zn3Cu2(Si2O7)2,
mvc-4744,Mg3Mn2(Si2O7)2,
mp-3790,SrNb8O14,
mvc-4629,V2Zn3(Si2O7)2,
mvc-4620,Mg3V2(Si2O7)2,
mvc-4592,Mg3Cr2(Si2O7)2,
mvc-4580,Ca3Co2(Si2O7)2,
mvc-4567,Ca3Si4(NiO7)2,
mvc-4553,Mg3Cu2(Si2O7)2,
mvc-4550,Ca3Fe2(Si2O7)2,
mvc-4549,Ca3Cr2(Si2O7)2,
mvc-4535,Mg3Si4(SnO7)2,
mvc-4527,Zn3Si4(SnO7)2,
mvc-4508,Ca3Si4(SnO7)2,
mvc-4506,Ca3V2(Si2O7)2,
mvc-4488,Ti2Zn3(Si2O7)2,
mvc-4472,Zn3Si4(SbO7)2,
mvc-4439,Mg3Si4(AgO7)2,
mvc-4432,Zn3Si4(AgO7)2,
mvc-4404,Zn3Si4(BiO7)2,
mvc-4389,Mg3Si4(SbO7)2,
mp-780850,Li3Mn4(BO3)4,
mvc-4336,Ca3Si4(BiO7)2,
mvc-4317,Ca3Si4(SbO7)2,
mvc-4273,Ca3Si4(AgO7)2,
mvc-4272,Mg3Si4(BiO7)2,
mvc-4254,Mg3Ti2(Si2O7)2,
mp-634591,Nd2Tl(MoO4)4,
mvc-4143,Ca3Ti2(Si2O7)2,
mvc-4083,Ca3Cu2(Si2O7)2,
mp-684868,Na2Al2Si3(HO3)4,
mp-769540,Na3Mn2P2(CO7)2,
mp-769534,Na3Mn2P2(CO7)2,
mp-762252,Li4V7O12,
mp-863410,Li2Nb(PO3)5,
mp-705309,Fe3(PO4)4,
mp-585254,Co2P5O16,
mp-650137,Cs4Re6Se13,
mp-28041,Pb9(Br5O2)2,
mp-603643,Li2Fe3(P2O7)2,
mp-769493,Na3Ni2P2(CO7)2,
mp-775568,Na3Ni2P2(CO7)2,
mp-769428,Li10Si2NiO10,
mp-775529,Na3Mn2P2(CO7)2,
mp-971662,Si,76.02794086
mp-764451,Li3Fe4(BO3)4,
mp-772408,Ba4Tm6O13,
mp-762549,Li2Fe3(P2O7)2,
mp-780141,Li6Mn5O12,
mp-780509,Li3Mn4(BO3)4,
mp-680317,Cs2Bi8Se13,
mp-861609,Li2Mn4Si4O13,
mp-680312,La6Ti3Se9O5,
mp-705355,Li2Mn(PO3)5,
mp-704669,BaYb2(MoO4)4,
mp-705334,Li2V(PO3)5,
mp-780335,Li3Mn4(BO3)4,
mp-704991,Mn3(PO4)4,
mp-704942,Li2Cr(PO3)5,
mp-704879,Ni5Te4(BrO6)2,
mp-705362,Li2Co(PO3)5,
mp-705356,Li2Fe(PO3)5,
mp-775404,Na3Mn2P2(CO7)2,
mp-775348,Na3Ni2P2(CO7)2,
mp-771395,Li3Co4(BO3)4,
mp-780136,Li3Mn4(BO3)4,
mp-752856,Li10Fe4S9,
mp-695001,V6Cu5Te12,
mp-767410,Bi6P2O15,
mp-775227,Li4Fe5(CoO6)2,
mp-764097,Na2Ni3(P2O7)2,
mp-770278,Li3Mn2P2(CO7)2,
mp-770269,Li3Mn2P2(CO7)2,
mp-770266,Li3Fe2P2(CO7)2,
mp-770177,Li3Fe2P2(CO7)2,
mp-743676,VH10S2(NO4)2,
mp-642792,BaBi2(MoO4)4,
mp-684477,Li2Sb(PO3)5,
mp-779299,Li3Mn4(BO3)4,
mp-769492,Na3Ni2P2(CO7)2,
mp-735556,Na2CoH8(CO5)2,
mp-770604,Li2CoH8(CO5)2,
mp-767039,Sn8P2O13,
mp-770598,Li2CoH8(CO5)2,
mp-641689,Ce6In5Pd12,
mp-778856,Li3Mn4(BO3)4,
mp-763719,LiMn2(PO3)5,
mp-763820,Li3Mn5F15,
mp-763676,Li4Ti2V5O12,
mp-759735,Li2Bi(PO3)5,
mp-760054,Sn9(O2F5)2,
mp-705262,Li2Mn3(P2O7)2,
mp-679979,La9B3C6I5,
mp-763586,LiV2(PO3)5,
mp-722891,Na2Ni(H7N3)2,
mp-763575,Li10Co(SiO5)2,
mp-764888,Li3Fe4(BO3)4,
mp-769531,Na3Mn2P2(CO7)2,
mp-769523,Na3Mn2P2(CO7)2,
mp-769520,Na3Mn2P2(CO7)2,
mp-769518,Na3Mn2P2(CO7)2,
mp-780529,Li3Mn4(BO3)4,
mp-769496,Na3Ni2P2(CO7)2,
mp-769490,Na3Ni2P2(CO7)2,
mp-769486,Na3Ni2P2(CO7)2,
mp-769482,Na3Mn2P2(CO7)2,
mp-769477,Na3Mn2P2(CO7)2,
mp-775559,Na3Ni2P2(CO7)2,
mp-775562,Na3Ni2P2(CO7)2,
mp-770243,Li3Mn2P2(CO7)2,
mp-766521,Li10Cu4S9,
mp-773521,La6Mn3O14,
mp-775501,Na3Ni2P2(CO7)2,
mp-775470,Na3Mn2P2(CO7)2,
mp-764486,Li3Fe4(BO3)4,
mp-764459,Li3Fe4(BO3)4,
mp-780194,Li3Mn4(BO3)4,
mp-780137,Li3Mn4(BO3)4,
mp-770153,Li3Fe2P2(CO7)2,
mp-705336,Li2Co3(P2O7)2,
mp-704637,Nb12WO33,
mp-763414,Li2P5WO15,
mp-850972,Li4Mn5Cr2O12,
mp-691091,Na2Al2Si3(HO3)4,
mp-680636,Er(Al10Cr)2,
mp-25022,Mn4Be3Si3TeO12,
mp-23147,Na4Al3Si3BrO12,
mp-23149,K4Al3Si3ClO12,
mp-25946,Sb2P5O16,
mp-31069,P2Pb8O13,
mp-21542,K2CeTa5O15,
mp-21546,K2CeNb5O15,
mp-29978,Sr5Al2F16,
mp-34355,Li31Zr2As13,
mp-17460,Lu5(Co2Si7)2,
mp-26949,LiSn2(PO3)5,
mp-31107,As2Pb8O13,
mp-21593,EuNb8O14,
mp-21644,BaNb8O14,
mp-28729,Ag25(BiO6)3,
mp-30109,Sb2(AuF6)3,
mp-27229,Sb6S2O15,
mp-28743,K4Cu8Te11,
mp-21727,CuGe5Pb3O14,
mp-30145,Rb2Bi8Se13,
mp-23648,Li4Al3Si3ClO12,
mp-23651,Na4Al3Ge3IO12,
mp-504880,CaH12CO9,
mp-23655,Na4Al3Si3IO12,
mp-23656,Na4Ga3Si3ClO12,
mp-23659,Na4Ga3Si3BrO12,
mp-23707,ReH12C4O5F,
mp-35091,Li31Zr2Sb13,
mp-505260,Te10Mo3I10,
mp-36165,Na10Zn4O9,
mp-30440,Be22Mo,
mp-30444,Be22W,133.3291975
mp-18271,Na5Ti2Si2PO13,
mp-37749,Na10Fe4O9,
mp-27907,Sb6Pb4S13,
mp-3910,Ce(Al10Cr)2,
mp-40226,Na4Ga3Si3IO12,
mp-40201,Na8Be3Si9(ClO12)2,
mp-31551,Co3(PO4)4,
mp-31554,Co3(PO4)4,
mp-31620,Co2P5O16,
mp-559084,Na4Al3Ge3BrO12,
mp-567053,BaMo2(PO4)4,
mp-567169,BaMo2(PO4)4,
mp-542749,K2(MoSe6)3,
mp-559286,Na4Al3Ge3ClO12,
mp-540179,Li2Cr3(P2O7)2,
mp-567387,Ce(TiAl10)2,
mp-540310,Li2Mo(PO3)5,
mp-540330,Li2V(PO3)5,
mp-19309,Be3Fe4Si3SO12,
mp-686722,Na3TlH24(ClO2)6,
mp-765977,Li2Ni(PO3)5,
mp-770052,Li3Fe2P2(CO7)2,
mp-762779,Li4Mn3P3O12F,
mp-762712,Li4Fe3P3O12F,
mp-704536,Be3Fe4Si3SeO12,
mp-850882,Li2Cr(PO3)5,
mp-650124,K2Rb2Re6S13,
mp-758094,Ce6Y2O15,
mp-649754,Os3C9Se2O9,
mp-624387,Bi2Te2W3O16,
mp-624186,La9B3C6Br5,
mp-756983,Li10Cu(SiO5)2,
mp-622930,Ba4In6O13,
mp-850397,Li4Cr2Fe5O12,
mp-622521,BaNd2(MoO4)4,
mp-708135,YH16C4N9O16,
mp-684021,Sn4Sb6S13,
mp-850174,Li4Cu2Ni5O12,
mp-723002,Ag2H12S(NO)4,
mp-762817,LiMn2(PO3)5,
mp-762815,Li4Ti2Ni5O12,
mp-850103,Li4V5(FeO6)2,
mp-762805,Li4Mn5(FeO6)2,
mp-762798,Li4Fe5(NiO6)2,
mp-17493,Be3Cd4Si3SO12,
mp-772216,LiNb8O14,
mp-759878,RbMgH12(ClO2)3,
mp-762715,Li2Mn3(P2O7)2,
mp-778832,Li3Mn4(BO3)4,
mp-762689,Li4Ti2Fe5O12,
mp-762682,Li4V2Fe5O12,
mp-543040,Ga2Te3(HO2)6,
mp-561300,H14C3NF5,
mp-567527,Eu(Al10V)2,
mp-569364,Be22Re,136.6533281
mp-557072,Ba3TiNb4O15,
mp-557089,Rb2Zn3(P2O7)2,
mp-567904,Na2Mn(PO3)5,
mp-557112,Li4Ga3Si3IO12,
mp-568046,Y5Mg13Cu5,
mp-31711,LiCr2(PO3)5,
mp-553950,Li10Si2PbO10,
mp-557227,KCa12Si4S2O26F,
mp-559549,K2LaNb5O15,
mp-557456,Li4Al3Ge3IO12,
mp-559585,FeAs4F18,
mp-554203,Li4Ga3Si3ClO12,
mp-554195,Sb3As2S14(IF8)3,
mp-557538,Na2Gd2MgSi4(O6F)2,
mp-540671,Ti7Cl16,
mp-540672,Ti7Br16,
mp-31818,Fe3(PO4)4,
mp-554560,Li4Be3P3BrO12,
mp-557836,Na5B2P3O13,
mp-579058,Cs4Tc6S13,
mp-554733,Li4Al3Ge3BrO12,
mp-580113,Dy(Zn10Ru)2,
mp-559732,K2Nd(PO3)5,
mp-554833,CoAs4F18,
mp-569892,Ca9B2(CCl2)4,
mp-569910,SrMo2(PO4)4,
mp-31961,LiMn2(PO3)5,
mp-31985,Li2Mn3(P2O7)2,
mp-562330,Mn3Ag2(P2O7)2,
mp-558566,Ba5Er2ZrAl2O13,
mp-581987,Dy(Zn10Rh)2,
mp-555524,Na4MgC6(SN)6,
mp-558744,K3Fe5F15,
mp-32027,Li2Mn3(P2O7)2,
mp-561352,BaNa2Ti2(Si2O7)2,
mp-772588,Li2V5B3O13,
mp-853214,Li3Mn4(BO3)4,
mp-772573,Li2Cr5B3O13,
mp-853209,Li3Mn4(BO3)4,
mp-772565,Li2Fe5B3O13,
mp-762589,Li4Mn5(NiO6)2,
mp-770307,Li3Mn2P2(CO7)2,
mp-776325,Sc2H6(SeO4)3,
mp-770298,Li3Mn2P2(CO7)2,
mp-770292,Li3Fe2P2(CO7)2,
mp-762565,Li10Fe(SiO5)2,
mp-770263,Li3Mn2P2(CO7)2,
mp-762558,Li2Fe(PO3)5,
mp-721369,AlH12(OF)5,
mp-851280,Li3Mn4(BO3)4,
mp-770207,Li3Fe2P2(CO7)2,
mp-721171,CsMgH12(ClO2)3,
mp-781012,Na4Fe6O13,
mp-763475,Li2V3(P2O7)2,
mp-604254,U2Al20Fe,
mp-781691,Li6Cr5O12,
mp-770146,Li3Mn2P2(CO7)2,
mp-629560,Fe3C9Se2O9,
mp-768740,Li2Bi5B3O13,
mp-699346,LiCo2(PO3)5,
mp-771916,Li2NiH8(CO5)2,
mp-758026,Li4Si4Bi2O13,
mp-850446,Li3Fe4(BO3)4,
mp-623047,Co3C10ClO9,
mp-645592,Nb3(BiO3)5,
mp-698494,K2BiH5(CO2)5,
mp-773128,Li10Co4O9,
mp-780923,Li4V5Cr2O12,
mp-622000,Cs3Sb2N3(O3F2)3,
mp-780901,Li4Cr2Ni5O12,
mp-695449,Ca2Ga2Bi(B2O7)2,
mp-772740,Ba4Lu6O13,
mp-850018,Li3Mn4(BO3)4,
mp-764504,Li3Fe4(BO3)4,
mp-616702,Na10Co4O9,
mp-698405,AgH12C4S5N,
mp-768452,Li5Bi2(BO3)4,
mp-745158,NiH10C2(N2O3)2,
mp-757963,K2MgH8(CO5)2,
mp-555582,C12SeF10,
mvc-12899,Ca3Mn2(Si2O7)2,
mp-32086,Mo3(PO4)4,
mp-541057,Rb4Re6S13,
mp-585378,Li2Co3(P2O7)2,
mp-32120,Mo3(PO4)4,
mp-560022,Ba9Nb2CN10O,
mp-565320,V8O15,
mp-560072,Li4Be3As3ClO12,
mp-32373,Li2Ni3(P2O7)2,
mp-570277,Tb8CrTe13Cl,
mp-32386,Ni3(PO4)4,
mp-32393,Ni2P5O16,
mp-32395,Li2Ni3(P2O7)2,
mp-32435,Li2V3(P2O7)2,
mp-541304,NaMo3P3O16,
mp-32529,V3(PO4)4,
mp-555910,Li2Yb5B3O13,
mp-560263,Pr4Se3(O5F3)2,
mp-560280,TeC6(ClF7)2,
mp-560320,KBa2(PO3)5,
mp-541765,Ba9(NbN6)2,
mp-542160,Co3Ag2(P2O7)2,
mp-556036,Ba3Al2Cu2F16,
mp-565798,Ni5Te4(ClO6)2,
mp-542196,Cr2(Bi2O5)3,
mp-542214,Si6Cl10O7,
mp-542464,Ga2H6(SeO4)3,
mp-689938,LiMn2(PO3)5,
mp-556137,Li2Ca4Si4O13,
mp-560827,MgH8C4(N3O2)2,
mp-565929,K2EuTa5O15,
mp-556886,Li4Al3Ge3ClO12,
mp-560894,Li4Be3P3ClO12,
mp-556298,SiH12C2(NF3)2,
mp-556649,Li4Ga3Si3BrO12,
mp-25714,K2NiH8(CO5)2,
mp-698171,Cu4H7SO11,
mp-25717,Rb2NiH8(CO5)2,
mp-25766,Mn4Be3Ge3SeO12,
mp-25772,Mn4Be3Ge3SO12,
mp-29917,Ca5(CuO2)6,
mp-11027,Cs3Hg20,
mp-705359,Li2Mo(PO3)5,
mp-757947,Li2Sn(PO3)5,
mp-774397,Li4Mn2Co5O12,
mp-615529,Os2Pt(CO)10,
mp-757884,Li2Sn3(P2O7)2,
mp-652494,Cs4Re6S13,
mp-849516,Li4Mn5(CuO6)2,
mp-652337,Fe3Te2(CO)9,
mp-652326,Fe3C9S2O9,
mp-667295,Cs7Cd3Br13,
mp-608431,Os3C9S2O9,
mp-764714,Li3Fe4(BO3)4,
mp-764703,Li3Fe4(BO3)4,
mp-761723,Li2Si4Ni4O13,
mp-764653,Li3Fe4(BO3)4,
mp-605691,La2P3H7O11,
mp-764586,Li3Fe4(BO3)4,
mp-698522,Sb3P2H6C2NO9,
mp-764539,Li3Fe4(BO3)4,
mp-657716,Li2Fe3(P2O7)2,
mp-761503,Li2Cr4Si4O13,
mp-764502,Li3Fe4(BO3)4,
mp-744472,CrH14N4Cl3O,
mp-674421,Tl8Cu4F11,
mp-16793,Be3Cd4Si3SeO12,
mp-768049,Na3Ni2P2(CO7)2,
mp-648363,SbP3C(NCl5)3,
mp-757343,Ca4Bi6O13,
mp-647342,SbP3C(NCl5)3,
mp-697855,Li2Cr3(P2O7)2,
mp-849242,Li10Mn(SiO5)2,
mp-757547,Li2Sn3(P2O7)2,
mp-12817,Tb(Zn10Fe)2,
mp-504980,Sm(Mo4O7)2,
mp-505063,Nd(Mo4O7)2,
mp-505304,Hg2Mo5O16,
mp-25083,LiMo3P3O16,
mp-19314,Mn4Be3Si3SO12,
mp-19467,AgMo3P3O16,
mp-25679,K2CoH8(CO5)2,
mp-25680,Rb2CoH8(CO5)2,
mvc-6525,Cr3(AsO4)4,
mvc-6664,Mo3(AsO4)4,
mvc-6676,Mn3(AsO4)4,
mvc-6713,Ni3(AsO4)4,
mvc-6782,As4W3O16,
mvc-5156,Zn3Si4(MoO7)2,
mvc-5989,Sb3(AsO4)4,
mvc-6155,Ti3(AsO4)4,
mvc-6184,Sn3(AsO4)4,
mvc-6172,Bi3(AsO4)4,
mvc-6284,Fe3(AsO4)4,
mvc-6165,Co3(AsO4)4,
mvc-6351,V3(AsO4)4,
mp-745067,CaH8(BrO6)2,
mp-1019518,Ba2CaSi4(BO7)2,
mp-695952,Cr3(PO4)4,
mp-697078,Cs2SiP4(HO7)2,
mp-849373,Li3Mn4(BO3)4,
mp-849353,Li3Mn4(BO3)4,
mp-849347,Li3Mn4(BO3)4,
mp-667314,Ba9(TaN6)2,
mp-695982,BaNaP3(HO2)6,
mp-1019555,BaNaLi3(BO2)6,
mp-704630,Be3Fe4Si3TeO12,
mp-562331,K2CeTa5O15,
mp-705339,Li2V(PO3)5,
mp-14686,Y5(Si7Os2)2,
mp-14858,Rb4Tc6S13,
mp-15021,Ba3Ta5O15,
mp-15983,Ba2NaNb5O15,
mp-17167,Be3Cd4Si3TeO12,
mp-42036,Nd6Al7Si5N3O25,
mp-697750,Fe3(PO4)4,
mp-3297,Li10Zn4O9,
mp-42508,Na4BeAlSi4ClO12,
mp-42583,Na8BeAl4Si7(ClO12)2,
mp-29500,Ge7F16,
mp-43030,Na2Li2Al3Si3ClO12,
mp-43068,Na3Al3Si3AgBrO12,
mp-43188,Na8BeAl4Si7(BrO12)2,
mp-24578,MgH10(SeO5)2,
mp-24606,Rb2MgH8(CO5)2,
mp-22826,KNb8O14,
mp-16966,Ce(Al10Co)2,
mp-30888,ZrZn22,
mp-4800,Ca11(CN5)2,
mp-28397,Sr4Bi6Se13,
mp-17188,U(Al10V)2,
mp-23145,Na4Al3Si3ClO12,
mp-658303,Gd(Al10Cr)2,
mp-510599,Na2Al2Si3(HO3)4,
mp-1096815,Ba3Ta4NbO15,
mp-1096858,Ba3TaNb4O15,
mp-705297,Mo3(PO4)4,
mp-562704,K2CeNb5O15,
mp-694763,Ni2P5O16,
mp-669382,Co,198.9921789
mp-541953,Rb4Zr3Te16,
mp-554483,KCd3H8Cl7O4,
mp-554260,SnSb2As2F18,
mp-34541,Li31Zr2P13,
mp-780305,Li6Fe5O12,
mp-680161,Sm8CrTe13Cl,
mp-585416,Co3(PO4)4,
mp-11026,Rb3Hg20,
mp-31653,Cr2P5O16,
mp-26823,Li2Cu3(P2O7)2,
mp-31896,Fe3(PO4)4,
mp-31744,Cr3(PO4)4,
mp-32037,Mn2P5O16,
mp-32485,V3(PO4)4,
mp-38089,Na10Mn4O9,
mp-31810,Fe3(PO4)4,
mp-32410,V2P5O16,
mp-31829,Fe3(PO4)4,
mp-31833,Li2Fe3(P2O7)2,
mp-540011,Li2Ni(PO3)5,
mp-695782,Li2Cr3(P2O7)2,
mp-705005,Li2Ni(PO3)5,
mp-705273,V3(PO4)4,
mp-637210,V8O15,
mp-694738,Cr3(PO4)4,
mp-628076,FeAs4F18,
mp-694756,Li2Ni3(P2O7)2,
mp-704319,Co3(PO4)4,
mp-695859,Co3(PO4)4,
mp-705796,Na10Mn4O9,
mp-585353,Co3(PO4)4,
mp-697810,Fe3(PO4)4,
mp-667330,SbP3C(NCl5)3,
mp-1100920,VH10S2(NO4)2,
mp-505113,TiSn6F16,
mp-562129,BaNb8O14,
mp-850775,Li7Mn8(BO3)8,
mp-764896,Li7Fe8(BO3)8,
mp-777108,Mn15O32,
mp-669495,Nd14Cl32O,
mp-868759,Mn15O32,
mp-777671,Li7Mn8(BO3)8,
mp-684606,Cu27Se20,
mp-642328,U13O34,
mp-6760,Na3La9B8O27,
mp-772084,Li5Cu6(P2O7)4,
mp-649704,Ce9(Ni13P6)2,
mp-769470,Li11Fe(WO4)7,
mp-997525,Li4Co15O28,
mp-779356,Li7Mn8(BO3)8,
mp-779313,Li7Mn8(BO3)8,
mp-779303,Li7Mn8(BO3)8,
mp-779296,Li7Mn8(BO3)8,
mp-779028,Li7Mn8(BO3)8,
mp-762194,Sr12Fe8O27,
mp-778813,Li7Mn8(BO3)8,
mp-778694,Li7Mn8(BO3)8,
mp-773457,Li9Fe3(WO4)7,
mp-777686,Li9Mn3(WO4)7,
mp-504876,Hg19(As5Br9)2,
mp-38676,Li11(NiO2)12,
mp-777624,Li9V3(WO4)7,
mp-621825,Y6Pb8OF32,
mp-743588,Mn3H24(O3F2)4,
mp-772749,Ti17(NO4)6,
mp-37167,U12Rh4Se31,
mp-562731,La4Ti9(Si2O15)2,
mp-759634,Sr16Cu8O23,
mp-772535,LiNb13O33,
mp-850944,Li21(Co4O9)2,
mp-850450,Li7Fe8(BO3)8,
mp-707732,Na4ZnP6(HO2)12,
mp-672212,NaNb13O33,
mp-560771,La4Ti9(Si2O15)2,
mp-778229,Li9Cr3(WO4)7,
mp-769575,Li6Co5(P2O7)4,
mp-767137,Li3Sb17S27,
mp-781628,Li7Mn8(BO3)8,
mp-764523,Li7Fe8(BO3)8,
mp-757218,K4Na2H18Pd(IO10)2,
mp-1094099,Sr10Fe10O27,
mp-698713,Li11(NiO2)12,
mp-35801,U12Ir4Se31,
mp-768771,Li3Bi(BO3)2,
mp-765064,Li2VCrP2(O4F)2,
mp-850866,CeHfO4,
mp-1016059,CrN2,
mp-13944,Li3AlN2,104.4931855
mp-647805,Ce21Fe8Bi7C12,
mp-765014,Na2LiMn(PO3)5,
mp-647363,La21Fe8Bi7C12,
mp-758283,LiCuF4,
mp-758051,Mg7Cu17O24,
mp-775830,Na3Bi(BO3)2,
mp-850771,Li8Mn7Fe(BO3)8,
mp-767725,Sr2CrCO3F5,
mp-768107,Na13Ni11O24,
mp-850913,LiVOF3,
mp-767724,Li5Fe3(BO3)4,
mp-850489,CrPO4,
mp-768089,Na2NiPCO7,
mp-767710,Li2VP2O7,
mp-768070,Na2NiPCO7,
mp-558310,BaLi2SiO4,
mp-758659,H2RuC3(ClO2)2,
mp-775735,Sr2CoCO3F5,
mp-850375,Li8Mn3Fe5(BO3)8,
mp-774624,LiCuBO3,
mp-850226,Li8Mn7Fe(BO3)8,
mp-850743,Li8MnFe7(BO3)8,
mp-9360,CaU(PO4)2,
mp-764581,Li2VFeP2(O4F)2,
mp-821,NbO2,
mp-775768,Na2NiPCO7,
mp-674332,U17O31,
mp-775744,Na2NiPCO7,
mp-758505,LiCu3(CO3)3,
mp-758383,LiCu3(CO3)3,
mp-758299,Li2SnP2O7,
mp-850260,Li8MnFe7(BO3)8,
mp-757844,Li5Sn(P2O7)2,
mvc-6375,WO2,
mvc-6377,MoO2,
mp-673029,LiSn2P5O16,
mp-675063,KBa2As5,
mp-765523,Ca7Cu17O24,
mp-775561,Na2FePCO7,
mp-775512,Na2NiPCO7,
mp-775513,Na2NiPCO7,
mp-759535,Na3Cu5O4,
mp-7423,Sm3ReO8,
mp-775378,Li8Mn3Fe5(BO3)8,
mp-685515,TlOF,
mp-504555,KU2F9,
mp-764377,Na7Ni17O24,
mp-849665,Mn3OF8,
mp-675493,Sb8Cl27F13,
mp-849572,Li2Fe3OF6,
mp-780866,LiFe2Si2O7,
mp-764078,Li4TiMn3O8,
mp-6491,Na2ZnP2O7,
mp-647579,ZnBr2,
mp-861494,V3CoO8,
mp-653562,Ag3I(NO3)2,
mp-675380,Nb15IrS32,
mp-763807,Li11Ni13O24,
mvc-14931,MnO2,
mvc-13181,FeO2,
mp-780799,Li8Mn5Fe3(BO3)8,
mp-707339,AsH6NO4,
mp-777436,Li2MnVP2(O4F)2,
mvc-12174,CrPO4,
mvc-12122,VCuO4,
mp-771188,Mn13Fe3O32,
mp-771053,Mn5Cr3O16,
mp-761423,La3Mn3O10,
mp-683982,RuOF4,
mp-683906,Yb5Cu11Sn8,
mp-683893,HfGe2Rh,
mp-672376,Re2Cl7O3,
mp-774042,Li8Mn5Fe3(BO3)8,
mp-5214,TiTe3O8,
mp-600003,SiO2,
mp-24207,H6CN4O,
mp-762526,LiMn3Al2(HO2)6,
mp-771521,LiLa6Mn3O14,
mp-762521,LiMn3Al2(HO2)6,
mp-645206,CuReO4,
mp-762489,LiMn3Al2(HO2)6,
mp-762480,LiMn3Al2(HO2)6,
mp-780330,Li2MnP4H3O14,
mp-762478,LiMn3Al2(HO2)6,
mp-762477,LiMn3Al2(HO2)6,
mp-762476,LiMn3Al2(HO2)6,
mp-762475,LiMn3Al2(HO2)6,
mp-21686,Ba4UCr2S9,
mp-640563,UCl2O,
mp-771045,La2SiO5,
mp-706625,TeH5O6,
mp-639695,SiO2,
mvc-5466,CoO2,
mvc-5316,SnO2,
mvc-5295,CrO2,
mp-769201,LiCuHCO4,
mp-603128,SrEu2Fe2O7,
mp-770338,Li2MnPCO7,
mp-780938,Li4MnFe3(BO3)4,
mp-705153,K4CoMo4O15,
mp-853227,Mn15NiO32,
mp-770288,Li3B2SbO6,
mp-770287,Li3Sn(BO3)2,
mvc-4715,TiO2,
mp-770194,Li3Ti(BO3)2,
mp-5241,DyPS4,
mp-679983,CsP4N7,
mp-762291,LiCo2C2O7,
mp-720406,Na2B5H5O12,
mp-6175,BaLi2P2O7,
mp-868618,Na2MnPCO7,
mp-762199,LiP2WO8,
mp-621994,NdOsO4,
mp-5224,BaSi2O5,
mp-5079,KSbF4,
mp-606149,SrGd2Co2O7,
mp-673679,Li3MnP2,
mp-679929,LiEu3SiCl3O4,
mvc-12038,Mn4(SiO3)5,
mp-624117,Cs3V4Te2ClO14,
mp-861244,Li5Fe(P2O7)2,
mp-603081,EuTl(MoO4)2,
mp-601228,NaH2CSO4F3,
mp-642422,RbP2WO8,
mp-1016081,CrN2,
mp-762170,Li2NiP2O7,
mp-769516,Na2NiPCO7,
mp-683942,BaU(SeO4)2,
mp-769464,LiLa3MnO7,
mp-780470,Li8Mn3Fe5(BO3)8,
mp-780403,NaCu3O2,
mp-769355,AgH3O2,
mp-769345,Ho3ReO8,
mp-767846,Sr2FeCO3F5,
mp-767834,Sr2MnCO3F5,
mp-780159,LiCoH8(SO6)2,
mp-767830,FePO4,
mp-767829,FePO4,
mp-767822,MnFe3(PO4)4,
mp-767817,MnFe7(PO4)8,
mp-767796,MgV3O8,
mp-767789,LiV(PO4)2,
mp-767777,Li2V(Si2O5)3,
mp-995214,H6PbCI3N,14.97915182
mp-995203,H6PbCI3N,
mp-705333,LiMo(PO4)2,
mp-705087,Rb3CoNCl4O3,
mp-775405,Na2NiPCO7,
mp-764246,WOF4,
mp-767569,Mn3Fe(PO4)4,
mp-764238,WOF4,
mp-771407,Li3Fe(BO3)2,
mp-762088,K2OsO5,
mp-771375,Li2FePCO7,
mp-767591,MnFe3(PO4)4,
mvc-5860,BiO2,
mp-997535,Li9Mg(Ni6O13)2,
mp-761916,NaH4Au(Br2O)2,
mvc-5581,SbO2,
mp-775340,Li2Cr(Si2O5)3,
mp-775339,Li2V(Si2O5)3,
mp-775257,Li8Mn3Fe5(BO3)8,
mp-775239,Li4Mn3Fe(BO3)4,
mp-650228,KIn(MoO4)2,
mp-861694,CoPO4,
mvc-5310,VO2,
mp-650024,RbLiBi2(MoO4)4,
mp-868586,LiMn(PO4)2,
mp-779873,Li8Mn7Fe(BO3)8,
mp-770422,Li2MnPCO7,
mp-779867,Li8Mn7Fe(BO3)8,
mp-770910,Li3Mn(BO3)2,
mp-686689,Y2BeAlBO7,
mp-638100,CeTl2P2S7,
mp-779854,Li8Mn7Fe(BO3)8,
mp-770906,Li3Mn(BO3)2,
mp-779853,Li3Co(BO3)2,
mp-990432,H6PbCI3N,
mp-685168,BeF2,
mp-686526,NaCaAlSi2O7,
mp-779789,Li4Mn3Fe(BO3)4,
mp-764011,NaV(PO4)2,
mp-743651,MnP2H4O5,
mp-767245,Sr2VCO3F5,
mp-761313,Li2VP2O7,
mp-770818,Li3Cu5O4,
mp-642642,Ba2(InP)5,
mp-642482,Sr7Mn4O13,
mp-770786,Li3Ni(BO3)2,
mp-743586,VP(H2O3)2,
mp-649729,NbO2,
mp-767204,Li2V(Si2O5)3,
mp-770750,Li3Al(FeO3)2,
mp-779395,Li8Mn5Fe3(BO3)8,
mp-684104,LiSb2P5O16,
mp-863944,Ba5V5O14,
mp-770728,Li3CrO4,
mp-774976,Li8Mn5Fe3(BO3)8,
mp-641545,CsCr3O8,
mp-860971,ErH(SO4)2,
mp-779372,Li8Mn3Fe5(BO3)8,
mp-641500,Na5Co2O5,
mp-641415,PbWO4,
mp-770693,Li3MnAl2O6,
mp-779306,Li3Fe(BO3)2,
mp-769515,Na2FePCO7,
mp-1019532,BaAl4O7,
mp-770686,Li3MnAl2O6,
mp-779267,Li8Mn7Fe(BO3)8,
mp-763890,Li2VCrP2(O4F)2,
mp-763888,WOF4,
mp-769501,Na2NiPCO7,
mp-779268,Li8Mn5Fe3(BO3)8,
mp-763882,Li2VCrP2(O4F)2,
mp-683887,Ba5Na2Ru3O14,
mp-705586,SrLa9Mg2Ga6(FeO14)2,
mp-769474,Na2MnPCO7,
mp-779234,Li8Mn7Fe(BO3)8,
mp-774547,Er2GeO5,
mp-779219,Li8Mn7Fe(BO3)8,
mp-779502,Na3CuO2,
mp-779218,Li8MnFe7(BO3)8,
mp-743541,MnPH5CO4,
mp-763829,Ba5Mn5O14,
mp-779067,Li4MnFe3(BO3)4,
mp-779175,Li8Mn7Fe(BO3)8,
mp-770589,Li3Al2FeO6,
mp-779167,Li8Mn7Fe(BO3)8,
mp-761057,Sr5Nb4O15,
mp-683983,TaO2,
mp-770555,MnPO4,
mp-778894,Li8Mn5Fe3(BO3)8,
mp-779085,LiMn2F5,
mp-766984,Li2Fe(Si2O5)3,
mp-779074,Li8Mn7Fe(BO3)8,
mp-760162,BiOF,
mp-733853,K2HI2ClO6,
mp-775644,V3CuO8,
mp-778883,Li8Mn3Fe5(BO3)8,
mp-760092,SbOF,
mp-733509,Na2TiSi4H4O13,
mp-680219,UPb(SeO4)2,
mp-760002,Li3Cu2F7,
mp-763822,LiMnF4,
mp-866641,K2Na(H2N)3,
mp-778882,Li8Mn5Fe3(BO3)8,
mp-636225,KLiNd2(MoO4)4,
mp-759796,Mg5Ti13O30,
mp-766835,InP(H2O3)2,
mp-763680,LiMn3Al2(HO2)6,
mp-779031,NaV(PO4)2,
mp-773964,Ba10LiW7O30,
mp-733590,TlCuHCO4,
mp-722997,NaCaAlH2OF6,
mp-759694,Mg2Ti7O15,
mp-766754,Li2NiP2O7,
mp-778755,Li8MnFe7(BO3)8,
mp-770362,Li3Al2VO6,
mp-763615,LiFe2C2O7,
mp-777804,LiFeF4,
mp-770345,Li3V(BO3)2,
mp-770343,Li3V(BO3)2,
mp-722381,CdH4S2O5,
mp-778721,Li8Mn7Fe(BO3)8,
mp-677549,Ca2Al2SiO7,
mp-773605,Na3Mn(BO3)2,
mp-763572,LiV2P5O16,
mp-773604,Na3Co(BO3)2,
mp-773603,Na3V(BO3)2,
mp-773599,NaSb3O8,
mp-1012740,H6RuCI3N,
mp-770290,Li3B2SbO6,
mp-775643,Na2MnPCO7,
mp-769524,Li11Nb4(Ni3O8)3,
mp-769506,Na2FePCO7,
mp-769504,Na2NiPCO7,
mp-775614,Na2MnPCO7,
mp-696403,BHO2,
mp-769485,Na2MnPCO7,
mp-721471,CuPH4O5F,
mp-780443,Li8MnFe7(BO3)8,
mp-763526,LiP(WO4)2,
mp-775537,Na2FePCO7,
mp-780440,Li8MnFe7(BO3)8,
mp-773526,Na3Cr(BO3)2,
mp-778625,LiCr2P5O16,
mp-766505,RbH2O2F,
mp-721582,H2S,
mp-721301,H4CS(NO)3,
mp-775499,Na2MnPCO7,
mp-721442,PH5(NO2)2,
mp-775497,Na2NiPCO7,
mp-780292,Li8Mn5Fe3(BO3)8,
mp-770228,Li2FePCO7,
mp-631397,FeBN3O3F4,
mp-778566,Li4Mn3Fe(BO3)4,
mp-763488,LiCrF4,
mp-763483,LiP2WO8,
mp-631350,MnC5BrO5,
mp-763471,LiFe2C2O7,
mp-770172,Li4MnCrO6,
mp-766274,Cu2H3NO6,
mp-777898,LiFeF4,
mp-770167,Li2FePCO7,
mp-770166,Li2FePCO7,
mp-758655,H8C2BrN,
mp-868843,MnCo3O8,
mp-770178,Li4MnCrO6,
mp-651682,Cu3B7IO13,
mp-770162,Li2FePCO7,
mp-770156,Li4MnCrO6,
mp-777891,LiFeF4,
mp-780161,LiMnO2,
mp-773407,Na3Ni(BO3)2,
mp-780113,LiMnP2HO7,
mp-995237,SiH6CI3N,
mp-995236,GeH6CI3N,
mp-630880,LiNd2Tl(MoO4)4,
mp-995232,H6PbCBr3N,
mp-630867,RbLiNd2(MoO4)4,
mp-995227,H6PbCI3N,
mp-773397,GeWO4,
mp-764336,Li4Mn3OF8,
mp-630491,KV(IO4)2,
mp-758418,Tl16O15F17,
mp-770865,Mn3SnO8,
mp-763410,LiP2WO8,
mp-770106,Li4MnCrO6,
mp-676365,Li2TiO3,
mp-773993,Mn3BiO8,
mp-773946,Mn3CrO8,
mp-766506,Li3CuS2,
mp-28478,NaTe3,
mp-23165,PtBr3,
mp-25943,Li2CuP2O7,
mp-17279,SiO2,
mp-5036,ErPS4,
mp-34150,SiO2,
mp-26407,Li2SnP2O7,
mp-28566,NaTiSe4,
mp-17377,KNb(PO4)2,
mp-29940,SbClF10,
mp-21547,Na3InSb2,
mp-21569,HfReSi2,
mp-21577,Na3InP2,
mp-27018,SnPO4,
mp-27033,Li2SnP2O7,
mp-23375,PNCl2,
mp-21606,TiMnSi2,
mp-28662,Tl2SnTe3,
mp-27133,BiPS4,
mp-31134,PtCl3,
mp-21622,Na3InAs2,
mp-21639,KTiF4,
mp-504575,MoOF4,
mp-27161,ZnI2,
mp-21662,TiFeSi2,180.2682057
mp-23457,PBr2N,
mp-762213,Li3Ni5O8,
mp-21699,BaLa2In2O7,
mp-21705,K2In3AgSe6,
mp-17617,K2Ti(Si2O5)3,
mp-21713,K2In3CuSe6,
mp-34578,Ba4Y3F17,
mp-34580,Er3Pb4F17,
mp-21739,ScCoGe2,
mp-28757,Nd(AlBr4)3,
mp-28763,CaAsPd,
mp-30137,Gd3ReO8,
mp-30140,BeI2,
mp-30150,GaBH6,
mp-17679,RbNb(PO4)2,
mp-23598,SIO3F,
mp-23609,Zn3B7ClO13,
mp-23617,Mg3B7ClO13,
mp-23634,KSbClF3,
mp-28804,TcO2F3,
mp-31266,YPS4,
mp-27297,ReCl4O,
mp-30184,H4C7O,
mp-30185,BaSi23,
mp-28851,Na4Cd3Se5,
mp-504934,Sc2CI3,
mp-23748,MgBHO3,
mp-21904,PbS2O3,
mp-569510,CdI2,
mp-505088,NbTe4I,
mp-27383,Nb3CuO8,
mp-23909,H6CN3ClO,
mp-23934,PH6NO4,
mp-29006,P2SO3,
mp-27466,LiTe3,
mp-31314,K2PSe3,
mp-35769,Sr4Lu3F17,
mp-29018,ZrSnCl6,
mp-24022,RbH3(SeO3)2,
mp-35986,Ba4Nd3F17,
mp-505357,InSeI,
mp-27554,Ag3AuS2,
mp-27576,Sc2GeO5,
mp-27590,CsB9H14,
mp-34993,LiAlO2,153.5743538
mp-29123,Se2Br3N,
mp-18109,RbDy(SO4)2,
mp-24193,NaH3O2,
mp-505495,KP4N7,
mp-505496,RbP4N7,
mp-29147,MoCl5,
mp-27645,ReCl5,
mp-24235,H6CSN4,
mp-29226,Ca3Ga4O9,
mp-22407,BaCu2Si2O7,
mp-29237,Tl2SnSe3,
mp-27773,H5IO6,
mp-27783,CsReBr4,
mp-18352,HfTe3O8,
mp-30543,RbAg7S4,
mp-29296,CsSbF4,
mp-38357,Ba4Bi3F17,
mp-29311,S3N2Cl,
mp-18460,K2Si6GeO15,
mp-27894,La2Re3B7,
mp-3887,Li3GaN2,98.95017955
mp-38916,Y3Pb4F17,
mp-18532,HoPS4,
mp-39020,LiTa3N4,
mp-18555,KEr(SO4)2,
mp-39140,Na4Al3Si3HO13,
mp-18582,Rb2Ti(Si2O5)3,
mp-18628,Dy5B2C5,
mp-3932,Ca3Si2O7,
mp-600016,SiO2,
mp-3954,PrPS4,
mp-39823,Na8Al6Si6CO27,
mp-39938,K2Re3CS5N,
mp-40575,LiNi2P4H3O14,
mp-31575,LiCo2P5O16,
mp-40963,Na2ZnP2O7,
mp-41092,AsSClOF8,
mp-31580,Li2CoP2O7,
mp-41634,K2SnH2OF6,
mp-41701,LiCo2P4H3O14,
mp-31604,Li2CoP2O7,
mp-559083,Ca2MgSi2O7,
mp-559089,PS2N3(Cl2O)2,
mp-559093,Tl2BiP2S7,
mp-567055,CuMoO4,
mp-571383,PdSe,
mp-30718,K5Hg7,
mp-542609,AgAsS2,
mp-567153,Mn3B7BrO13,
mp-556908,Nd5As4(ClO4)3,
mp-561237,LiCaBO3,
mp-571406,Ga2Pt,
mp-542694,HI3O8,
mp-559224,Sr3Al2Cl2O5,
mp-540026,Li2FeP2O7,
mp-540038,LiMo(PO4)2,
mp-554999,ZnS,
mp-30749,Zr5Ir3,
mp-540223,Li2MnP2O7,
mp-540231,Li2FeP2O7,59.4404871
mp-561261,CePS4,
mp-540234,Li2NiP2O7,
mp-555006,CsGa2P5O16,
mp-561268,As3Pb2ClO6,
mp-556974,BaB4O7,
mp-559309,K3ZnNCl4O3,
mp-543028,Tl2TeO3,
mp-628633,Se2SN2Cl,
mp-763370,LiP2WO8,
mp-625174,H5IO6,
mp-628614,Ce2Si7Rh15,
mp-761952,Li5Sb(P2O7)2,
mp-764181,Li2Co3OF6,
mp-651301,NaIn(MoO4)2,
mp-775268,Li8Mn7Fe(BO3)8,
mp-715035,VO2,
mp-622213,GeS2,
mp-777297,K5H(CN2)2,
mp-707463,KNaReH9,
mp-607917,La21Fe8Sn7C12,
mp-758180,CsSi3HO7,
mp-775252,Li8Mn3Fe5(BO3)8,
mp-763337,Li3Mn2F7,
mp-758115,Li2SnP2O7,
mp-761698,Mn3CoO8,
mp-707195,KSiHO3,
mp-769763,Li5Cu(HO2)2,
mp-777567,LiFeF4,
mp-779866,Li8MnFe7(BO3)8,
mp-623924,MnC5ClO5,
mp-779832,Li8Mn5Fe3(BO3)8,
mp-773213,Li3Fe(BO3)2,
mp-779805,Li8Mn3Fe5(BO3)8,
mp-761344,Li2VP2O7,
mp-779783,Li4MnFe3(BO3)4,
mp-730190,H4NF,
mp-706805,Sr4Mn2CoO9,
mp-743624,Ca5DyTi5Fe(SiO5)6,
mp-779403,Li4Mn3Fe(BO3)4,
mp-779381,Li8MnFe7(BO3)8,
mp-622295,NaMo(PO4)2,
mp-622278,TlV2SbO8,
mp-706579,KH3(SeO3)2,
mp-779373,Li8Mn3Fe5(BO3)8,
mp-622258,RbV2SbO8,
mp-860960,Ba4(PtO3)3,
mp-669400,ScRe2Si3,
mp-616059,K4MnMo4O15,
mp-622116,ReOF4,
mp-615537,PdC2ClO2,
mp-773070,KNb2O5,
mp-683791,Mn2InC10ClO10,
mp-683668,Mn2InC10BrO10,
mp-770660,Li12CrGa11O24,
mp-683652,Mn2InC10IO10,
mp-683600,K3Cr4PO16,
mp-707754,CaH2I2O7,
mp-778304,Mn3NiO8,
mp-774302,TiMn3O8,
mp-779197,Li4Mn3Fe(BO3)4,
mp-866869,Ca3Sn2S7,
mp-774284,Co3BiO8,
mp-771640,BaSrI4,
mp-600005,SiO2,
mp-707441,SnH12Pt(N2Cl3)2,
mp-779099,Li2MnFe(BO3)2,
mp-620054,ReC5BrO5,3.531985283
mp-707333,Na3SiH3O5,
mp-619770,LiIn(MoO4)2,
mp-680424,AlPO4,
mp-680417,CeSb(SBr)2,
mp-680403,K2In3AgSe6,
mp-760134,NbSb3O8,
mp-680334,LaSb(SBr)2,
mp-556564,SiO2,
mp-778897,Li2MnFe(BO3)2,
mp-778892,Li8MnFe7(BO3)8,
mp-730460,Na5H3(CO3)4,
mp-778866,Li4Mn3Fe(BO3)4,
mp-772695,Na3Fe(BO3)2,
mp-778862,Li8MnFe7(BO3)8,
mp-777067,Li2MnP2O7,
mp-777066,Li2MnP2O7,
mp-706612,BH5(NF2)2,
mp-19499,KY(MoO4)2,
mp-543042,ScP(H2O3)2,
mp-569342,RbH3WO7,
mp-559336,NaNb3(TeO4)4,
mp-559344,WSF4,
mp-569348,TlGaBr4,
mp-559347,SiO2,
mp-571510,Pr5B2C5,
mp-555059,TcSb(OF4)2,
mp-561318,Ba2AlCu2F11,
mp-571516,CdI2,
mp-567638,TaPt3,
mp-567710,KPr3Te8,
mp-567734,AlAs3(SeCl)4,
mp-569468,CdI2,
mp-567874,Pr(AlBr4)3,
mp-557085,FeS4N4Cl3,
mp-555133,AsC2N(OF3)2,
mp-559460,Cs2Ti(Si2O5)3,
mp-31707,CrPO4,
mp-557132,Os2O3F7,
mp-568135,Cs4Sc6CCl13,
mp-559489,K2ZrSi2O7,
mp-31721,Li2CrP2O7,
mp-540558,S5N4O3,
mp-572283,SiO2,89.54350341
mp-572284,SbXeOF9,
mp-540572,NCl3,
mp-553916,ZnS,
mp-31731,LiCr2P5O16,
mp-568381,RbAu(CN)2,
mp-559534,Ba5Al2In2IrClO13,
mp-31735,Li2CrP2O7,
mp-557263,H6CN2O3,
mp-557264,SiO2,
mp-553993,SiO2,
mp-555211,SiO2,
mp-557301,K2Ti(Si2O5)3,
mp-572892,GeS2,
mp-13551,ScTeO3F,
mp-557331,FeS4N4Cl3,
mp-572970,WSCl4,
mp-569608,BP2N2Cl7,
mp-557371,CaBi2B2O7,
mp-557367,K2CaAs2O7,
mp-540622,RhF5,
mp-540625,GeSe2,
mp-554115,ZnS,
mp-559574,K3Sm(BO3)2,
mp-573274,CsNb3SBr7,
mp-554157,KNaZnP2O7,
mp-554160,K2CuP2O7,
mp-28801,La5Ti4O15,
mp-554164,KLiZnP2O7,
mp-554175,SiO2,
mp-561533,SbOF,
mp-559602,AgSb(S8F3)2,
mp-554258,SiO2,
mp-554267,SiO2,
mp-555259,UTe2PbO8,
mp-540668,BS2,
mp-557600,SbC2N(OF3)2,
mp-557645,K5NaS4(ClO6)2,
mp-769610,Ca5Ta4O15,
mp-557649,K2Ce(Si2O5)3,
mp-574272,Ca5Pb3,
mp-554495,CaZr(PO4)2,
mp-554501,Ba5Os3ClO15,
mp-557747,K2SrP2O7,
mp-554539,Ca6Si3H2O13,
mp-559655,PNF2,
mp-557799,As2Pb(XeF6)3,
mp-554590,Cu3B7BrO13,
mp-559670,KBaYSi2O7,
mp-554630,ZnS,
mp-554625,SbS2NCl8,
mp-557869,S,
mp-557882,BaCr4S7,
mp-557917,SbI(OF4)2,
mp-554713,ZnS,
mp-555349,La2CO5,
mp-561822,Ag2PS3,
mp-559706,Li3Gd(BO3)2,
mp-557961,SbCNCl4O,
mp-554759,SrBNO,
mp-540776,RbCr2FeO8,
mp-31888,LiFe2P5O16,
mp-555381,ZnS,
mp-559719,LiPr(SO4)2,
mp-569855,MoCl5,
mp-555394,SiO2,
mp-580525,DyNiSn2,
mp-580562,BaGd2Mn2O7,
mp-561936,RbIn(MoO4)2,
mp-554825,K2SnP2O7,
mp-554829,ZnS,
mp-540829,RuF5,
mp-540830,OsF5,
mp-568709,Dy2Ni7Sn3,
mp-540838,Ni3B7IO13,
mp-28601,NbBr5,
mp-31953,Li2MnP2O7,
mp-558294,Li3TaO4,
mp-554859,KGeAuS3,
mp-558301,SiO2,
mp-31959,Li2MnP2O7,
mp-559786,NaAs4BrO6,
mp-559788,RhC2ClO2,
mp-555467,Sr2AlCO3F5,
mp-581639,Mg2BN2Cl,
mp-554876,AsCS2N2OF5,
mp-558390,RbGa2P5O16,
mp-558403,P2Pb(XeF6)3,
mp-558478,La3NbSe2(O2F)2,
mp-554889,ZnS,
mp-555505,Na2YbC2O6F,
mp-558576,ReSb(OF4)2,
mp-582023,La21Fe8Sb7C12,
mp-558601,BaWO4,
mp-568846,TaBr5,
mp-562575,KMo(PO4)2,
mp-570046,Sr3MoN4,
mp-559897,OsO2F3,
mp-558797,VF5,
mp-558804,CsGeB3O7,
mp-558805,Na3Nd(BO3)2,
mp-555543,ZnS,
mp-562747,SrTb2Fe2O7,
mp-558844,SNClO,
mp-562764,Ba7B4S13,
mp-555556,SiO2,
mp-558879,OsOF4,
mp-582723,Cs3AlAs2,
mp-558888,PS2N3Cl2(OF)2,
mp-568896,La(AlBr4)3,
mp-582883,Pr21Fe8Bi7C12,
mp-772630,Li3V(BO3)2,
mp-772628,Li3V(BO3)2,
mp-765597,HS2IO8,
mp-706518,TlCrO4,
mp-759651,ScH6Br3N2,
mp-778763,Li8Mn7Fe(BO3)8,
mp-778754,Li8MnFe7(BO3)8,
mp-669376,KU2F9,
mp-762627,LiFe2P5O16,
mp-763573,Li5V(P2O7)2,
mp-705857,MgV3O8,
mp-605347,HgTe(H2O3)2,
mp-759172,TaSb3O8,
mp-778635,Li4MnFe3(BO3)4,
mp-778626,Li8Mn3Fe5(BO3)8,
mp-783907,LiMnP2HO7,
mp-763515,LiMnF4,
mp-698605,CaGaBiB2O7,
mp-758855,LiZnBO3,
mp-776665,Li2MnP2O7,
mp-782001,Li8La4TiNb7O28,
mp-608461,PaCl2O,
mp-771533,CoPO4,
mp-763486,Li2Mn3OF6,
mp-703516,K2TiH2O3F4,
mp-648163,ReC5ClO5,
mp-770165,Li2FePCO7,
mp-763458,V2GaO5,
mp-676767,Ba4Yb3F17,
mp-770161,Li2FePCO7,
mp-604147,Na2Li(H2N)3,
mp-604120,PH6NO4,
mp-850985,LiFeP2HO7,
mp-699660,KHo2Cu(MoO4)4,
mp-630303,RhC2IO2,
mp-699636,KTb2Cu(MoO4)4,
mp-676449,Na4Al3Si3NO13,
mp-758332,CaGd4O7,
mp-768820,Li3Bi(BO3)2,
mp-761665,Li2CoP2O7,
mp-761664,Li2CoP2O7,
mp-768809,Li3Bi(BO3)2,
mp-768788,Li3Bi(BO3)2,
mp-605771,TlIn(MoO4)2,
mp-770061,Li2FePCO7,
mp-781504,Li2CrP2O7,
mp-605486,ScTl(MoO4)2,
mp-770054,Li2FePCO7,
mp-605374,CsU2H3(C2O7)2,
mp-758059,Ba7Pb17O24,
mp-645796,TlFe(MoO4)2,
mp-715517,VO2,
mp-675681,Ba4Er3F17,
mp-698690,NaCaGaSi2O7,
mp-778512,LiFeF4,
mp-771295,LiMnBO3,
mp-765884,Zr15VO32,
mp-645568,TlCr(MoO4)2,
mp-774390,Mn3SbO8,
mp-850374,Li4Mn3Fe(BO3)4,
mp-761567,Li2MnP2O7,
mp-698210,RbCoH24(C7N4)2,
mp-698206,Ba5Re3O16,
mp-780977,Li4MnFe3(BO3)4,
mp-771279,Li4TiCrO6,
mp-560131,SiO2,
mp-644875,Ba2(InAs)5,
mp-763180,FeOF,
mp-778352,LiFeF4,
mp-621981,TlAg(CN)2,
mp-621943,Re2C3I4O3,
mp-621927,Os3C10SO10,
mp-771268,Li4TiCrO6,
mp-777203,Li2MnVP2(O4F)2,
mp-772874,CaBi2O5,
mp-761456,Li2FeP2O7,
mp-761452,Li2Fe(Si2O5)3,
mp-672200,RbC2N3,
mp-697721,H8C2NCl,
mp-778259,PrHfO4,
mp-757964,LiSn2P5O16,
mp-745154,MnZn2Si(HO3)2,
mp-559932,KTeOF3,
mp-694683,Li2NiP2O7,
mp-583213,HgI2,
mp-555575,Rb2AgC3(SN)3,
mp-583221,Ba7B4Se13,
mp-555583,ZnS,
mp-570132,Mg8B5IN10,
mp-583581,W2NCl9,
mp-555594,ZnS,
mp-555628,ZnS,
mp-32123,LiMo2PO8,
mp-560016,NaNb2PO8,
mp-555650,NdSeClO3,
mp-555664,ZnS,
mp-541142,CrP(HO)5,
mp-560032,NaNb2AsO8,
mp-565322,Mn3B7IO13,
mp-6383,BaBe2Si2O7,
mp-555700,SiO2,
mp-555704,ReO2F3,
mp-541176,CsV2P5O16,
mp-560078,KLaCr2O8,
mp-555732,YbPS4,
mp-541193,Hg7Cl2O3,
mp-565377,KTbCr2O8,
mp-32383,Li2NiP2O7,
mp-541214,KS2O3,
mp-570316,B,
mp-6748,Cs2Ti(Si2O5)3,
mp-569168,Ba6NaCu3Te14,
mp-560152,SiO2,
mp-32465,LiV(PO4)2,
mp-541341,PtF5,
mp-560225,RbP2WO8,
mp-555880,ZnBi2B2O7,
mp-565589,Rb2CaV2O7,
mp-555899,Li2Si3O7,
mp-541379,KSnS4,
mp-541380,RbSnS4,
mp-7736,LuNiSn2,
mp-1099073,Ti15NbO32,
mp-560260,CsLa(SO4)2,
mp-555914,K2CaP2O7,
mp-541407,RbCuSnS3,
mp-541436,NbTl(PO4)2,
mp-560275,PNF2,
mp-8198,Rb3Cu5O4,
mp-570537,Ce2Br3N,
mp-541654,ReSbOF9,
mp-565681,RbV(PO4)2,
mp-541678,Cs3GaAs2,
mp-570566,Rb5Ta(TlAs2)2,
mp-541684,K3AlP2,
mp-541682,K3AlAs2,
mp-555960,SiO2,
mp-541766,Rb3InP2,
mp-570593,RbAg2(AsSe2)3,
mp-560352,SrP2(XeF6)3,
mp-541915,K2Ag(AsSe2)3,
mp-541916,Rb2Ag(AsSe2)3,
mp-542078,K2LaP2Se7,
mp-542081,K2LaP2S7,
mp-505794,ScH6N2Cl3,
mp-565791,FePO4,
mp-556039,Na3Y(BO3)2,
mp-505813,Ba5Co5ClO13,
mp-570679,TaI5,
mp-542435,Li3ScN2,92.73920702
mp-566804,MnC5(O2F)2,
mp-566282,RbDy(WO4)2,
mp-566833,LiV(IO4)2,
mp-566856,RbCr2BiO8,
mp-566887,Fe3B7ClO13,
mp-556799,Li3In(BO3)2,
mp-566358,BaV(AsO4)2,
mp-570974,BeCl2,
mp-566397,MoP2PbO8,
mp-560754,SiO2,
mp-566402,CrSbF10,
mp-556454,SiO2,
mp-560773,K2NaS2ClO6,
mp-566516,Sr4Cr3O9,
mp-556469,SiO2,
mp-556822,Na2CuP2O7,
mp-566623,Fe3B7IO13,
mp-556130,GeXeF10,
mp-566637,BaV2TeO8,
mp-566638,KMnO2,
mp-556837,AgAs(S8F3)2,
mp-566691,Cr3B7ClO13,
mp-556515,AsSOF9,
mp-570796,SbCl5,
mp-566772,Cr3B7IO13,
mp-566784,K2MnP2O7,
mp-510328,NaCu5C6,
mp-556186,P2SN3Cl5O,
mp-556882,SiO2,
mp-556198,Na2Si3O7,
mp-570857,Y(AlCl4)3,
mp-560518,RbLi2Be2F7,
mp-510458,HCN,
mp-560901,PdSCl,
mp-571228,Rb5Sn(PSe5)3,
mp-560571,LaPS4,
mp-556291,Ba3Sn2S7,
mp-556647,Ba5Re3ClO15,
mp-510571,BaNpPH2O7,
mp-698214,KMnH24(C7N4)2,
mp-25743,Cr3B7BrO13,
mp-707484,CuH2N2O7,
mp-30076,ScFeSi2,
mp-1024048,Na4Zn3Se5,
mp-556385,Cs3ZnI4NO3,
mp-1024070,Na4Zn3S5,
mp-1024073,K2Sn3O7,
mp-736665,Hg2H2C2NCl5,
mp-3694,NdPS4,
mp-10914,K3Cu5O4,
mp-3897,SmPS4,
mp-556721,Ba5Re3BrO15,
mp-11684,SiO2,103.2635265
mp-556756,KSb2PO8,
mp-619651,Cs3AlP2,
mp-757946,Li2SnP2O7,
mp-626201,H5ClO6,
mp-771296,Li3Mn(BO3)2,
mp-626222,H5ClO6,
mp-995238,SnH6CI3N,
mp-771190,Mn15CrO32,
mp-626219,H5ClO6,
mp-705472,AsS,
mp-669359,KNd3Te8,
mp-510,TaO2,
mp-1019525,Ba3ZnB5PO14,
mp-601210,H5C2NO4,
mp-774377,Li4Mn3Fe(BO3)4,
mp-705558,Fe7O9,
mp-705553,Fe23O25,
mp-744205,K2Cr2AsHO10,
mp-697027,NaSi2(HO2)3,
mp-1029592,Li3YN2,80.90677719
mp-686016,KSn2F5,
mp-778353,Li8Mn7Fe(BO3)8,
mp-698120,KGd2Cu(MoO4)4,
mp-608243,Co5Te4Cl4O11,
mp-685249,K2OsO5,
mp-684081,AsS,
mp-744181,K2Cr2AsHO10,
mp-765273,VF5,
mp-757388,PH6NO4,
mp-600262,RbBi(MoO4)2,
mp-778314,LiVF4,
mp-771261,Mn3FeO8,
mp-696658,H6CN2O3,
mp-654105,RhC2ClO2,
mp-765262,Li3Cr(BO3)2,
mp-765261,Li3Cr(BO3)2,
mp-771241,Ta3AgO8,
mp-1029562,Li3InN2,85.58064158
mp-771228,Li4TiCrO6,
mp-765241,VF5,
mp-645687,CsTi(PS4)2,
mp-698666,Li2MoO3,
mp-771215,Li4TiCrO6,
mp-768108,Na2FePCO7,
mp-771213,Li4TiCrO6,
mp-771212,Li3Mn(BO3)2,
mp-766359,BaCaI4,
mp-645172,CsAs2Se3,
mp-765218,VF5,
mp-768094,Na2FePCO7,
mp-697692,LiCr(PO4)2,
mp-765205,CrOF4,
mp-774299,Li8Mn5Fe3(BO3)8,
mp-767873,V9Sb7O32,
mp-763179,FeOF,
mp-774410,Li8Mn3Fe5(BO3)8,
mp-763172,FeOF,
mp-765187,WOF4,
mp-672315,PC2S2N3,
mp-627442,Ge7H18O23,
mp-774396,Li8Mn5Fe3(BO3)8,
mp-627418,Ge7H18O23,
mp-771294,Li2FePCO7,
mp-771292,Li2FePCO7,
mp-697278,NaCaAlH2OF6,
mp-768053,Na2FePCO7,
mp-757840,Ba4(PtO3)3,
mp-625928,HI3O8,
mp-768042,Na2FePCO7,
mp-696993,Sn2H2SO5F2,
mp-625890,H5IO6,
mp-744914,Ca8MgAl6Si5O28,
mp-667281,SNClO,
mp-744149,NaCa3MgFe(Si2O7)2,
mp-1019804,KB(SO4)2,
mp-1029492,Li3CoN2,
mp-774189,Li8Mn7Fe(BO3)8,
mp-765105,CrOF4,
mp-697811,Li2FeP2O7,
mp-626299,H5ClO6,
mp-768085,Na2MnPCO7,
mp-653560,NaSr2CrF8,
mp-768081,Na2FePCO7,
mp-625274,H5IO6,
mp-768077,Na2FePCO7,
mp-625256,H5IO6,
mp-560624,Na5Bi(P2O7)2,
mp-757878,Na5Cu(HO2)2,
mp-560702,BaHgRuO5,
mp-561001,SINOF2,
mp-30214,SbIF10,
mp-19459,K2MgV2O7,
mp-19472,Rb2MnV2O7,
mp-19480,SmTl(MoO4)2,
mp-19490,PrTl(MoO4)2,
mp-25674,Co3B7ClO13,
mp-25675,Co3B7IO13,
mp-542760,FeP(H2O3)2,
mvc-10036,CoPO4,
mvc-10050,MnPO4,
mvc-10127,CuTeO4,
mvc-10144,CuSbO4,
mvc-10143,CuReO4,
mvc-6353,MnO2,
mvc-6822,NiO2,
mvc-9400,Ba2AlSn2F11,
mvc-9365,Ba2YCu2F11,
mvc-9413,Ba2YSn2F11,
mvc-9380,Ba2Ti2AlF11,
mvc-9505,SbPO4,
mvc-9401,Ba2YTi2F11,
mvc-9677,Ba2AlCr2F11,
mvc-9685,Ba2AlV2F11,
mvc-9684,Ba2AlNi2F11,
mvc-9686,Ba2AlCo2F11,
mvc-9620,BiPO4,
mvc-9693,Ba2Mn2AlF11,
mvc-9732,Ba2AlFe2F11,
mvc-9795,Ba2AlW2F11,
mvc-9841,Ba2YV2F11,
mvc-9844,Ba2YNi2F11,
mvc-9785,VPO4,
mvc-10196,CuBiO4,
mvc-10471,CrCuO4,
mvc-10504,CuMoO4,
mvc-10509,CuWO4,
mvc-10529,PWO4,
mvc-9958,Ba2YW2F11,
mvc-9954,MoPO4,
mvc-9940,FePO4,
mp-698401,CuH11C5NO6,
mp-703306,Li2H2BrN,
mvc-9902,Ba2YCo2F11,
mvc-9883,Ba2YCr2F11,
mvc-9880,Ba2YMn2F11,
mvc-9886,Ba2YFe2F11,
mp-768058,Na2MnPCO7,
mp-777906,CoPO4,
mp-626014,H5IO6,
mp-625391,NaH3O2,
mp-767960,Na2FePCO7,
mp-625961,H5IO6,
mp-778038,Li8Mn3Fe5(BO3)8,
mp-654299,Fe3C9(SO5)2,
mp-768027,Na2MnPCO7,
mp-1020629,SrMgP3N5O2,
mp-1020146,Na2LiB5(PO7)2,
mp-1020106,LiB(SO4)2,
mp-1019803,KAl9O14,
mp-695965,RbNa2P3(HO2)6,
mp-695963,K2NaH10IO10,
mp-1019792,K2ZrSi2O7,
mp-1019511,AlPO4,
mp-1011860,Na2CoP2O7,42
mp-1019549,BaMg2Si2O7,
mp-1019603,Cs2BaP2O7,
mp-1011834,Na2CoP2O7,
mp-776013,Na2NiPCO7,
mp-765176,LiVF4,
mp-765209,WOF4,
mp-690706,FeAg3H6(C3N4)2,
mp-776709,Li2MnVP2(O4F)2,
mp-776715,Li3Fe2F7,
mp-16102,ZnAg2P2O7,
mp-16163,Pr3ReO8,
mp-13627,Y3ReO8,
mp-13956,Ag2PSe3,
mp-16695,K2ZnP2O7,
mp-16690,K2NdP2S7,
mp-12231,SnTe3O8,
mp-14316,KPr(SeO4)2,
mp-21981,YNiSn2,
mp-21964,TlCu7S4,
mp-14665,KNd(SO4)2,
mp-10973,K2Ga3CuSe6,
mp-15408,KGaF4,
mp-2414,SO3,
mp-32873,Hf23Se25,
mp-24357,H3CSO4F3,
mp-24369,Na2Si(H4O3)3,
mp-24370,H5N2ClO4,
mp-29475,BH2N,
mp-19203,BaCo2Si2O7,
mp-24398,AlP(H2O3)2,
mp-43094,Ca3Ti2AlSi3O14F,
mp-43114,Ca3TiAl2Si3O13F2,
mp-29543,P2SeO3,
mp-19462,KP2WO8,
mp-16543,Cs3Cu5O4,
mp-19496,KV2SbO8,
mp-16813,BS4N4F3,
mp-28170,Ca5Ni15B4,
mp-28204,CsH7O4,
mp-22821,SnP2PbO8,
mp-24887,Na2CoP2O7,
mp-28273,K3CuO2,27.88538947
mp-4672,TbPS4,
mp-4759,ZrTe3O8,
mp-3368,LiNb3O8,
mp-28394,Tl2PSe3,
mp-29787,Ba5Pt2O9,
mp-25792,VO2,
mp-28463,LiNb3Cl8,
mp-1080352,CeSe2,
mp-1080363,CeSe2,
mp-1080372,CeSe2,
mp-1080370,CeSe2,
mp-1080631,CeSe2,
mp-1080634,CeSe2,
mp-1080633,CeSe2,
mp-1080639,CeSe2,
mp-1080856,CeSe2,
mp-1080859,CeSe2,
mp-1080630,CeSe2,
mp-1080860,CeSe2,
mp-1080857,CeSe2,
mp-1087242,CeSe2,
mp-1080867,CeSe2,
mp-1080855,CeSe2,
mp-1094059,SnH6CI3N,
mp-1094150,CeSe2,
mp-775258,Li4MnFe3(BO3)4,
mp-29844,Tb(AlCl4)3,
mp-28589,Rb3Ge2Br7,
mp-30003,AuSO4,
mp-28714,Dy(AlCl4)3,
mp-557017,SiO2,
mp-585516,Ca3Si2O7,
mp-556262,SiO2,
mp-1096948,EuH6CI3N,
mp-1096431,CeSe2,
mp-1096963,CuH6CI3N,
mp-1096997,H6PbCBr3N,
mp-1096812,Ag2SnSe3,
mp-1097019,H6PbCNF3,
mp-1096906,CrN2,
mp-1096877,Ca3Co4O9,
mp-1097004,H6PbCNCl3,
mp-1096893,CrN2,
mp-1097840,H6RuCI3N,
mp-705882,LiNi2P4H3O14,
mp-1098011,LiB2O3,
mp-706576,BaGd2Mn2O7,
mp-640533,Ba4NaMn2O9,
mp-616699,KMo(PO4)2,
mp-1576,TmNi2,
mp-649966,V3ZnO8,
mp-640113,KVF4,
mp-546794,SiO2,27.29205459
mp-778690,Li4Mn3Fe(BO3)4,
mp-601202,NaH2CSO4F3,
mp-780490,LiCr(PO4)2,
mp-567820,K6NbTlAs4,
mp-555376,CsAu(SO4)2,
mp-556763,AsSe3(NF3)2,
mp-29349,HSN,
mp-29796,Ho(AlCl4)3,
mp-780298,Li8Mn7Fe(BO3)8,
mp-697821,Sm6Fe6As6O5F,
mp-553974,Ba7Fe6CuF34,
mp-772513,LiCr3O8,
mp-780436,Li8Mn5Fe3(BO3)8,
mp-1019534,BaAl4O7,
mp-780940,Li8MnFe7(BO3)8,
mp-861528,V3CoO8,
mp-560042,AsS3(NF3)2,
mp-1019708,CsBaLiP2O7,
mp-1011858,Na2CoP2O7,
mp-21591,ZrCrSi2,
mp-765365,LiVF4,
mvc-16210,ZnBi6P2O15,
mp-686735,NaCaAlSi2O7,
mp-556644,Ba7MnFe6F34,
mp-744600,KVH2SO7,
mp-758923,SbAsAuF9,
mp-694989,SrNd5Fe6(AsO)6,
mp-779202,Li8Mn7Fe(BO3)8,
mp-757158,LiTa3O8,
mp-1094111,Sr5Fe5O14,
mp-759870,BiOF,
mp-540750,CsNb(PO4)2,
mp-1099574,CeSe2,
mp-693133,VP2C4N3(ClF6)2,
mp-561133,Sr5Nb4O15,
mp-29034,Tl2GeTe3,
mp-30103,AuF5,
mp-769582,Sr5Ta4O15,
mp-771681,LiVOF3,
mp-779804,Li4Mn3Fe(BO3)4,
mp-779173,Li8Mn7Fe(BO3)8,
mp-540686,CsPr(SO4)2,
mp-779765,Li8Mn5Fe3(BO3)8,
mp-685189,Cu29Se19,
mp-542101,BaCu2Ge2O7,
mp-704183,LiMo2PO8,
mp-630336,AuCl5O18,
mp-765367,LiVF4,
mp-774173,Li8MnFe7(BO3)8,
mp-779870,Li8Mn5Fe3(BO3)8,
mp-554166,V3ZnO8,
mp-567264,SbMoOF9,
mp-28353,NaTe,
mp-31549,Li2CoP2O7,
mp-566600,Ba4NaMn2O9,
mp-585339,LiCu2P5O16,
mp-540065,LiMo(PO4)2,
mp-560997,KVF4,
mp-567309,KFeF4,
mp-23731,CuSi(HO2)2,
mvc-9679,AgPO4,
mp-19476,CsFe2P5O16,
mp-540015,LiV2P5O16,
mp-38108,Ba3Pt2O7,
mp-27740,NaNp2F9,
mp-556323,Ba5Fe5O14,
mp-505785,CuP(HO)5,
mp-31992,LiMn2P5O16,
mvc-10214,TaCuO4,
mp-31084,ZrGe2Rh,
mp-32356,LiNi2P5O16,
mp-642571,CuMoO4,
mp-705299,Li2FeP2O7,
mp-778916,Li8Mn7Fe(BO3)8,
mp-585178,Li2CoP2O7,
mp-705366,Li2MnP2O7,
mp-1097752,H6RuCI3N,
mp-705303,Li2MnP2O7,
mp-705296,Li2CoP2O7,
mp-868771,V3CoO8,
mp-560721,NaCaBeSi2O6F,
mp-704954,LiMo(PO4)2,
mp-743653,LiCo2P4H3O14,
mp-622201,Ba7Fe6CuF34,
mp-867627,Ba4(PtO3)3,
mp-652141,CsFe2P5O16,
mp-622260,KV2SbO8,
mp-8570,Ba3Zr2S7,
mp-705006,LiV(PO4)2,
mp-868425,Li5Fe(P2O7)2,
mp-704227,Mn9(PO4)8,
mp-767715,Li34(Sb3S2)3,
mp-698692,Sr12Co10O27,
mp-765393,Li10Cr3P6(O4F)6,
mp-767157,Ti16CuS32,
mp-673643,Ce17O32,
mp-761747,La10Mn9O30,
mp-675194,Te21(Mo3I11)2,
mp-705574,LiMn16O32,
mvc-13059,Ca3Cu6(AsO4)8,
mvc-11883,Ca3Cu6(PO4)8,
mp-767856,Li5V12O32,
mp-767765,Li34Sb8S7,
mp-780233,LiTi2O4,
mp-762380,La9Mn10O30,
mp-767392,Li7Ti7Nb5O30,
mp-773987,Ti12Fe5O32,
mp-766561,LiNd14(Cu3O14)2,
mp-769499,LiLa8V8O32,
mp-995220,H4C2O,
mp-28530,K2Ta15O32,
mp-28531,Rb2Ta15O32,
mp-26304,Cu9(PO4)8,
mp-28675,Ba2Nb15O32,
mp-504579,Ag6Mo10O33,
mp-34891,Li2Mn15O32,
mp-36002,K9Ta10O30,
mp-41734,Na8Al6Si6SO28,
mp-30707,Zn36Ga5Ni8,
mp-686527,K4Mg2H16S4O23,
mp-684696,BaNa4Ti2Si10(BO15)2,
mp-684856,As24S25,
mp-760075,Ti19O30,
mp-765664,Na5V12O32,
mp-31678,Cr9(PO4)8,
mp-540725,CsBe4Al4(B3O7)4,
mp-580480,Mn8Zn14Ga27,
mp-677649,SrLa9MgGa9O29,
mp-766152,Na6W10O33,
mp-676252,Li9(RuO3)10,
mp-698410,MnGe4H24C8(S5N)2,
mp-707897,Ca4Al2H22CO20,
mp-850230,Mn9Zn6Si4(SbO14)2,
mp-555865,Na2Sr7Al6F34,
mp-565677,Mn13Al4Si2(SbO14)2,
mp-707400,K2H17Ru2(SO6)4,
mp-21965,V8Ga41,
mp-704206,Fe9(PO4)8,
mp-648992,Na6Mo10O33,
mp-698687,K4Mn2H16S4O23,
mvc-9081,Ti13Al4Si2(SbO14)2,
mvc-9096,Y4Si2Sn13(SbO14)2,
mvc-9133,Al4Cu13Si2(SbO14)2,
mvc-9355,Al4Co13Si2(SbO14)2,
mvc-9362,Al4Si2Ni13(SbO14)2,
mvc-9478,Y4Co13Si2(SbO14)2,
mvc-9372,Y4Cu13Si2(SbO14)2,
mvc-9528,Al4Fe13Si2(SbO14)2,
mvc-9485,Y4Mn13Si2(SbO14)2,
mvc-9535,Y4Si2Ni13(SbO14)2,
mvc-9516,Y4V13Si2(SbO14)2,
mvc-9640,Y4Cr13Si2(SbO14)2,
mvc-9775,Al4Cr13Si2(SbO14)2,
mvc-9784,Y4Si2Sb2W13O28,
mvc-9791,Al4V13Si2(SbO14)2,
mp-736330,FeGe4H24C8(S5N)2,
mp-757418,KTi16O32,
mp-1003635,NaMn16O32,
mp-1003549,LiMn16O32,
mp-1003318,CaMn16O32,
mp-28457,Ba2Ta15O32,
mp-698551,Li2Mn15O32,
mp-1080221,KMn16O32,
mp-1094087,Sr10Fe10O29,
mvc-9084,Al4Si2Sn13(SbO14)2,
mp-567646,Ba9Sm6Cl34,
mvc-9713,Y4Fe13Si2(SbO14)2,
mp-33581,Ba9Nb10O30,169.8844827
mvc-9261,Y4Ti13Si2(SbO14)2,
mp-782655,LiFeP(H6O5)2,
mp-686204,K3Ba2Pr2(BiO5)3,
mp-767456,Li3Ta5Cu2O15,
mp-775738,Na5Ni2P2(CO7)2,
mp-675327,Ag9(PbO3)4,
mp-695708,Ba7SiB3NO13,
mp-744975,Ba4La6Mn(Co3O10)3,
mp-675153,Ca16HN8,
mp-698711,Sr9NdFe5(MoO6)5,
mp-698602,Sr5La5Mn9CuO30,
mp-775696,Na5Ni2P2(CO7)2,
mp-850229,LiV2P4(HO8)2,
mp-744583,Ba4La6Mn5In5O30,
mp-694945,Ba3La7Mn2(Co4O15)2,
mp-775602,Na5Ni2P2(CO7)2,
mp-721094,Na5Ca2Ce3Ti8Nb2O30,
mp-1024042,La4Al6O15,
mp-782002,SmH8S3N3O10,
mp-720338,Sr7SiB3NO13,
mp-778042,Li8MgCo13O28,
mp-745173,Na3Cd4P6H10(ClO8)3,
mp-745112,Sr10Fe4Co(MoO6)5,
mp-695020,Na4Ga3Si3NO14,
mp-694976,Sr3La7Ti2Mn8O30,
mp-640719,K4(CoO2)7,
mp-694926,CaLa9Ti5Cr5O30,
mp-694908,Sr3La7Ti3Mn7O30,
mp-743953,Ca2La8Ti5Cr5O30,
mp-694864,V9NiO15,
mp-743675,Ca2Fe2Si5HO15,
mp-771383,Li5Mn2P2(CO7)2,
mp-771378,Li5Mn2P2(CO7)2,
mp-685477,Tc6BiO18,
mp-770319,Li5Mn2P2(CO7)2,
mp-770318,Li5Mn2P2(CO7)2,
mp-770317,Li5Mn2P2(CO7)2,
mp-867522,CsTi8O16,
mp-703273,KBaLiZnF6,
mp-652961,La3GaGe5O16,
mp-3080,Ca5(Ga3O7)2,
mp-780680,LiV2P4(HO8)2,
mp-1019592,Ce2B8O15,
mp-647680,MnSiO3,
mp-769495,Na5Ni2P2(CO7)2,
mp-769494,Na5Fe2P2(CO7)2,
mp-769488,Na5Fe2P2(CO7)2,
mp-769456,Na5Fe2P2(CO7)2,
mp-690313,Na(CoO2)8,
mp-762618,Li2Mn3(PO4)4,
mp-705516,Li10Sn(PSe6)2,
mp-704946,Fe2P4Pb3O16,
mp-695243,Na2SrLa2Ti5O15,
mp-762472,Li9Co13O28,
mp-677372,Ti10Bi(Pb3O10)3,
mp-694933,MgTi3Pb5WO15,
mp-677126,Ca2YbF7,
mp-770837,Na5Fe2P2(CO7)2,
mp-779883,LiV2P4(HO8)2,
mp-764184,NaMn8O16,
mp-770310,Li5Mn2P2(CO7)2,
mp-685810,AsN2F7,
mp-706341,Sr3La7Mn7(FeO10)3,
mp-761339,NaMnP2H10NO10,
mp-779723,Ba2P6O17,
mp-868170,Ba(WO3)6,
mp-770836,Ba5Sc6O14,
mp-743572,Zn2FeP2(H2O3)4,
mp-705803,Ti7Fe13O30,
mp-769536,Na5Mn2P2(CO7)2,
mp-769529,Na5Mn2P2(CO7)2,
mp-769528,Na5Ni2P2(CO7)2,
mp-762251,Ti9Fe11O30,
mp-769489,Na5Ni2P2(CO7)2,
mp-769465,Na5Mn2P2(CO7)2,
mp-769461,Na5Mn2P2(CO7)2,
mp-770611,Li2CoH8(SO6)2,
mp-769459,Na5Ni2P2(CO7)2,
mp-767146,Li7Ti12NbO30,
mp-641281,Na4Pu(MoO4)4,
mp-774014,Mn6Zn3O16,
mp-705096,Sr3La7Mn8(FeO15)2,
mp-760093,LiTi8O16,
mp-766938,K3Li2Nb5O15,
mp-759489,BaTi8O16,
mp-605935,K5Eu2Si4O13F,
mp-677542,Mo3H24C8S13N2,
mp-780471,LiV2P4(HO8)2,
mp-677283,Sr4NdNb2Al3O15,
mp-721617,KMgP(H6O5)2,
mp-770204,Li5Fe2P2(CO7)2,
mp-676975,Ba3Na7Ti3Nb7O30,
mp-770188,Li5Fe2P2(CO7)2,
mp-766207,Zr6Nb2O17,
mp-695030,La10Mg(Ga3O10)3,
mp-691043,Ba10Pr5Nb(Sn2O15)2,
mp-758337,Ca2P6O17,
mp-866665,LiMgB3(H9N)2,
mp-34287,Ti3Fe7O15,
mp-17714,Ho4(B2O5)3,
mp-23772,TbAg3H6C6(N2O)3,
mp-23787,Na2ZnH8(SO6)2,
mp-23835,HgH12C2(Br2N3)2,
mp-30295,W6CCl18,
mp-22046,B,
mp-505186,Cs4Pr6C2I13,
mp-36240,LiMn8O16,
mp-27583,Sr2P6O17,
mp-18108,Dy4(B2O5)3,
mp-29213,Cd2Ge7O16,
mp-22369,FeSb6(Pb2S7)2,
mp-29273,Ca2Ge7O16,
mp-29276,Cd2P6O17,
mp-38637,Rb(WO3)6,
mp-39226,SrLa4TiAl4O15,
mp-39699,K3Ba7Ti10(O9F)3,
mp-40519,Na3Sr7Ta3Ti7O30,
mp-40830,NaSr3LaTi5O15,
mp-559135,Na2MgH8(SO6)2,
mp-567160,Na4U(MoO4)4,
mp-559184,Zn2Si3Pb4SO15,
mp-542688,LaH6Au3C6(N2O)3,
mp-561255,ZnBi6P2(O7F)2,
mp-542931,Bi2B8O15,
mp-686697,Na3Sr4Nd3Ti10O30,
mp-779938,LiV2P4(HO8)2,
mp-850407,LiMnP(H6O5)2,
mp-707373,MgH12(ClO5)2,
mp-720104,Na4Al3Ge3NO14,
mp-761414,Al19CrO30,
mp-40160,Ba10Ta10(N3O7)3,
mp-765900,Ti6Co3O16,
mp-770864,Li5Fe2P2(CO7)2,
mp-707839,SiH14(O2F3)2,
mp-683891,MnSb6(Pb2S7)2,
mp-773049,K3LiNb6O15,
mp-707746,CaAl2Si3H6O13,
mp-707508,Na2H5RuN5O12,
mp-772919,Tm4(B2O5)3,
mp-18846,Na4(CoO2)7,
mp-680415,Os3C10(BrO5)2,
mp-733840,GaH12N3(OF2)3,
mp-772771,La4(B2O5)3,
mp-772748,Ba2P6O17,
mp-706709,Al4P3(HO5)3,
mp-703275,NaSr3NdTi5O15,
mp-706640,CaAl2Si4(H2O7)2,
mp-770394,Na5Fe2P2(CO7)2,
mp-567814,Pu3Zn22,
mp-559463,RbMgAs(H6O5)2,
mp-555155,KNa2Y(Si2O5)3,
mp-568357,K4La6OsI14,
mp-572874,AlH14C4NOF4,
mp-555231,Ba3Bi2(PO4)4,
mp-561549,K2Be2(Si2O5)3,
mp-554736,CaB2(H6O5)2,
mp-568659,CuH8C2(N6Cl)2,
mp-558364,Cu4Te5(ClO3)4,
mp-558396,Rb2Te(H6O5)2,
mp-554894,MgTlP(H6O5)2,
mp-569991,Na15SnGe8P,
mp-582735,Yb8Cl17,
mp-632815,Li10Ge(PO6)2,
mp-706277,Li10Si(PSe6)2,
mp-706231,NaSr9Fe5(MoO6)5,
mp-770293,Li5Fe2P2(CO7)2,
mp-721713,H12Pd(I2N)4,
mp-770265,Li5Fe2P2(CO7)2,
mp-772497,Er4(B2O5)3,
mp-766416,K2UH6C2SO13,
mp-721255,Li10Si(PO6)2,
mp-721249,Li10Ge(PO6)2,
mp-721238,Li10Sn(PO6)2,
mp-604725,RbMgP(H6O5)2,
mp-677704,Sb2H10C3NCl9,
mp-769122,Li4Sb2H6O3F10,
mp-703567,TiH12N2(O2F3)2,
mp-769010,Li6Bi5O14,
mp-770157,Li5Mn2P2(CO7)2,
mp-768923,Bi4(B2O5)3,
mp-770133,Li5Fe2P2(CO7)2,
mp-768876,Na2Bi2C4SO16,
mp-695476,NaSr8LaTi10O30,
mp-770060,Li5Fe2P2(CO7)2,
mp-720082,KCd6H4C12ClO26,
mp-850750,LiV2P4(HO8)2,
mp-624052,Fe2MoC10(SeO5)2,
mp-781070,LiV2P4(HO8)2,
mp-767937,Na5Fe2P2(CO7)2,
mp-707960,ZnH12C2(N3Cl2)2,
mp-674361,LiNbO3,
mp-695506,Na3Ca7Ti7Nb3O30,
mp-771772,Lu4(B2O5)3,
mp-695409,Ba7Na3Ti7Nb3O30,
mp-707319,BiH3Ru3(CO)9,
mp-698449,PH12C2N6O3F,
mp-706652,HOs3C10ClO10,
mp-624463,Fe2WC10(SeO5)2,
mp-583589,SnH14C4(Br2N)2,
mp-771992,Na2Fe2C4SO16,
mp-560092,RbNa5Be8O11,
mp-570369,Ce16Ru9,
mp-555833,Hg3As8(S4Br3)2,
mp-565487,VH14C4NO2F3,
mp-570487,Ca10(Al2Ge3)3,
mp-565609,Na4Th(MoO4)4,
mp-565683,Na4Zr(MoO4)4,
mp-570602,B,
mp-556009,MgTlAs(H6O5)2,
mp-505786,CeH14Cl3O7,
mp-565815,MnSiO3,
mp-566830,K4Th(MoO4)4,
mvc-13163,CaMn4(SiO3)5,
mp-561174,Ba2Cu4Te4Cl4O11,
mp-566745,Ba5Li2(WO5)3,
mp-566800,Cs5CaNi4F15,
mp-565996,Cr3Ag8(IO6)2,
mp-698212,Ce3Zn22,
mp-25756,Fe4P3(HO5)3,
mp-771838,La4Al6O15,
mp-1040451,Li20Si3P3S23Cl,
mp-24954,NaAl6Fe3Si6B3O30F,
mp-765567,Li4P5HO15,
mp-745134,Fe3P2(H2O3)4,
mp-698358,NiH10C4(SN4)2,
mp-762605,Li9Co13O28,
mp-705747,Ti9Fe11O30,
mp-651961,Nb4Te17I4,
mp-765491,Ti4(Fe2O5)3,
mp-705632,Ti3Fe7O15,
mp-744989,V2P2H6PbO14,
mp-744988,KAl2NiP3(H2O7)2,
mp-698134,K2Na2Sb2H6O3F10,
mp-685415,Na3SmBr6,
mp-699373,Ti7Fe13O30,
mp-698623,K4W11O35,
mp-698587,TiNiO3,
mp-721253,Li10Si(PSe6)2,
mp-721252,Li10Sn(PSe6)2,
mp-721239,Li10Ge(PSe6)2,
mp-721236,Li10Sn(PS6)2,
mp-780941,LiV2P4(HO8)2,
mp-771208,Ba5(Ga3O7)2,
mp-695582,Na3Sr4La3Ti10O30,
mp-720509,Li10Si(PS6)2,
mp-696136,Li10Sn(PO6)2,
mp-696130,Li10Ge(PO6)2,
mp-768082,Na5Ni2P2(CO7)2,
mp-696125,Li10Si(PO6)2,
mp-770023,Ag2Hg3,
mp-745188,CrH12N3(OF2)3,
mp-774399,LiMnF3,
mp-600347,H2Os3(CO)10,
mp-743965,SiH12N2(O2F3)2,
mp-697840,Ba3La7Ti3Cr7O30,
mp-768003,Na5Mn2P2(CO7)2,
mp-778289,LiFeF3,
mp-696128,Li10Ge(PS6)2,
mp-696127,Li10Ge(PSe6)2,
mp-25681,Na2CoH8(SO6)2,
mp-566150,In2Cu3(PO4)4,
mp-566216,Fe2Te2W(CO)10,
mp-542790,Na2NiH8(SO6)2,
mp-566219,FeH14C4NOF4,
mp-744123,BaLa4TiCr4O15,
mp-1020709,Sr5(Ga3O7)2,
mp-653930,CuAs2Pb8Cl5O9,
mp-757220,LuH6(ClO5)3,
mp-1019892,La2B8O15,
mp-696138,Li10Ge(PS6)2,
mp-1003638,NaMn8O16,
mp-1003403,Mn8HO16,
mp-1003319,CaMn8O16,
mp-1019606,Cs2Li2B2P4O15,
mp-704461,Ba3La7Mn(Co3O10)3,
mp-776052,Na5Ni2P2(CO7)2,
mp-690529,V8Ni2O15,
mp-705612,LiMn8O16,
mp-1016165,LiMn8O16,
mp-28385,Sc5(Re2Si3)4,
mp-624009,Fe2TeWC10SeO10,
mp-17694,Ca5Al6O14,
mp-1097034,Li20Si3P3S23Cl,
mp-1097035,Li20Si3P3S23Cl,
mp-1097910,NaMn8O16,
mp-1016153,KMn8O16,
mp-696129,Li10Si(PS6)2,
mp-684626,As12S13,
mp-696123,Li10Sn(PS6)2,
mp-760015,Li6Cu5F14,
mp-36982,Mg(TiS2)8,
mp-571416,Sr14Al8Ge3,
mp-698610,Rb(WO3)6,
mp-690131,Ti3Fe7O15,
mp-698650,Sr13Mn8O30,
mp-651087,Gd13Ge6O31F,
mp-777315,Li2Mn3(BO3)3,
mp-765378,LiMnVP2(HO5)2,
mp-707376,NaNb14O36,
mp-763653,Rb3Mn16O32,
mp-862893,ThNb4O12,
mp-763239,Li4CrP2(O4F)2,
mp-673654,As8S9,
mp-693655,Ba4Sm7Si12BN27,
mp-767497,Li9Ti7Nb5O30,
mp-743742,Fe6H12Pb(SO7)4,
mp-767218,Li9(NbS2)14,
mp-773922,Li8Ti6Mn7O30,
mp-766828,Li4Ti15O32,
mp-759678,Li4Ti15O32,
mp-721293,Na4GeH28(Se2O7)2,
mp-29939,Nb9As7Pd,
mp-21819,U2Cr30P19,
mp-17880,Al13Ru4,
mp-777247,Li2Mn3(BO3)3,
mp-772997,Li8Ti7Nb6O30,
mp-680133,CdI2,
mp-557010,CdAs2S18N12(OF2)6,
mp-569611,CdI2,
mp-569666,CdI2,
mp-695596,Ba4Pr7Si12BN27,
mp-695553,Ba4Nd7Si12BN27,
mp-761466,K(WO3)4,
mp-763296,Li12Ni11O28,
mp-556173,ZnAs2C6S12N12(OF2)6,
mp-600059,SiO2,
mp-765543,Sr3(RhO2)16,
mp-766336,Ba6Ca11I34,
mp-849410,Li2Mn3(BO3)3,
mp-765123,LiVCrP2(HO5)2,
mp-765107,LiMnVP2(HO5)2,
mp-765103,LiMnVP2(HO5)2,
mp-765075,LiVFeP2(HO5)2,
mp-765072,LiVCrP2(HO5)2,
mp-765071,LiVFeP2(HO5)2,
mp-765068,LiVFeP2(HO5)2,
mp-772883,Ba6Sr11I34,
mp-14873,K4Nb8Si(P2O17)2,
mp-15387,Ba6Cu11F34,
mp-15746,Zr2Cr30P19,
mp-17017,Al12Co4Cu,
mp-29735,Nb10Ge7,
mp-30942,Ba6Mg11F34,
mp-23122,Li10B14Cl2O25,
mp-569722,CdI2,
mp-32644,Pr5Cl12,
mp-530879,Ba4Ti4O9,
mp-768765,Li2Bi2B2O7,
mp-850669,YTa3O9,
mp-683917,In4Cu9,
mp-680545,In4Au9,
mp-767490,Li9Ti12NbO30,
mp-767832,LiFe2(PO4)2,
mp-767729,Li12V3CrP4(CO7)4,
mp-767716,LiVSi3O8,
mp-767698,Li12MnNi3P4(CO7)4,
mp-767694,Li12MnFe3P4(CO7)4,
mp-767693,Li12V3FeP4(CO7)4,
mp-778245,Li4FeF8,
mp-850369,LiVP2HO8,
mp-767666,Li12Mn3VP4(CO7)4,
mp-697926,LiCd2HSe2O7,
mp-744434,YNiH3SO7,
mp-850764,LiVP2HO8,
mp-697816,Li2Fe(PO4)2,
mp-850163,Li3Mn3(PO4)4,
mvc-8615,MnNiP2O9,
mp-697774,Li2Cr(PO4)2,
mp-767623,LiMn2(PO4)2,
mp-765381,Li9Ti7Cr6O30,
mp-4139,Nb4GaS8,
mp-776758,Li2Fe3F8,
mp-9308,Li4ZrF8,
mvc-10107,Mn2P2O9,
mp-696485,Na2TeHSO5F3,
mp-557463,Na3ScSi2O7,
mp-782660,LiMnP3H8O13,
mp-6709,Ca3La3(BO3)5,
mp-853139,Li2V(PO4)2,
mp-759054,Li2Cu2Si2O7,
mp-704962,Li3Mn3(PO4)4,
mp-648932,Nb2PS10,
mp-566876,Mn(PO3)3,
mp-764302,RbLiV(PO4)2,
mp-650817,K(MoO2)4,
mp-8975,Hg3(AsO4)2,
mp-8810,SrZn2(PO4)2,
mp-684000,Eu2Si3Ni8,
mp-721584,B5H8NO12,
mp-763875,LiMn3OF8,
mp-721194,RbB5(H2O3)4,
mp-695422,CdGePH3O7,
mp-861721,Li3NiPCO7,
mp-707540,ZrP2(HO4)2,
mp-861700,Li12MnV3P4(CO7)4,
mvc-12265,BaCaCo4O7,
mvc-12222,Ca6Mn3Al2O15,
mp-673090,LiSb2P5O18,
mp-6419,CaSi2(BO4)2,
mp-773325,Li2V3O8,
mp-672993,LiBi2P5O18,
mp-744182,CrHSe3O8,
mp-647985,V(CO)6,
mp-706621,KB5(H2O3)4,
mp-762790,Li3V4P2O8F9,
mp-774170,NaLi5Fe2P2(CO7)2,
mp-6825,Ho2Si4CN6,
mp-779846,HoTa3O9,
mp-694875,Ba2Ca2Zn5Fe3O14,
mp-762574,Li3Mn3(PO4)4,
mp-645630,Dy3(Ge3Pt2)2,
mp-645543,Pr3(Ge3Pt2)2,
mp-680500,PtXeF11,
mp-978278,Na(BH)6,10.23399537
mp-762312,Li3CrSi2O7,
mp-705635,Na3CaAl3Si3CO15,
mp-863427,Li3Si2BiO7,
mp-640353,Cs(BI)6,
mp-6772,CaBe2(PO4)2,
mp-762426,LiNi2(CO4)2,
mvc-6352,Ti3Zn3(AsO4)4,
mvc-6226,Zn3Sn3(AsO4)4,
mvc-6200,Ca3Ti3(AsO4)4,
mvc-6189,Mg3Sn3(AsO4)4,
mvc-6187,Mg3Ti3(AsO4)4,
mvc-6023,Zn3Cu3(AsO4)4,
mvc-5986,Mg3Cu3(AsO4)4,
mp-985637,Li2Si4O7,
mp-770446,Mg3(AsO4)2,
mp-762392,Li2Cr2Si2O7,
mp-771958,Ba3LaCl9,
mp-770557,Mn2P2O7F2,
mp-5308,LaTa3O9,
mp-771948,Ba3LaCl9,
mp-771922,Ba3YI9,
mp-6353,Y2Si4CN6,167.1581876
mp-771883,Sr3LaCl9,
mp-780849,LiMn2Cr2O8,
mp-654359,BaCu2(PO4)2,
mp-6331,Na2Y2B2O7,
mp-769535,V3(PO4)2,
mp-6198,SrGa2(SiO4)2,
mvc-12918,Sb5S3O5,
mp-6759,BaGa2(SiO4)2,
mp-861720,Li3VPCO7,
mp-6091,BaAl2(SiO4)2,
mp-6089,BaZn2(PO4)2,
mp-762184,LiMn2(CO4)2,
mvc-13592,YV3O9,
mp-705031,Li2Ni(PO4)2,
mp-3180,Ta2Te2O9,
mp-650741,Cu4Mo5O17,
mp-565958,Li2V(PO4)2,
mp-651067,BaNaFe2F9,
mp-650499,Cs7Co4F15,
mp-649601,RuXeF11,
mp-650451,Cs7Ni4F15,
mp-698028,Cs2V(PO4)2,
mp-585240,Li3Co2P5O16,
mp-618375,Ag4Te(NO3)2,
mp-626913,V3(HO4)2,
mp-626872,V3(HO4)2,
mp-683992,Ce7(GePd2)2,
mp-607038,SrFe2(PO4)2,
mp-764853,Cr(PO3)3,
mp-762878,Li9Co15O28,
mp-780630,LiVP2HO8,
mp-763261,Fe(PO3)3,
mp-769426,LiCo2(PO4)2,
mp-769420,LiCr2(PO4)2,
mp-780336,Li3Cr3(PO4)4,
mp-762755,Li2Fe(PO4)2,
mp-762756,Li3Mn3(PO4)4,
mp-772441,Y2W2O9,
mp-767859,Li12CrCo3P4(CO7)4,
mp-767857,Li12CoNi3P4(CO7)4,
mp-767855,LiMn2(PO4)2,
mp-769266,Ca3Ta2O8,
mp-767854,Li3VPCO7,
mp-767852,Li12Fe3NiP4(CO7)4,
mp-767844,Li12VCo3P4(CO7)4,
mp-767842,Li12V3CoP4(CO7)4,
mp-645842,SrAl2(SiO4)2,
mp-767831,LiFe2(PO4)2,
mp-767813,Ni(PO3)3,
mp-780110,LiVP2HO8,
mp-767755,Li3FePCO7,
mp-767750,Li12Co3NiP4(CO7)4,
mp-767749,Li12MnCo3P4(CO7)4,
mp-780089,Li3MnSi2O7,
mp-767748,Li12CrFe3P4(CO7)4,
mp-767740,V(PO3)3,
mp-767736,Li12Cr3FeP4(CO7)4,
mp-767735,Li12VCr3P4(CO7)4,
mp-767734,Li12Mn3CrP4(CO7)4,
mp-767733,Li12VNi3P4(CO7)4,
mp-767731,Li12FeNi3P4(CO7)4,
mp-767730,Li12VFe3P4(CO7)4,
mp-762479,Li3Fe3(PO4)4,
mp-705468,Li3Mn3(PO4)4,
mp-705365,Li2V(PO4)2,
mp-677474,Na4Al3Ge3NO15,
mp-762136,CrHSe3O8,
mp-762003,Li2Fe2C2O7,
mp-651997,Fe3(GeO4)2,
mp-997538,Li9Ni15O28,
mp-775265,Li2Mn3F8,
mp-761450,LiFeSi3O8,
mp-761446,Li2Cr(PO4)2,
mp-767342,Li3CoPCO7,
mp-775259,Li2Mn3F8,
mp-745208,DyFeH8C6(N3O2)2,
mp-767262,Li12Mn3FeP4(CO7)4,
mp-770844,V3(PO4)2,
mp-743608,Ca3YMn3B4O15,
mp-779530,Cu(PO3)3,
mp-743569,MnH6(OF)3,
mp-743568,MnH2(SeO4)2,
mp-684482,Sn(PO3)3,
mp-684470,Li3Sn2P5O16,
mp-676411,Sr9U9O34,
mp-770734,Mg3(AsO4)2,
mp-683980,Ho(IO3)3,
mp-767270,Li3VSi2O7,
mp-763891,Li2Mn3F8,
mp-640915,Na2LaPS2O7,
mp-763346,Li2Co2C2O7,
mp-763870,Li2Mn2C2O7,
mp-683501,Cr(CO)6,
mp-770639,Y2W2O9,
mp-735715,YbV4O8,
mvc-15235,YCr3O9,
mp-743571,Mn2Si(H2O3)2,
mp-642261,Cs3Li2Ga(MoO4)4,
mp-735521,MnH6(OF)3,
mp-767171,Li5(NbS2)7,
mp-740711,Cs3B6H12Se4Br,
mp-760319,Bi5O7F,
mp-770563,Mn3(PO4)2,
mp-770681,LiCr10O15,
mp-734045,Cu2H2Se2O7,
mp-779057,Li2Fe2B2O7,
mp-760083,Sr5Nb5O16,
mp-853255,LiFeP3H8O13,
mp-29802,Sc(NiGe)6,
mp-636647,Fe3(PO4)2,
mp-636571,Co3(AsO4)2,
mp-638424,Sb2S2O9,
mp-759650,Li3Bi3(PO4)4,
mp-773710,Na2LiMnPCO7,
mp-680159,CsTa6PbCl18,
mp-616869,Cs7Fe4F15,
mp-604889,K3Gd3(PS4)4,
mp-759450,Sb5O7F,
mp-773678,Na2LiFePCO7,
mp-773634,NaLi5Mn2P2(CO7)2,
mp-635331,Ba2CoC2(O3F)2,
mp-853257,NaV10O15,
mp-759312,MgSiH12(OF)6,
mp-759263,Li3Bi3(PO4)4,
mp-763553,LiV2(CO4)2,
mp-780522,LiVP3H8O13,
mp-773539,NaLi5Mn2P2(CO7)2,
mp-780485,LiVP2HO8,
mp-759028,Li3Sb3(PO4)4,
mp-780482,LiVP2HO8,
mp-758984,BPH9C2,
mp-773529,Na5LiFe2P2(CO7)2,
mp-773528,Na5LiFe2P2(CO7)2,
mp-773523,Na5LiFe2P2(CO7)2,
mp-721299,H13S2N3O8,
mp-721303,LiBeH5(NF2)2,
mp-766254,Cu(PO3)3,
mp-773420,Na5LiMn2P2(CO7)2,
mp-763450,Li3V3(PO4)4,
mp-773413,Na5LiMn2P2(CO7)2,
mp-766179,LiSi3BiO8,
mp-773409,NaLi5Fe2P2(CO7)2,
mp-773408,Na5LiMn2P2(CO7)2,
mp-776830,Li3V4F19,
mp-628951,V2P2O9,
mp-705305,V(PO3)3,
mp-758357,Li3Ti3(PO4)4,
mp-763382,Li2Co2Si2O7,
mp-758291,Li3Sn3(PO4)4,
mp-759717,Li2Cu3F8,
mp-25871,Li3Cu2P5O16,
mp-31019,Al45Cr7,
mp-504166,Ni(PO3)3,
mp-31062,Y(PO3)3,
mp-26762,Sn(PO3)3,
mp-29985,LiNb6Cl19,
mp-504426,LiH5S(NO2)2,
mp-27135,Bi(PO3)3,
mp-504559,Pr2W2O9,
mp-27146,Cs2Sb4S7,
mp-28708,In3(PO4)2,
mp-31197,Er(FeSn)6,
mp-504690,Mn2O2F9,
mp-504760,Li10Pb3,
mp-17672,BaLi(B3O5)3,
mp-23568,XeN2(OF4)2,
mp-23575,AsSe3(ClF2)3,
mp-27273,Ti9O17,
mp-23653,Na3MgC2ClO6,
mp-30186,Ba3Si23,
mp-504907,K(MoO2)4,
mp-504943,KNaP2H2O7,
mp-31279,Rb4P21I,
mp-31280,K4P21I,
mp-27346,Al2Hg3Cl8,
mp-505045,Na5(InTe3)2,
mp-28889,Hg5(SbI3)2,
mp-505089,Li4TbF8,
mp-21975,In4Ag9,
mp-28924,Ga8BIr4,
mp-31295,La3(Sn3Pd2)2,
mp-505138,K2PdSe10,
mp-17864,BaNa(B3O5)3,
mp-23838,Zn2PH2CO7,
mp-31304,Zr(TeCl)6,
mp-31305,Hf(TeCl)6,
mp-27431,Sn3BF9,
mp-29007,P4(SO2)3,
mp-17941,Na2B4O7,
mp-23991,H6S(NO2)2,
mp-29039,P3RuO9,
mp-17979,BaAl2(SiO4)2,
mp-29040,Li3Zr4F19,
mp-27493,Sn3(PO4)2,
mp-29060,Ba5(SiN3)2,
mp-29104,Ti3Zn2O8,
mp-27579,Na4P2O7,45.53831287
mp-1020611,SrGe2(BO4)2,
mp-18142,Ca(Al5Cr)2,
mp-24229,Na2CaH10C2O11,
mp-24232,H5CN3O4,
mp-505564,Bi2Se4Cl7,
mp-27739,As2S2O9,
mp-27843,Zn2Ge3O8,
mp-18495,SrLi(B3O5)3,
mp-29368,Th2Ta2O9,
mp-18801,YbV4O8,
mp-31592,Li3Co3(PO4)4,
mp-31609,Li3Co3(PO4)4,
mp-31618,Li3Co2P5O16,
mp-567010,FeH4C3O5,
mp-532443,Li5V5Cl16,
mp-556890,BaNaCr2F9,
mp-561214,SbH3CSCl6O,
mp-567058,Na2YMoPO8,
mp-542596,Hg(SbS2)4,
mp-559637,Dy(IO3)3,
mp-567087,Ba2Mn(AsO4)2,
mp-542630,P4S9,
mp-567182,NaW6CCl18,
mp-559233,SeS4N3Cl5,
mp-571415,Ba3(PSe4)2,
mp-540059,Li2Ni(PO4)2,
mp-559284,Rb2Al2B2O7,
mp-567267,Tl4Mo5O17,
mp-555005,Na3Mg2P5O16,
mp-567350,KCr2PbF9,
mp-567364,Na2ErMoPO8,
mp-561270,SnH4C2NO4F,
mp-559307,Cu3P4(SI)3,
mp-767516,Li9Sb3S,
mp-720379,K3NaP4(H2O7)2,
mp-763265,Ni(PO3)3,
mp-763250,Co(PO3)3,
mp-765961,LiFeSi3O8,
mp-758168,NaZn2HSe2O7,
mp-758157,Na4H2RuN6O13,
mp-758156,Li3Sn3(PO4)4,
mp-758097,H6C2N4O,
mp-866650,La2Si4CN6,55.95713748
mp-715664,V4O9,
mp-569903,CsEr(NbBr3)6,
mp-758035,Li3Ti3(PO4)4,
mp-850512,LiVP2HO8,
mp-772074,Sr3LaI9,
mp-646116,Na3MgC2BrO6,
mp-767316,Li3MnPCO7,
mp-772034,Ba3LaI9,
mp-756998,CdH2(SO4)2,
mp-772024,Ba3LaBr9,
mp-772018,Ba3YI9,
mp-765881,LiFeSi3O8,
mp-771955,Sr3LaBr9,
mp-771936,Sr3YI9,
mp-863004,K2USO7F2,
mp-773185,Gd2W2O9,
mp-763187,Li2Mn3F8,
mp-760791,Li4Cu5F17,
mp-777258,Ba3YF9,
mp-774361,Li2Mn3F8,
mp-680772,Sb5IO7,
mp-762570,Li3FeSi2O7,
mp-779204,LiFeP3H8O13,
mp-6289,Ba2Ti(GeO4)2,
mp-707274,H13Se2N3O8,
mp-680333,Ge4Se9,
mp-760059,Bi5O7F,
mp-707175,BeH6(NF2)2,
mp-707172,K3P4H5O14,
mp-773941,Na5LiMn2P2(CO7)2,
mp-773940,Na2LiFePCO7,
mp-773931,NaLi5Mn2P2(CO7)2,
mp-703517,NaMgPH12O11,
mp-759882,AgBH8C4(N2F)4,
mp-617011,Co2C5SO5,
mp-773811,NaLi2FePCO7,
mp-773802,NaLi2MnPCO7,
mp-762697,Li3Cr4P2O8F9,
mp-773773,Na5LiMn2P2(CO7)2,
mp-773772,NaLi5Mn2P2(CO7)2,
mp-773755,Na3Li3Mn2P2(CO7)2,
mp-759743,Sb5O7F,
mp-773743,NaLi2MnPCO7,
mp-773735,NaLi5Fe2P2(CO7)2,
mp-773726,Na2LiMnPCO7,
mp-773725,NaLi5Mn2P2(CO7)2,
mp-567502,Ga8Cu3Mo2,
mp-567579,Ce2Si4Pt7,
mp-555073,La3As2ClO7,
mp-567664,Ce2Ge4Pt7,
mp-31640,Li3Cr3(PO4)4,
mp-559393,K2CS2(O3F)2,
mp-561357,TiNb3Cl7O2,
mp-31654,Li3Cr3(PO4)4,
mp-557080,SiH17S3N5,
mp-555104,Na2Er2B2O7,
mp-567919,Al45V7,
mp-540491,Co(PO3)3,
mp-31690,Cr(PO3)3,
mp-568017,Ga8Cu3W2,
mp-555128,H8C3O2,
mp-571612,LiW6CCl18,
mp-553880,ZnS,
mp-555172,K3Nd3(PS4)4,
mp-553897,Ba2Si3O8,
mp-572361,Cs2Ti(PO4)2,
mp-557186,CsTa2P5O18,
mp-553926,NaLiB4O7,
mp-31730,Li3Cr2P5O16,
mp-31738,Cr(PO3)3,
mp-553958,Zn3(PO4)2,
mp-555214,ZnS,
mp-540621,SrGa2(GeO4)2,
mp-573425,Y8Co5,
mp-554171,Mg3(PO4)2,
mp-557528,ScH3(CO2)3,
mp-554253,ZnS,
mp-554255,Ba3(PS4)2,
mp-31797,Li3Fe3(PO4)4,
mp-554294,Na7SnS3(O4F)3,
mp-574070,Cs4Pb9,
mp-554408,CsAgSb4S7,
mp-31815,Li2Fe(PO4)2,
mp-554445,Bi5IO7,
mp-31842,Li3Fe3(PO4)4,
mp-555311,ZnS,
mp-623064,ReN2(OF4)2,
mp-554577,Li4P2O7,
mp-554608,ZnS,
mp-31850,Li3Fe3(PO4)4,
mp-555329,CSe2S2N2(OF)3,
mp-568606,CsErTa6Cl18,
mp-554673,KZnB(PO4)2,
mp-554739,C3ICl(OF3)2,
mp-579616,La2Si4CN6,
mp-31885,Li3Fe2P5O16,
mp-579927,Na2YbMoPO8,
mp-558007,Sm(IO3)3,
mp-555387,BaSi2(BO4)2,
mp-31909,Ta2Mn3O8,
mp-561972,SrMn2(PO4)2,
mp-562025,Ba2FeCoF9,
mp-558234,Na5La(WO4)4,
mp-558240,K3Al4P2O8F9,
mp-569897,Cs(BBr)6,
mp-558289,UAg2(SeO4)2,
mp-555448,Rb3Pr3(PS4)4,
mp-540858,Cu3(AsO4)2,
mp-581517,K2In(PSe4)2,
mp-555457,Te2S(O2F3)2,
mp-558302,Bi5BrO7,
mp-558329,V2Se2O9,
mp-558373,PrNb3O9,
mp-558415,K3CuP2S7,
mp-562247,Li4Mo5O17,
mp-558464,Yb(IO3)3,
mp-581775,Cs5(KPb6)3,
mp-31986,Li3Mn2P5O16,
mp-558495,SrFe2(PO4)2,
mp-554905,CaZnSi3O8,
mp-32017,Li3Mn3(PO4)4,
mp-570040,CuH5C5NCl,
mp-32029,Li3Mn3(PO4)4,
mp-559902,TeC4(BrF3)2,
mp-562977,RbNbS2O9,
mp-558890,BaLi(B3O5)3,
mp-773717,Na3Li3Fe2P2(CO7)2,
mp-765595,Sn(PO3)3,
mp-772602,NaLi5Fe2P2(CO7)2,
mp-773705,Na2LiFePCO7,
mp-773704,Na5LiMn2P2(CO7)2,
mp-773703,NaLi5Mn2P2(CO7)2,
mp-773701,Na5LiMn2P2(CO7)2,
mp-759550,Li3Sb3(PO4)4,
mp-773690,Na2LiFePCO7,
mp-773689,NaLi2FePCO7,
mp-773688,Na3Li3Mn2P2(CO7)2,
mp-773687,NaLi5Mn2P2(CO7)2,
mp-773686,Na2LiMnPCO7,
mp-772591,Li2Mn2Si2O7,
mp-773685,Na2LiMnPCO7,
mp-773682,Na5LiMn2P2(CO7)2,
mp-773681,Na2LiMnPCO7,
mp-773680,Na5LiMn2P2(CO7)2,
mp-722397,MgP2H12O11,
mp-762613,Li2Fe2Si2O7,
mp-645701,Er17(TeRu2)3,
mp-762591,Mn2PH2CO7,
mp-773546,NaLi2MnPCO7,
mp-680443,K4Pb9,
mp-721463,K2P2H2O7,
mp-773530,Na3Li3Mn2P2(CO7)2,
mp-769570,Na3Fe2P(CO4)4,
mp-763522,Li3V3(PO4)4,
mp-773524,Na3Li3Fe2P2(CO7)2,
mp-649654,KVS2O9,
mp-721217,K2P2H2O7,
mp-704197,Li2Mo(PO4)2,
mp-721067,LiCaP3H8O13,
mp-645183,Na5Gd(MoO4)4,
mp-695929,Cs3B6H12S4Br,
mp-773446,Na5LiFe2P2(CO7)2,
mp-703568,BaH2(SO4)2,
mp-773445,NaLi2MnPCO7,
mp-773436,NaLi5Fe2P2(CO7)2,
mp-758658,CaAl2(SiO4)2,83
mp-773414,Na5LiFe2P2(CO7)2,
mp-647812,Cr(CO)6,
mp-773404,NaLi2MnPCO7,
mp-773403,Na3Li3Mn2P2(CO7)2,
mp-761708,CrHSe3O8,
mp-773351,NaLi5Mn2P2(CO7)2,
mp-773350,NaLi2MnPCO7,
mp-773342,Na5LiMn2P2(CO7)2,
mp-768503,Lu(PO3)3,
mp-771911,Ni3(PO4)2,
mp-767947,LiCo2(PO4)2,
mp-601574,VH4(CO3)2,
mp-698292,K2ZrCdH16(CO3)8,
mp-850255,LiFeP3H8O13,
mp-695831,CaH4(N3O)2,
mp-767905,Li3CoPCO7,
mp-767902,Li3CoPCO7,
mp-767901,Li3CoPCO7,
mp-767898,Li3CrPCO7,
mp-698068,SnPH5NO4F,
mp-698063,Na2P2H2O7,
mp-780909,Li2Fe3F8,
mp-850154,LiCrP3H8O13,
mp-675980,Cr(PS3)3,
mp-767893,Li3CrPCO7,
mp-698033,KAl2P2H8O12F,
mp-767892,Li3CrPCO7,
mp-850143,Li3Fe4F19,
mp-767890,Li3CrPCO7,
mp-767886,Li3MnPCO7,
mp-767885,Li3FePCO7,
mp-767884,Li3MnPCO7,
mp-767878,Li3FePCO7,
mp-767876,Li3MnPCO7,
mp-767875,Li3FePCO7,
mp-765259,Li4VF8,
mp-767871,Li3MnPCO7,
mp-672972,Sn(PO3)3,
mp-768995,Ba2Y5Cl19,
mp-767870,Li3NiPCO7,
mp-767867,Li3NiPCO7,
mp-767866,Li3NiPCO7,
mp-572998,Lu(IO3)3,
mp-767865,Li3VPCO7,
mp-768958,Ba2Y5Cl19,
mp-767864,Li3VPCO7,
mp-767863,Li3VPCO7,
mp-680539,K11(In2Bi3)3,
mp-600174,H4Pb(CO3)2,
mp-767861,Li2Si2Ni2O7,
mp-697666,H6S(NO2)2,
mp-565206,K5In(MoO4)4,
mp-32062,Li3Mo3(PO4)4,
mp-32070,Li3Mo3(PO4)4,
mp-559014,Nd4GeO8,
mp-583646,Na2Gd2B2O7,
mp-585191,Li2Co(PO4)2,
mp-585227,Co(PO3)3,
mp-565260,Nd2W2O9,
mp-593,Al4Cu9,129.3664187
mp-565301,KFe2(PO4)2,
mp-555646,BaH4(CO3)2,
mp-565313,Na2TbMoPO8,
mp-555652,K2Zn(SO4)2,
mp-569050,NaW6NCl18,
mp-541145,Ge2C2(SF2)3,
mp-541146,Ge2C2(SeF2)3,
mp-555689,Na2Mn2Si2O7,
mp-32375,Li3Ni2P5O16,
mp-565389,K2Ni(MoO4)2,
mp-560134,Cs2V(PO4)2,
mp-32463,Li3V3(PO4)4,
mp-32495,Li3V3(PO4)4,
mp-32508,Li3V2P5O16,
mp-555848,H8C3S2,
mp-32525,Li2V(PO4)2,
mp-32528,Li3V3(PO4)4,
mp-555861,Na2Th(PO4)2,
mp-541476,Li2Cr(H2O3)2,
mp-570530,Cs(BCl)6,
mp-570534,Nd4Br9,
mp-565656,Na2HoMoPO8,
mp-565678,K2HoPWO8,
mp-560323,H11C4NO10,
mp-541695,W(CO)6,
mp-541747,MgGeH12(OF)6,
mp-541846,P4O9,
mp-505731,Ba2Co(PO4)2,
mp-565743,P2W5O19,
mp-570621,V2Ga8Cu3,
mp-565758,V9O17,
mp-542045,UTlH(SeO4)2,
mp-570669,Sm3(Ge3Pt2)2,
mp-565804,AlMoP2O9,
mp-565817,K2YbMoPO8,
mp-560463,Li2B4O7,
mp-560464,UTl2(TeO4)2,
mp-566814,YSbMo2O9,
mp-566845,Cr(PO3)3,
mp-566312,Na2DyMoPO8,
mp-560739,K3Li3TeO6,
mp-566333,Na3Fe2Mo5O16,
mp-566924,K2BiMoPO8,
mp-566951,LaSbMo2O9,
mp-566480,SmSbMo2O9,
mp-566509,Na3Fe3(PO4)4,
mp-560776,Sr3Cu3(PO4)4,
mp-566589,Ca4Mn3B3CO15,
mp-715596,V4O9,
mvc-12094,MgV2(CuO4)2,
mp-566617,Ca3Cr3(PO4)4,
mp-510228,V2Te2O9,
mp-566695,NdSbMo2O9,
mp-566757,DySbMo2O9,
mp-566769,K2BiPWO8,
mp-571074,Y5Mg16Cu5,
mp-560822,Na5Lu(WO4)4,
mp-556863,Ba3AlF9,
mp-556172,SiPb4(BrO)4,
mp-556869,Sb5IO7,
mp-560840,TiS4(NCl)4,
mvc-12175,CaCr2(PO4)2,
mp-570900,K4Sn9,
mp-570921,CsLu(NbCl3)6,
mp-560589,NbSe2SN2ClF6,
mp-556659,La3TiCl5O4,
mp-566082,K5Yb(MoO4)4,
mp-556330,Cs2Ga2B2O7,
mp-25736,Co2PH2CO7,
mp-25740,Co3(AsO4)2,
mp-554149,BaNaFe2F9,
mp-18882,VSiP2O9,
mp-29907,Te4Pd9,
mp-18944,Na5Y(WO4)4,
mp-25729,H8W3Se(NO6)2,
mp-19084,BaMg2V2O8,
mp-745115,NaFe9Si6B3H2O31,
mp-778180,CsTi(NbCl3)6,
mp-768319,LiNi2(PO4)2,
mp-757817,Li2Nb(PO4)2,
mp-704362,CoSiC4Cl3O4,
mp-704236,Mn(PO3)3,
mp-685907,Cd4Bi2O7,
mp-680463,Rb4Pb9,
mp-556346,Pr(IO3)3,
mp-744702,MoH6NO3F2,
mp-743928,Rb3LiZn2(MoO4)4,
mp-781014,LiVP2HO8,
mp-767928,Li3CoPCO7,
mp-600159,NiH4C2(S2N)2,
mp-644925,Cs5Bi(MoO4)4,
mp-767920,Li3NiPCO7,
mp-767912,Li3CoPCO7,
mp-767911,Li3CoPCO7,
mp-780930,LiMnP3H8O13,
mp-767910,Li3MnPCO7,
mp-767903,Li3VPCO7,
mp-695635,Li3Al3P3H2O14F,
mp-767895,Li3FePCO7,
mp-657543,SrAl2(SiO4)2,
mp-767894,Li3VPCO7,
mp-767888,Li3FePCO7,
mp-628742,Cs5Sb8,
mp-767883,Li3NiPCO7,
mp-767881,Li3MnPCO7,
mp-697645,H13Se2N3O8,
mp-767880,Li3MnPCO7,
mp-767879,Li3VPCO7,
mp-767869,Li3NiPCO7,
mp-767868,Li3NiPCO7,
mp-698457,NaLiH4C2O5,
mp-697558,SbH12C2N6F5,
mp-707469,P5H5N6(Cl4O)2,
mp-757433,NaTi4O8,
mp-771005,LuTa3O9,
mp-607454,AlC3(NCl2)3,
mp-765116,Li2Fe2C2O7,
mp-762985,LiMn2(CO4)2,
mp-771256,Sr3(AsO4)2,
mp-1019739,Eu2Ge(BO4)2,
mp-774181,NaLi5Mn2P2(CO7)2,
mp-771216,Sr3(AsO4)2,
mp-743889,NaCo2HSe2O7,
mp-777924,Li2Fe3F8,
mp-504808,P2W5O19,
mp-505124,Sr7Mn4O15,
mp-510661,Gd(IO3)3,
mp-560695,SrV2(NiO4)2,
mp-15740,SrZn2(AsO4)2,
mp-510706,Er4Si9Ir13,
mp-561012,Sr3Cu3(PO4)4,
mp-19458,BaV10O15,
mp-19461,Na5Nd(WO4)4,
mp-19464,Na5Lu(MoO4)4,
mp-19469,Na5Tb(MoO4)4,
mp-19478,VAg2(PO4)2,
mp-19479,Na5La(MoO4)4,
mp-19482,Na2V(PO4)2,
mp-19500,BaCr10O15,
mp-19504,BaV2(CoO4)2,
mp-19507,BaMn2V2O8,
mp-19505,SrCr10O15,
mp-626879,V3(HO4)2,
mp-19519,Ni3(AsO4)2,
mp-561110,SiPb4(ClO)4,
mp-540061,Ni(PO3)3,
mp-542770,Fe2PH2CO7,
mp-566231,Na3MgC2ClO6,
mp-566277,Na5Er(MoO4)4,
mp-6032,SrSi2(BO4)2,
mp-6651,K2Ta2(OF2)3,
mvc-10010,ZnCr2(PO4)2,
mvc-10037,CaCo2(PO4)2,
mvc-10049,MgV2(PO4)2,
mvc-10047,CaNi2(PO4)2,
mvc-10044,Mn2Zn(PO4)2,
mvc-10077,MgTa2(CuO4)2,
mvc-10086,MgCu2(SbO4)2,
mvc-10057,MgCr2(PO4)2,
mvc-10087,Ta2Zn(CuO4)2,
mvc-10081,CaFe2(PO4)2,
mvc-10054,Ti2Zn(CuO4)2,
mvc-10060,MgTi2(CuO4)2,
mvc-10108,Mo2P2O9,
mvc-10117,P2W2O9,
mvc-10116,ZnCu2(BiO4)2,
mvc-10119,ZnCu2(SbO4)2,
mvc-10136,MgMn2(PO4)2,
mvc-10140,CaTi2(CuO4)2,
mvc-10121,MgCu2(BiO4)2,
mvc-10151,ZnCu2(TeO4)2,
mvc-10163,CaCu2(SbO4)2,
mvc-10179,CaP2(WO4)2,
mvc-10167,V2Zn(PO4)2,
mvc-10166,MgFe2(PO4)2,
mvc-6508,Mg3Ni3(AsO4)4,
mvc-6524,Mn3Zn3(AsO4)4,
mvc-6507,Ca3V3(AsO4)4,
mvc-6553,Mg3Fe3(AsO4)4,
mvc-6606,Zn3Ni3(AsO4)4,
mvc-6625,Mg3V3(AsO4)4,
mvc-6691,Zn3Fe3(AsO4)4,
mvc-6641,V3Zn3(AsO4)4,
mvc-6699,Zn3As4W3O16,
mvc-6737,Mg3As4W3O16,
mvc-8464,NiP2WO9,
mvc-8474,NiMoP2O9,
mvc-8469,NiSbP2O9,
mvc-8493,TiNiP2O9,
mvc-8489,TaNiP2O9,
mvc-8623,FeNiP2O9,
mvc-8673,NiBiP2O9,
mvc-9066,Ni2P2O9,
mvc-9062,NiSnP2O9,
mvc-9427,CaTi2(PO4)2,
mvc-9555,MgTi2(PO4)2,
mvc-9486,Ti2Zn(PO4)2,
mvc-9496,ZnCu2(PO4)2,
mvc-9630,ZnSn2(PO4)2,
mvc-9702,Ti2P2O9,
mvc-9723,Sn2P2O9,
mvc-9740,Sb2P2O9,
mvc-9683,MgSn2(PO4)2,
mvc-9763,Bi2P2O9,
mvc-10164,Fe2P2O9,
mvc-10170,MgCu2(TeO4)2,
mvc-10188,MgCo2(PO4)2,
mvc-10187,CaCu2(TeO4)2,
mvc-10193,CaTa2(CuO4)2,
mvc-10192,MgNi2(PO4)2,
mvc-10237,ZnFe2(PO4)2,
mvc-16458,Ca3Cu3(AsO4)4,
mp-6118,Ca3Cu3(PO4)4,
mvc-2651,Ti5(TeO6)3,
mvc-2839,Bi5(TeO6)3,
mvc-2883,Sb5(TeO6)3,
mvc-2713,Sn5(TeO6)3,
mvc-3020,Mn5(TeO6)3,
mvc-3032,Cr5(TeO6)3,
mvc-3074,Te3Mo5O18,
mvc-3120,Te3W5O18,
mvc-3100,Ni5(TeO6)3,
mvc-6030,Ca3Co3(AsO4)4,
mvc-6144,Ca3Ni3(AsO4)4,
mvc-6193,Mg3Cr3(AsO4)4,
mvc-6098,Ca3Cr3(AsO4)4,
mvc-6158,Ca3Mn3(AsO4)4,
mvc-6213,Ca3Fe3(AsO4)4,
mvc-6446,Mg3Mn3(AsO4)4,
mvc-6454,Mg3Co3(AsO4)4,
mvc-6459,Zn3Co3(AsO4)4,
mvc-6491,Zn3Cr3(AsO4)4,
mvc-10271,MgCu2(SnO4)2,
mvc-10358,CaCu2(SnO4)2,
mvc-10359,ZnCu2(SnO4)2,
mvc-10435,V2Zn(CuO4)2,
mvc-10458,Mn2Zn(CuO4)2,
mvc-10450,MgCr2(CuO4)2,
mvc-10460,MgCu2(WO4)2,
mvc-10463,MgMn2(CuO4)2,
mvc-10465,MgFe2(CuO4)2,
mvc-10461,MgCo2(CuO4)2,
mvc-10464,ZnFe2(CuO4)2,
mvc-10467,ZnCu2(MoO4)2,
mvc-10459,ZnCo2(CuO4)2,
mvc-10468,ZnCu2(WO4)2,
mvc-10477,ZnCu2(NiO4)2,
mvc-10476,MgCu2(NiO4)2,
mvc-10482,CaV2(CuO4)2,
mvc-10466,ZnCr2(CuO4)2,
mvc-10492,CaCu2(MoO4)2,
mvc-10511,CaFe2(CuO4)2,
mvc-10512,CaCu2(NiO4)2,
mvc-9965,CaMn2(PO4)2,
mp-707464,CuH3(NO2)3,
mp-697523,CsCuP3H8O13,
mp-708034,H13Se2N3O8,
mvc-9882,CaV2(PO4)2,
mp-738646,Ag4Te(ClO3)2,
mp-722790,CeP2(HO4)2,
mp-730473,CuP2(H2O3)2,
mp-543082,Fe5O8,
mp-757082,LiSi3BiO8,
mp-767959,LiCo2(PO4)2,
mp-774267,Na2LiMnPCO7,
mp-774266,Na2LiMnPCO7,
mp-774265,NaLi2MnPCO7,
mp-778072,Ba2Y5F19,
mp-652776,Rb2V(PO4)2,
mp-1020671,Y(NO3)3,
mp-774194,NaLi5Mn2P2(CO7)2,
mp-1020621,RbBe2B3O7,
mp-1020606,SrBe2(PO4)2,
mp-849250,LiCrP3H8O13,
mp-777954,Li3Mn4F19,
mp-1020027,Li4P2O7,
mp-1019809,KBe2B3O7,
mp-771054,V3(PO4)2,
mp-1019777,K2La2B2O7,
mp-1019733,Eu(NO3)3,
mp-1019377,Al(PO3)3,
mp-1003636,NaMn4O8,
mp-1003923,CaMn4O8,
mp-1003320,CaMn4O8,
mp-1016146,MgMn4O8,
mp-1003315,LiMn4O8,
mp-773069,ErTa3O9,
mp-776424,Na2LiCuP2O7,
mp-776727,Li2Fe3F8,
mp-776731,Na3Li3Fe2P2(CO7)2,
mp-579837,BaV10O15,
mp-13602,Cd3(AsO4)2,
mp-14169,Li4UF8,
mp-14235,SrGa2(SiO4)2,
mp-12199,Hg3(PO4)2,
mp-695779,Li3Fe2P5O16,
mp-14558,Ba2Mg(PO4)2,
mp-14864,Cs2Ti(PO4)2,
mp-15483,Zn3(AsO4)2,
mp-15739,BaZn2(AsO4)2,
mp-27939,Er(PO3)3,
mp-24362,CuH6CN2O3,
mp-29467,P4(SeO2)3,
mp-24405,LiCd4Ge5HO15,
mp-29549,Si(PH2)4,
mp-19463,Na5Tb(WO4)4,
mp-16571,Ca7Ge6,
mp-22737,Sb8(PbS5)3,
mp-19481,Rb2V(PO4)2,
mp-19487,Ba2Mn(PO4)2,
mp-19491,Ba2Ni(PO4)2,
mp-19497,Na5Y(MoO4)4,
mp-19509,SrV10O15,
mp-28135,NbXeF11,
mp-28140,P2Pb3S8,
mp-16980,Rb2B4O7,
mp-25082,Mo(CO)6,3
mp-697849,Li2Fe(PO4)2,
mp-30929,Hg4As2O7,
mp-29776,Ce4Ge9Rh13,
mp-17166,K2B4O7,
mp-25664,Fe(PO3)3,
mp-25697,Mn(PO3)3,
mp-30981,Te(HO)6,27.79668859
mp-767470,LiNi2(PO4)2,
mvc-12312,VNiP2O9,
mp-567034,Na2LuMoPO8,
mp-560489,Gd(IO3)3,
mvc-10120,Cr2P2O9,
mvc-8928,CrNiP2O9,
mvc-6246,Ca3Sn3(AsO4)4,
mp-1096991,Cs2Sn11,
mp-700144,SrV2(NiO4)2,
mp-585307,Li3Co3(PO4)4,
mp-705268,Li3V3(PO4)4,
mp-704262,Li3Co3(PO4)4,
mp-707120,BaP2(HO4)2,
mvc-10139,CaCu2(BiO4)2,
mp-985595,Zn6HO6,
mvc-6866,Ca3As4W3O16,
mp-636464,Cs4V2S4O3,
mp-542459,BaGa2(GeO4)2,
mp-556178,BaAl2(GeO4)2,
mp-505612,Bi2W2O9,
mp-29222,Ba2Si3O8,
mp-772342,Y2W2O9,
mvc-9564,CaSn2(PO4)2,
mp-554821,Tb(IO3)3,
mp-560995,Y(IO3)3,
mp-31394,Ca7Sn6,
mp-721268,H6S(NO2)2,
mp-770430,GdTa3O9,
mp-566057,UV2PbO9,
mp-696490,Ca2H2S2O7,
mp-31259,Bi(IO3)3,
mp-30948,Tb(IO3)3,
mp-759918,Li3Sb3(PO4)4,
mp-559476,Dy(IO3)3,
mvc-10508,CaCu2(WO4)2,
mp-30224,Si3(Cl4O)2,
mp-565665,Ba2V2ZnO8,
mp-554379,AsXeF11,
mp-27600,Cd3(PO4)2,
mp-504533,V4O9,
mvc-12304,V2P2O9,
mp-769522,Li13Mg(Ni6O13)2,
mp-555309,CS4N2(OF)3,
mp-28176,Te2PdCl10,
mp-540585,BaGa2(GeO4)2,
mp-571010,CsEr(TaBr3)6,
mp-779920,Gd2W2O9,
mp-555996,CIN2(O2F)3,
mp-558346,Nd(IO3)3,
mp-560010,Rb2Ga2B2O7,
mp-28842,Si3PH9,
mp-510464,Ce(IO3)3,
mp-4779,Li2B4O7,41
mp-561108,Y(IO3)3,
mp-633143,H8W3Se(NO6)2,
mp-716723,V9O17,
mp-771106,Dy(PO3)3,
mp-23552,Er(IO3)3,
mp-572707,SeS4N3Cl5,
mp-32443,V(PO3)3,
mp-32379,Li3Ni3(PO4)4,
mp-540496,Cu(PO3)3,
mp-542705,BaYbCo4O7,
mp-567035,BaV2(CuO4)2,
mvc-10489,CaCo2(CuO4)2,
mp-31614,Li3Co3(PO4)4,
mp-540306,Li3Ni3(PO4)4,
mvc-8449,NiTeP2O9,
mvc-10462,MgCu2(MoO4)2,
mp-556079,Eu(IO3)3,
mp-31828,Li3Fe3(PO4)4,
mp-531197,Sr(ReO3)3,
mp-30171,Ho4Ge9Ir13,
mvc-10494,CaCr2(CuO4)2,
mp-12541,Ca4Hg9,
mp-531696,Ti9ZnS16,
mp-28392,Sr5(AlSb3)2,
mp-694576,Cr(PO3)3,
mp-585292,Co(PO3)3,
mp-704224,Li2Ni(PO4)2,
mp-704636,Li3V3(PO4)4,
mp-699672,SrMn2(PO4)2,
mp-622325,BaNaCr2F9,
mp-620091,Ba2FeCoF9,
mp-640448,Na2Mn2Si2O7,
mp-585299,Li3Co3(PO4)4,
mvc-16438,Ca3Cu3(PO4)4,
mp-697611,LiH5S(NO2)2,
mvc-16569,ZnFe2(PO4)2,
mp-649452,BaV2(CuO4)2,
mp-698578,Fe21O32,
mp-767781,Sr16Mn8O29,
mp-675164,La12Cu10O31,
mp-757229,Na5Ti16O32,
mp-767646,SrLiLa15(CoO8)4,
mp-761797,Li6Mn15O32,
mp-863289,NaAl6Fe3Si6B3H3O30F,
mp-684822,Co19Te34,
mp-761972,Li7Mn14O32,
mp-691076,Ba2Al4Si6H14O27,
mp-17659,Mg23Al30,55.72523136
mp-31374,H30S2O21,
mp-708089,H30S2O21,
mp-684881,Mn27Sb26,
mp-758599,Sr5(ReO3)12,
mp-541115,V2Cu3H24(OF)12,
mp-541670,Mn2Cu3H24(OF)12,
mp-697862,V4Ge13O36,
mp-647556,Tl8(CdN14)3,
mp-579102,Sm32O21,
mp-765134,FeOF,
mp-765085,FeOF,
mp-6891,Sb2RuC6(OF2)6,
mp-6880,Sb2OsC6(OF2)6,
mp-765065,Li2VCrP2(HO5)2,
mp-765060,Li2VCrP2(HO5)2,
mp-669542,Ba4Cu3Ge20,
mp-850779,HoTa7O19,
mp-6875,BaNa2Al4(SiO4)4,
mp-765061,Li2VFeP2(HO5)2,
mp-640551,Ba4Si23,
mp-640312,K4In3Ge20,
mp-768395,Na4Sb2C4SO16,
mp-768256,Li4Bi2C4SO16,
mp-775782,Na4Sn2C4SO16,
mp-9837,Ba4Nd4Zn3PtO15,
mp-775852,Li4Sb2C4SO16,
mp-9737,Ba4Sm4Zn3PtO15,
mp-782649,Na4Mn2P(CO4)4,
mp-9275,Th2Ta6O19,
mp-778330,FeOF,
mp-850257,Li3V2P4(HO8)2,
mp-772036,YTa7O19,
mp-667803,Nd2Cu2O5,
mp-696056,K2H4PtC6S6(N3O)2,
mp-849523,Li2MnVP2(HO5)2,
mp-654033,La2Cu2O5,
mp-720741,TiH14(OF)6,
mp-763775,FeOF,
mp-849423,Li2MnVP2(HO5)2,
mp-763505,FeOF,
mp-763476,FeOF,
mvc-12291,CaV2Ni2(P2O9)2,
mvc-12280,Ba2CaV2(P2O9)2,
mp-763164,FeOF,
mp-774400,Na8Co5O14,
mp-672715,Ba7(Fe3S7)2,
mp-762983,FeOF,
mp-531,K4Si23,
mp-570985,SiC,213.411454
mp-859110,Ta7BiO19,
mp-776798,Li2MnVP2(HO5)2,
mp-743810,CsVZn(PO3)6,
mp-658559,Ba3Ce2C5O15F2,
mp-773826,Na8Bi5O14,
mp-770124,GdTa7O19,
mp-773601,Li2CuP3H8O13,
mp-781859,LiCu2P3H8O13,
mp-707251,CdH6(SO4)4,
mp-707201,Cu4H10SO12,
mp-707176,NaCa2Al2P2H5O11F4,
mp-707071,ZnH10C4N6(ClO2)2,
mp-705765,Li3Mn8O16,
mp-771197,Li4Co7O16,
mp-772260,Li10Ti4O13,
mp-990083,MoS2,
mp-764072,Na8Fe5O14,
mp-769713,Na4B4Sb2SO16,
mp-779515,Na4Bi2C4SO16,
mp-684805,Mn14Sb13,
mp-651688,Si4Ag10O13,
mp-768959,Na4Sb2C4SO16,
mp-720111,Na4Al3Si3ClO16,
mp-707981,Y4H9NO13,
mp-769532,Na4V2C4SO16,
mp-780314,Li3V2P4(HO8)2,
mp-769316,Li5Nb3OF18,
mp-772869,Ta7InO19,
mp-762619,Li4Mn3(PO4)4,
mp-707343,ZrH12C2(NF)6,
mp-780049,LuTa7O19,
mp-771185,K2Ge2O5,
mp-761971,LiLaNb4O12,
mp-651741,Cs2Re2Se5,
mp-772221,Ba5La3I19,
mp-771317,Ti5Sb5O17,
mp-779936,Na4Fe2P(CO4)4,
mp-686310,BaNa2Al4(SiO4)4,
mp-779878,Na4Bi2P(CO4)4,
mp-779851,Na4Ni2P(CO4)4,
mp-762344,Na8Nb5O14,
mp-642428,Y3Al19Ni5,
mp-779839,Li4Ni2C4SO16,
mp-770736,Na4Cr2As(CO4)4,
mp-676309,Sr11Ru10O33,
mp-641117,La5Ti4FeO17,
mp-763880,Li2VCrP2(HO5)2,
mp-779161,Na4Bi2B4SO16,
mp-734042,MgH12(NO6)2,
mp-770679,Li5CrP2(O4F)2,
mp-639480,SiO2,
mp-759849,Li2Ti6Zn3O16,
mp-770515,Li4Co2C4SO16,
mp-626297,Ba(H8O5)2,
mp-617840,Ba3Ce2C5O15F2,
mp-722271,H14RuS2(N2O3)2,
mp-778664,Tm5Ti5O17,
mp-769462,Li2Nb6NiO18,
mp-764802,Li2VF6,
mp-694981,Na4Al3Si3B(HO3)4,
mp-758933,B8O,204.7511782
mp-758770,Li2Mg3Ti6O16,
mp-758632,NaH2C2N3O,
mp-764375,Li2VF6,
mp-850995,Na4V2C4SO16,
mp-763419,FeOF,
mp-705494,K2B10H13O2,
mp-694964,Na4MnAl3Si3O16,
mp-628618,Ba5Os3NO18,
mp-28511,Zr2P,
mp-31135,Si19Te8,
mp-28703,RbAg5S3,
mp-21748,TbSi3Rh5,
mp-21780,SmSi3Rh5,
mp-21793,HoSi3Rh5,
mp-27271,Tl8Ge5O14,
mp-30169,Ba4Ni3Ge20,
mp-30170,Ba4Ge20Pd3,
mp-28848,Ca2Bi2O5,
mp-505064,Nb2P,
mp-17815,Ba4Si20Au3,
mp-30272,U2Al19Co6,
mp-30335,Al23V4,
mp-505228,Sr5Nb5O17,
mp-29045,La5Ti5O17,
mp-18228,Ba3NaSi23,
mp-27889,K(V5S8)2,
mp-567025,K2Mo2H8O15,
mp-534870,Na4Ga3Si3B(HO3)4,
mp-535042,Na4Al3Ge3B(HO3)4,
mp-542686,K4Na2(Si2O5)3,
mp-556926,CuAs2S4(O2F3)4,
mp-771379,LiCrBO3,
mp-771369,LiMnBO3,
mp-758221,CaH12S2(NO5)2,
mp-850441,LiMn2P2H9O13,
mp-707874,Ba7Cu3H17,
mp-773103,ErTa7O19,
mp-707398,Mg2PHO5,
mp-779902,Li3V2P4(HO8)2,
mp-850834,Tb5Ti5O17,
mp-770944,Li4Co2C4SO16,
mp-762793,Li5VP2(O4F)2,
mp-685863,Li4SiO4,
mp-761382,Li2Fe3(Si3O8)2,
mp-746817,NaV2P2(H4O7)2,
mp-762699,Li5MnP2(O4F)2,
mp-777073,Li4Mn2C4SO16,
mp-568556,Mg2B24C,
mp-709019,Ca2CuH6(CO2)6,
mp-740710,Na2LiP3H8O13,
mp-779240,Na4Fe2C4SO16,
mp-669339,Cs2UTa6(Cl5O)3,
mp-861730,Ba5Y3Br19,
mp-763774,Li2Nb6NiO18,
mp-766967,Li2Mn3(Si3O8)2,
mp-772783,Li2Mg3Ti6O16,
mp-778884,LiFeBO3,
mp-762708,Li7MnP4O14F,
mp-762690,Li7FeP4O14F,
mp-759711,LiCuCO3,
mp-722941,CaZn2H12(BrO)6,
mp-555095,Ba5Re3NO18,
mp-567890,AgHg3As2Cl3,
mp-567950,U11Ni16,
mp-568153,Al22Mo5,
mp-557180,CaAs2(XeF5)4,
mp-559533,NaLiCO3,
mp-553959,Na6Nb8(PO7)5,
mp-557282,Rb2Ce(NO3)6,
mp-554037,KU2H5C4O15,
mp-540627,K2Ba(SO)12,
mp-554184,Ho2Cu(BO2)8,
mp-555250,AgH9C7S2(OF)4,
mp-557561,Sm6Si4S17,
mp-554342,Hf3Cd3AgF20,
mp-559646,KCS(OF)3,
mp-540713,Ca2Al2FeSi4BHO16,
mp-555315,Zr3Cd3AgF20,
mp-557911,Al3Pb5F19,
mp-557935,Dy2Cu(BO2)8,
mp-558087,Na2Ca3(Si3O8)2,
mp-555407,Nd6Si4S17,
mp-558427,Na6Mg(SO4)4,
mp-555481,Ba6Er2Ga4O15,
mp-558970,H16C3NF7,
mp-555488,Na5AlP2(O4F)2,
mp-582084,CdI2,
mp-558703,Al3Pb5F19,
mp-558775,Al3Pb5F19,
mp-540995,Rb5Nb3OF18,
mp-568883,Pr3SiSe2N3,
mp-559927,Tb2Cu(BO2)8,
mp-683929,Cs4Re6C4S9N4,
mp-776330,Li4Cu2C4SO16,
mp-680697,Ce6Si4S17,
mp-770270,LiCoBO3,
mp-769578,Li4V2C4SO16,
mp-771912,Li4Cr2C4SO16,
mp-782641,Na4V2P(CO4)4,
mp-680340,Nb6Tl3SBr17,
mp-769204,Li7CuAs4ClO14,
mp-677705,Ba24In19N11,
mp-769047,Na4Bi2As(CO4)4,
mp-676802,K2HfF6,
mp-629742,HfMo2Se8(Cl7O)2,
mp-720222,Na3CaAl3Si3SO16,
mp-605406,RbU2H5C4O15,
mp-781108,Na4Mn2As(CO4)4,
mp-776293,Na4Sb2C4SO16,
mp-781078,Li3V2P4(HO8)2,
mp-777623,Na4Mn2C4SO16,
mp-778387,Ba5Y3F19,
mp-604304,HgH16(Br3N2)2,
mp-604295,HgH16(Br3N2)2,
mp-771839,Na4Co2C4SO16,
mp-674972,Rb6Pb5Cl16,
mp-777201,LiNiBO3,
mp-780892,Na4Fe2As(CO4)4,
mp-764510,FeOF,
mp-777149,Li2MnVP2(HO5)2,
mp-707227,K5H3S5O14,
mp-777091,Li2MnVP2(HO5)2,
mp-559955,Pr6Si4S17,
mp-559039,PH3PbCO3,
mp-559037,Rb3Nb6SBr17,
mp-699598,Co8Te(AsO8)2,
mp-555781,Ba6Ti5S15O,
mp-560155,SiO2,
mp-555919,KH3C2S2O,
mp-560296,K(Mo6S7)2,
mp-541732,Al3Pb5F19,
mp-565705,BaVCu4P4O17,
mp-541830,UCo5Si3,
mp-570662,Ba4Ag3Ge20,
mp-556062,NaNb4Tl3P2O17,
mp-561127,K2Ce(NO3)6,
mp-556812,SiO2,
mp-556107,Nd6Nb5S16,
mp-556117,Ga3Pb5F19,
mp-510224,Ba6Mn5O16,
mp-530033,B8O,
mp-566722,Na5CrP2(O4F)2,
mp-566718,Ba3Mo2(P2O9)2,
mp-560843,Na4Zr2Ti(CO4)4,
mp-565925,Ca4Al6WO16,
mp-565934,ZrMo2Se8(Cl7O)2,
mp-760062,Na3Ti8O16,
mp-556215,K9Li3I2O13,
mp-758253,CaH12(IO6)2,
mp-560889,Ba6Na2Si4O15,
mp-556591,SiO2,
mp-530641,Y4Cu7O16,
mp-560541,K3Na3Nb8(PO7)5,
mp-566045,Rb2Mo2H4C4O15,
mp-560973,SiO2,
mp-571268,CuHg3As2Br3,
mp-25770,MnH6(SO4)4,
mp-556356,Na2SrAl4(SiO4)4,
mp-849682,Li2MnVP2(HO5)2,
mp-763168,FeOF,
mp-706291,Ca2B8H2O15,
mp-697242,H5C2NO,
mp-849529,MnH12S2(NO5)2,
mp-705614,Sr5Fe3F19,
mp-697022,Ca6Si2H6O13,
mp-768257,Na4Bi2C4SO16,
mp-600226,MnH12(C2N5)2,
mp-776378,LiCuBO3,
mp-776348,Na4Bi2C4SO16,
mp-600348,LiCoH24C8(N2O3)4,
mp-761607,Li2Si6Ni3O16,
mp-771217,Na4Co2P(CO4)4,
mp-781013,Li3V2P4(HO8)2,
mp-778274,Dy5Ti5O17,
mp-626287,Sr(H8O5)2,
mp-763078,FeOF,
mp-744625,ZnCrH15N5Cl4F,
mp-600154,K2CuH8(CO3)4,
mp-626264,Ba(H8O5)2,
mp-626268,Ba(H8O5)2,
mp-626263,Ba(H8O5)2,
mp-626260,Sr(H8O5)2,
mp-676339,BaTa2O6,
mp-626241,Sr(H8O5)2,
mp-626230,Ca(H8O5)2,
mp-626227,Ca(H8O5)2,
mp-744533,SrV2P2(H4O7)2,
mp-626225,Ca(H8O5)2,
mp-777129,TiO2,
mp-600351,NiH12C4(N2O3)2,
mp-768326,Na4Sn2C4SO16,
mp-744954,NiH12(NO6)2,
mp-744941,Na3Cr2P2O8F3,
mp-757800,LiCuCO3,
mp-626564,Ca(H8O5)2,
mp-626563,Ca(H8O5)2,
mp-626562,Ca(H8O5)2,
mp-625824,Sr(H8O5)2,
mp-762991,FeOF,
mp-626553,Ca(H8O5)2,
mp-626552,Ca(H8O5)2,
mp-625803,Sr(H8O5)2,
mp-625801,Sr(H8O5)2,
mp-653954,Cs2Re2S5,
mp-778306,Na4Fe2C4SO16,
mp-743950,CrSb2H12(C2O)4,
mp-626340,Ba(H8O5)2,
mp-626337,Sr(H8O5)2,
mp-626317,Ca(H8O5)2,
mp-626315,Sr(H8O5)2,
mp-626308,Ca(H8O5)2,
mp-765225,Li2MnF6,
mp-626295,Ba(H8O5)2,
mp-626293,Sr(H8O5)2,
mp-626291,Ca(H8O5)2,
mp-626282,Sr(H8O5)2,
mp-626279,Ca(H8O5)2,
mp-626275,Ca(H8O5)2,
mp-626271,Sr(H8O5)2,
mp-626267,Ca(H8O5)2,
mp-744579,Mo4H8N2O13,
mp-761532,Bi17W3O34,
mp-556783,NaLiCO3,
mp-560660,Ba4Eu4Zn3PtO15,
mp-560998,SiO2,
mp-25500,CrH17N4Cl2O3,
mp-531265,Ca3(BN2)2,
mp-531272,GaAsO4,
mp-531472,Li2UBr6,
mp-531820,Li4Ti7O16,
mvc-16334,CaSb10(S3O5)2,
mp-740754,SmH8(NO5)3,
mp-765063,Li2VFeP2(HO5)2,
mp-765059,Li2VCrP2(HO5)2,
mp-625860,Sr(H8O5)2,
mp-625841,Sr(H8O5)2,
mp-743964,K3VH6C4O13,
mp-778377,Ba5Y3F19,
mp-696085,Zn2P2H12O11,
mp-653287,Cr3Pb5F19,
mp-695955,P3H11N4O9,
mp-1019546,BaY4Si5O17,
mp-772981,Li2Zn3(Ge3O8)2,
mp-773039,Li2Ti6Zn3O16,
mp-776718,Li2MnVP2(HO5)2,
mp-27800,K4Ge23,
mp-186,Na4Si23,
mp-21839,Ba4Ge20Au3,
mp-23420,Ge19(PI)4,
mp-14485,LaTa7O19,
mp-14676,NdTa7O19,
mp-15442,SmSi3Pt5,
mp-15492,DyTa7O19,
mp-16002,U2Ta6O19,
mp-27625,Ge19(PBr)4,
mp-27626,Ge19(AsI)4,
mp-15307,ErSi3Rh5,
mp-28001,Lu(BRh)4,
mp-15308,TmSi3Rh5,
mp-28017,Na8Ti5O14,74
mp-24460,MgH6(SO4)4,
mp-19466,FeSb2C6(OF2)6,
mp-24765,KHoH8RuC6(N3O2)2,
mp-28200,LaNb7O19,
mp-28216,Lu6Ge4O17,
mp-22830,DySi3Rh5,
mp-2496,Cs4Sn23,
mp-782637,Na4Cr2P(CO4)4,
mp-29825,K2Si2O5,
mp-28468,KAg5S3,
mp-1080356,CeSe2,
mp-1080629,CeSe2,
mp-1080641,CeSe2,
mp-1080854,CeSe2,
mp-1093996,ZnHC4O3,
mp-655099,NiH12C4(N2O3)2,
mp-768991,Li4Bi2C4SO16,
mp-850975,Na4Ni2C4SO16,
mp-1096922,CrN2,
mp-1096924,CrN2,
mp-569543,CsLaZr6FeCl18,
mp-572512,Cs2LaTa6(Br5O)3,
mp-777070,Li4V2C4SO16,
mp-556621,RbBiAs6H24C8(S6N)2,
mp-781611,Li4Fe2C4SO16,
mp-581090,Ba3Ce2C5O15F2,
mp-768968,Li4B4Sb2SO16,
mp-572625,Cs3SrCu2C7(SN)7,
mp-730074,Rb2CaH8(N3O)4,
mp-779142,Na4Cu2C4SO16,
mp-746774,Mn2CuH12(NO2)4,
mp-581361,Ba3La2C5O15F2,
mp-602659,HXeF7,
mp-766059,Na3Mn8O16,
mp-770560,Na4Cr2C4SO16,
mp-653450,CuAg7As4ClO14,
mp-707762,K2CaH8(N3O)4,
mp-530464,Ag5(Sn3S8)2,
mp-530036,Tb11S16,
mp-582996,Pr2Al19Co6,
mp-531574,Dy11S16,
mp-531914,Li3Ti8O16,
mp-581991,Nb2P,
mp-574193,U2Al19Co6,
mp-13909,K4Sn23,
mp-758138,La16Cu8O31,
mp-849488,LiMn2(BO3)2,
mp-777836,Li14Co13O28,
mp-680433,Ba6Ca6Tl5Cu9O29,
mp-694974,Li7Mn16O32,
mp-781673,LiMn2(BO3)2,
mp-781623,LiMn2(BO3)2,
mp-780887,LiMn2(BO3)2,
mp-762374,Li4La3Nb12O36,
mp-673649,Zr23S32,
mp-764249,Ni17(As3O16)2,
mp-764167,Na8Fe7(PO4)8,
mp-705564,Co23O32,
mvc-15145,Zn3Cu10(TeO6)6,
mp-853202,LiMn2(BO3)2,
mp-760172,Na7Ti16O32,
mp-766834,Li7Ti16O32,
mp-730823,P6H24N6O19,
mp-759713,Li8Ti15O32,
mp-26303,Li6Cu9(PO4)8,
mp-686801,Al6ZnP4(H4O7)4,
mp-767432,Sr16V8O31,
mp-684691,Tm23Se32,
mp-680671,Mg4Zn7,
mp-31709,Li6Cr9(PO4)8,
mp-568202,Yb6Co30P19,
mp-31847,Li6Fe9(PO4)8,
mp-31962,Li6Mn9(PO4)8,
mp-562193,Cs3Mn4(PO3)12,
mp-766747,Li6Ni9(PO4)8,
mp-766607,Na7Mn16O32,
mp-720658,Cs3Mg3In(PO3)12,
mp-776111,Li8Fe7(PO4)8,
mp-767904,Li9Mn14O32,
mp-706670,AlCuH28S2ClO22,
mp-560368,Na6Cu9(PO4)8,
mp-530141,Li7Ti16O32,
mp-530844,Ga23N5O27,
mp-767467,Li7Y7Zr9S32,
mp-776135,Fe23O32,
mp-695648,KNa6Al7Si9O32,
mp-757303,Mg17(As3O16)2,
mp-765101,Na7(WO3)12,
mp-771196,Li8Mn12Ni4O31,
mp-532267,Sr8Ga16S31,
mp-743972,K2NaNb2Fe7Si8H4O31,
mp-849341,LiMn2(BO3)2,
mp-776706,Li9Cr4C8(SO16)2,
mp-28228,Ag7Te4,
mp-769505,Li7Mn10Cr6O32,
mp-637033,Cs3Mn4(PO3)12,
mp-774797,Li2Ti3ZnO8,
mp-8056,Ca(BO2)2,
mp-8888,HoAl3(PbO4)2,
mp-625231,P(HO)3,
mp-652534,Mn3Cu3O8,
mp-698582,Li5Mn7O16,
mp-697925,Na5YbH4(C2O7)2,
mp-697856,Al2CoO4,
mp-775679,Li2Mn3CrO8,
mp-686268,Cu2H4C4N3O,
mp-781992,PH8N4Cl,
mp-699371,Al2NiO4,
mp-699179,Li7Mn17O32,
mp-698638,Ga2NiO4,
mp-778604,Li3BiO3,
mp-698600,Li11Mn13O32,
mp-698589,Ga2CoO4,
mp-866667,Li3AsH36(SeN3)4,
mp-768062,Li13Co15O28,
mp-768416,BaYBr5,
mp-699552,KMoCl4O,
mp-767977,Li17Ni11O28,
mp-675160,Ce11MnS16,
mp-782653,Ca2CrO4,
mp-775806,Li3SbS3,
mvc-8275,ZnCoNiP2O9,
mp-560572,Al(HO)3,
mp-762296,Li2Co3NiO8,
mp-697683,PH8N3O2,
mp-774164,Li2V3SnO8,
mp-697339,Ho2H4CO7,
mp-765394,LiNiPO4,
mp-698644,Tm2PbS4,
mp-776770,LiFeF5,
mp-672252,LiEuPS4,
mp-776762,LiVF5,
mp-698596,Co9Ru3O16,
mp-966582,CaAlH5,
mp-686354,Cr2CoSe4,
mp-758619,KPHO3F,
mp-694851,LiMnO2,
mp-675307,Fe5Ni7S16,
mp-766427,K2NaZn2H5(C2O7)2,
mp-849433,SrTiH4(OF3)2,
mp-774929,Na5Bi2P(CO4)4,
mp-766230,Rb2NaZn2H5(C2O7)2,
mp-774616,H5C3N5O,
mp-697772,Li3V2P5O18,
mp-767635,Li3Cr(PO4)2,
mp-760120,Cu3(OF)2,
mp-774082,Li(CoO2)2,
mp-743814,FeP2H2O9,
mp-765391,LiNiPO4,
mp-781997,SmH10S3N3O11,
mp-764537,Na9Mn15O32,
mp-759627,LiCuPO4,
mp-608358,CuAgPO4,
mp-758990,LiCuPO4,
mp-685874,V(MoS2)2,
mp-781622,Lu(HO)3,
mp-733866,CuPH6NO5,
mp-772193,La(HO)3,
mvc-12303,Y2(NiO3)3,
mp-685414,Tb11CuSe16,
mp-8986,Ba2GdC2(O2F)3,
mp-8985,Ba2YC2(O2F)3,
mp-771896,Li5Mn8Fe11O32,
mp-777978,BaYF5,
mp-779116,Li2Ti3SnO8,
mp-762214,Li2Co3SnO8,
mp-774943,Li2Fe3NiO8,
mp-777733,Li5Mn2Fe17O32,
mp-861852,Zn5Co19O32,
mp-774810,RbPHO3F,
mp-774800,Li15Zr7(Cu3O14)2,
mp-777653,Li2Cr3FeO8,
mvc-10158,MgFe2P2O9,
mp-771651,Li8Mn13Fe3O32,
mp-861717,Li8MnFe7(PO4)8,
mp-695252,Sr2La14Zn3Cu5O32,
mvc-12286,Ca2Nb2CoO9,
mp-861477,LiMnPO4,
mp-861466,LiMnPO4,
mp-777117,Li2MnNi3O8,
mp-761430,Li7Mn11(Si3O16)2,
mp-861063,LiNi(PO3)3,
mp-761369,Li13Ni15O28,
mp-762884,Fe19Co5O32,
mp-774280,Li2Fe3CuO8,
mp-3828,BaAl2O4,
mp-861622,LiMnPO4,
mvc-10959,VBiO5,
mp-646612,NaCe(GaSe2)4,
mp-762637,NaCoH2C3O7,
mp-861688,LiMnPO4,
mp-707811,ZrH6NOF5,
mp-861693,LiMnPO4,
mp-762378,Li2V3CoO8,
mp-861580,LiNi(PO3)3,
mp-861684,LiMnPO4,
mp-762516,Li3Mn3O8,
mp-680421,Ce6S4BrN3,
mp-861591,LiNi(PO3)3,
mp-851090,SrLaCl5,
mp-780425,Tm(HO)3,
mp-762491,LiFe(PO3)3,
mp-642894,UCo5Sn,
mp-773627,Li2Fe3BiO8,
mp-771487,Na5Mn2P(CO4)4,
mp-762486,LiFe(PO3)3,
mp-861482,LiMnPO4,
mp-758970,K3Ti8O17,
mp-781757,TaNbO5,
mp-861458,LiMnPO4,
mp-861465,LiMnPO4,
mp-707068,KH8O4F,
mp-669473,Cs3Sb2Cl9,
mvc-8414,MgCrNiP2O9,
mp-860962,Sr2V3O9,
mp-762430,LiCrSiO4,
mp-771195,Na5Ni2As(CO4)4,
mp-705592,Al2FeO4,
mvc-6278,Zn(MoO2)2,
mvc-6205,Zn(NiO2)2,
mp-705581,Al2CoO4,
mp-705576,Al2FeO4,
mvc-5770,Ca(CuO2)2,
mvc-5764,CaMn2O4,
mvc-5741,Ca(NiO2)2,
mp-762220,LiCuPO4,
mp-780010,Ba2GeO4,
mvc-5456,Mg(NiO2)2,
mp-706590,NaAl(H2N)4,
mp-705416,Fe3O4,
mp-706559,H3CSN2,
mp-769295,AgH8O5,
mp-762397,Li2V3P5O18,
mvc-5285,CaCr2O4,
mvc-5274,Zn(CoO2)2,
mvc-5217,Ca(CoO2)2,
mvc-5203,Mg(CoO2)2,
mp-6665,Ba4LiW2N7,
mp-638445,C4SO2,
mp-772089,SrLaCl5,
mvc-5133,V2ZnO4,
mvc-5089,ZnCr2O4,
mvc-5074,MgV2O4,
mp-21707,Er2CrS4,
mp-772035,BaLaCl5,
mvc-5032,MgCr2O4,
mvc-4989,Mn2ZnO4,
mp-771967,BaLaCl5,
mvc-4964,MgMn2O4,
mvc-4945,CaTi2O4,
mvc-4919,Mg(AgO2)2,
mp-990086,Mo9HS18,
mvc-4858,Mg(CuO2)2,
mvc-4855,Zn(CuO2)2,
mvc-4850,Zn(AgO2)2,
mp-866813,Ca2SnS4,
mvc-4746,Ti2ZnO4,
mvc-4650,MgTi2O4,
mp-779682,NaScP2(HO4)2,
mp-6336,Na3In(PO4)2,
mp-863900,LiNi(PO3)3,
mp-769542,Na5Cr2As(CO4)4,
mp-705752,Fe2NiO4,
mp-705744,Fe5SiO8,
mp-705659,Fe2CuO4,
mp-705593,Al2NiO4,
mp-863286,CoP3NO9,
mp-762215,Li2TiCo3O8,
mp-769419,BaV10O17,
mp-861530,Li2Cr2FeSbO8,
mvc-14376,Y2V3O9,
mp-762079,LiNiPO4,
mp-650908,Mo5PbO8,
mp-768942,Ho2(SeO3)3,
mp-768893,Mg2(TeO3)3,
mp-615776,CsYb3F10,
mp-606675,MnGaNi2,
mp-631771,SrVF5,
mp-775647,Li2Mn3SnO8,
mp-769514,Li9Mn12Cu3O32,
mp-1019607,Cs2Li5(BO2)7,
mp-1020664,Rb2Li5(BO2)7,
mp-1013843,NaMo2P2O9,
mp-775564,Li2TiV3O8,
mp-1012668,LiMo2P2O9,
mp-1040460,NaCr2P2O9,
mp-775156,LiMnSiO4,
mp-769460,Li9Mn12Ni3O32,
mp-775492,Li2MnV3O8,
mp-775493,Li2Fe3WO8,
mp-761812,LiCoPO4,
mp-775461,Li2V3FeO8,
mp-775460,Li2CrFe3O8,
mp-775745,Li2Mn3NbO8,
mp-775732,Li2MnFe3O8,
mp-775726,Li2Ni3SbO8,
mp-765541,Li2VF4,
mp-775448,Li2Ti3NiO8,
mp-772438,LiCoPO4,
mp-780193,LiCr(PO3)3,
mp-646565,NaCe4I7N2,
mp-769274,LiCuPO4,
mp-680944,Nb2O5,
mp-764436,Mg5Fe19O32,
mp-707734,AsHPb4(ClO)4,
mp-996948,CaCr2O4,
mp-767791,Mg5Co19O32,
mp-767754,Na5Bi2P(CO4)4,
mp-707377,RbHSO4,
mp-767747,LiVSiO4,
mp-995219,H4C2O,
mp-704944,VAg2O3F,
mp-641699,CsNb2PS10,
mp-707238,KPH2O3,
mp-780238,NaBi5O8,
mp-775439,Li2Cr3P5O18,
mp-762072,LiNiPO4,
mp-771347,Li11Ti4Fe9O32,
mp-767570,Li4Mn3Fe(PO4)4,
mp-762154,LiNiPO4,
mp-762142,Li2Fe3CoO8,
mp-706714,Li9Mn15O32,
mvc-6346,Ca(WO2)2,
mvc-6340,Ca(MoO2)2,
mp-771056,Li7Ti5Mn12O32,
mp-686949,ThCr(IO5)2,
mp-761970,LiCoPO4,
mp-767472,LiVSiO4,
mp-771348,LiZn6Fe17O32,
mp-767463,LiVSiO4,
mp-761940,Li2MnCo3O8,
mp-767453,Li4MnFe3(PO4)4,
mp-639900,K(GeSe2)2,
mp-764162,NaMn(PO3)3,
mp-868639,MnPO4F,
mp-764138,Li3Fe(PO4)2,
mp-761435,LiCrPO4,
mp-775328,Li2TiNi3O8,
mp-764111,NaFe(PO3)3,
mp-770529,Li8Mn15CrO32,
mvc-5253,Ca(SbO2)2,
mp-775306,Li2Ti3FeO8,
mvc-5233,Zn(SbO2)2,
mp-779895,LiCr(PO3)3,
mp-743872,VPH5NO6,
mp-779880,Ba2GeO4,
mp-649957,Cu3Mo2O9,
mp-767478,Li4MnFe3(PO4)4,
mvc-5214,Ca(SnO2)2,
mvc-5147,Mg(SbO2)2,
mp-775285,Li2CoNi3O8,
mp-761398,LiCrPO4,
mvc-5088,Mg(SnO2)2,
mp-770892,VPO5,
mp-746371,KCo2As2HO8,
mvc-4859,Ca(AgO2)2,
mp-761340,LiVPO4,
mvc-8274,MgMnNiP2O9,
mvc-4648,Mg(BiO2)2,
mvc-4646,Ca(BiO2)2,
mp-779756,Na5Co2As(CO4)4,
mp-779754,Na5Ni2As(CO4)4,
mp-779752,Na5V2P(CO4)4,
mp-763966,Li2Mn3WO8,
mp-684509,LiSn(PO3)3,
mp-761396,LiCrPO4,
mp-684503,LiSn(PO3)3,
mp-761377,Co21Cu3O32,
mp-761042,NaCu(PO3)3,
mp-769537,Li14MgCo13O28,
mp-774946,Li2V3SnO8,
mp-770697,CrPO4F,
mp-761328,LiVPO4,
mp-640925,CuHgC4(SN)4,
mp-775865,Li2Ti3MnO8,
mp-640765,FePbC5N6O,
mp-770653,Sr3W2O9,
mp-736446,InH8C8N4Cl7,
mp-736390,SrH3C3O7,
mp-676013,Yb2FeS4,
mp-769463,Li11Ti8Fe5O32,
mvc-15234,Y2Cr3O9,
mp-735578,SrMoAsH3O8,
mp-83,S,
mp-763840,Rb2LiV(PO4)2,
mp-639719,Cu3Mo2O9,
mp-769450,Li9Mn15O32,
mp-705479,SnH6Cl4O3,
mp-638687,Ce2(SeO3)3,
mp-769435,Li13Ni15O28,
mp-774951,Li2MnCr3O8,
mp-774942,Li2V3CuO8,
mp-769416,Zn9Fe15O32,
mp-779084,LiCr(PO3)3,
mp-760193,H9PbC3I,
mp-733968,BaCaP2(HO4)2,
mp-773996,Li2CrO4,
mp-780531,Na3Mn3O8,
mp-775626,NaV5O8,
mp-773984,Li3Ti6Co3O16,
mp-775616,Li2Ti3CrO8,
mp-733655,KH3(SO4)2,
mp-6011,Ba4LiMo2N7,
mp-733637,NaH8O5,
mp-637223,MnFeC5N6O,
mp-733612,RbH3(SO4)2,
mp-763848,Ti3Fe9O16,
mp-768965,BaYCl5,
mp-864004,Li2Fe3SnO8,
mp-636654,LaTiNbBi2O9,
mp-863919,Li9V5(Si5O16)2,
mp-774059,Li7Ti12Fe5O32,
mvc-8166,TiZnNiP2O9,
mp-774011,Li7Mn12Cu5O32,
mp-770448,La2Ti3O9,
mp-759767,LiCu(PO3)3,
mp-773974,Li6Ti15Co3O32,
mp-778801,Li2MnF4,
mp-773961,Li8Mn15NiO32,
mp-766777,LiFePO4,
mp-766774,LiFePO4,
mp-763643,LiMn(PO3)3,
mp-763641,LiFeSiO4,
mp-766769,LiFePO4,
mp-759624,Li3Bi(PO4)2,
mp-763621,LiFe(PO3)3,
mp-13335,Cd(BO2)2,
mp-695789,Li3Mo2P5O18,
mp-626046,H7NO6,
mp-759435,LiCu(PO3)3,
mp-759432,LiCu(PO3)3,
mp-759406,Li3Sb(PO4)2,
mp-773719,LiFe23O32,
mp-766770,LiFePO4,
mp-853203,LiVP2(HO4)2,
mp-778710,LiMnP2(HO4)2,
mp-722262,CaB3H3O7,
mp-776833,Li2Fe3SbO8,
mp-769510,Li5Ti4Co3O16,
mp-763550,Li3P2WO8,
mp-759131,LiCu3F10,
mp-669351,Rb3Ce(PSe4)2,
mp-763584,LiCoSiO4,
mp-704943,Li2Mn3ZnO8,
mp-767616,Li2VSi3O8,
mp-851268,LiNiPO4,
mp-763589,LiCoSiO4,
mp-762054,Li2NbCo3O8,
mp-763513,LiV(PO3)3,
mp-762045,Li2Co3SbO8,
mp-851077,LiMnP2(HO4)2,
mp-775393,Li2Cr3SbO8,
mp-775392,Li2Ti3MnO8,
mp-676979,Mg2TiO4,
mp-775327,Li2MnV3O8,
mp-775326,Li2Ti3NiO8,
mp-761957,Li2Mn3CoO8,
mp-851012,LiMn(PO3)3,
mp-868821,Li2TiCr3O8,
mp-775284,Li2Mn3NiO8,
mp-761941,Li2Cr3WO8,
mp-770972,Li2Ni3BiO8,
mp-772351,NbVO5,
mp-763421,Li2MnF4,
mp-720739,ZnP2H6O5,
mp-720727,GaH15N4(OF3)2,
mp-695079,RbAl6H20N5F24,
mp-695074,KNa3Al4(SiO4)4,
mp-775164,Li2NbCr3O8,
mp-775161,Li2Ti3VO8,
mp-770866,LiMn5O8,
mp-777732,Li8Mn13Cr3O32,
mp-763401,LiV(PO3)3,
mp-766070,LiNiPO4,
mp-775440,Li2Cr3NiO8,
mp-763397,LiV(PO3)3,
mp-766067,Al15Fe9O32,
mp-775432,Li2V3TeO8,
mp-774941,Li(NiO2)2,
mp-774752,Li2MgTi3O8,
mp-770608,Li3Mn3O8,
mp-774010,Li2NbV3O8,
mp-762043,Mn23FeO32,
mp-775372,Li5SbS,
mp-773776,Li2VFe3O8,
mp-763379,LiV(PO3)3,
mp-771389,Li2V3BiO8,
mp-28510,Li3BiO3,
mp-26245,Li3Bi2P5O18,
mp-26586,Li3Sb2P5O18,
mp-28587,BaH8O5,
mp-29895,Rb3Bi2I9,
mp-21563,SrAlBO4,
mp-21557,K3Ce(PS4)2,
mp-21567,SmAl3(PbO4)2,
mp-504422,H7NO6,
mp-27017,LiSnPO4,
mp-504466,Ag2WO4,
mp-17473,Na2Al2As3,
mp-21618,NdAl3(PbO4)2,
mp-30039,Na2Al2Sb3,
mp-28728,K6Sn3As5,
mp-21706,GdAl3(PbO4)2,
mp-21724,ZnSiPbO4,
mp-21733,Sr(InSe2)2,
mp-21741,K2In2As3,
mp-21766,Ba(InSe2)2,
mp-21760,Rb2In2Sb3,
mp-21781,Sr(InS2)2,
mp-23602,TaBi4ClO8,
mp-23622,Sm3Si2ClO8,
mp-23630,NbBi4ClO8,
mp-21833,Mo4P3,
mp-23650,TeSeS(NCl)2,
mp-23652,Hg6S4IBr2Cl,
mp-21835,Cs2In2Sb3,
mp-28823,Ba4P3,
mp-23701,CaB8H4O15,
mp-23755,BaH3C3O7,
mp-23780,Na3H(SO4)2,
mp-21943,Ba(InS2)2,
mp-27382,UTlF5,
mp-505145,Ag3BiO3,
mp-27403,LiUF5,
mp-17886,K2Al2Sb3,
mp-30309,Y2Au5F21,
mp-23872,Ca3Al2H6S(OF)8,
mp-31306,C2O3F2,
mp-27426,B4PF9,
mp-31308,KTaS5,
mp-28975,Bi2(PSe3)3,
mp-505328,V(HgO2)2,
mp-505364,CdPH6NO5,
mp-27540,Al(HO)3,
mp-24144,Na5ScH4(C2O7)2,
mp-27717,As2S2F3,
mp-27753,In2(PS3)3,
mp-29330,K2H5F7,
mp-30655,Ga4Ni3,132.1021552
mp-31583,LiCo(PO3)3,
mp-559078,SrVF5,
mp-554930,Nb2AgPS10,
mp-532524,TiZn2O4,
mp-569203,Tl3Bi2I9,
mp-559139,H8C3N2O,
mp-556906,Na3LiBe2F8,
mp-554961,ZnS,
mp-559209,NaCuAsO4,
mp-559231,Se2S(NCl)2,
mp-561244,AsCSCl2F9,
mp-559282,CdB2XeF10,
mp-559274,Ba21Ge2O5,
mp-567322,KSm2Sb3Se8,
mp-542850,Na2RuO4,
mp-559303,MoS3(NCl4)2,
mp-555012,La6S4N3Cl,
mp-569308,Bi2(PSe3)3,
mp-561283,CdGaH14O7F5,
mp-542972,KNb2PS10,
mp-542974,K3Nd(PS4)2,
mp-777872,Li2Fe3CuO8,
mp-761944,Li2FeCo3O8,
mp-763310,LiCo5O8,
mp-777669,Li2FeF4,
mp-765907,LiMnF5,
mp-777466,Li2FeF4,
mp-765746,Li2MnCu3O8,
mp-777396,Li2Mn3FeO8,
mp-622020,P(CN)3,
mp-769597,Li2CoGe3O8,
mp-652548,MgMn3(CuO4)2,
mp-707337,K3H3Pd,
mp-765963,LiFePO4,
mp-772219,BaLaI5,
mp-765959,NaPH3C2N3O4,
mp-758151,Li3Ti(PO4)2,
mp-758147,LiCu(PO3)3,
mp-765950,LiFePO4,
mp-772080,BaLaI5,
mp-772077,BaYI5,
mp-768990,Li7NbS6,
mp-850751,LiVP2(HO4)2,
mp-758086,LiSn(PO3)3,
mp-850747,LiFe2P2HO8,
mp-624218,P3SN4Cl5O,
mp-772063,BaLaCl5,
mp-764045,Li3Mn(PO4)2,
mp-767953,Li2Si3NiO8,
mp-775166,Li2TiMn3O8,
mp-776215,Li2Ti3NbO8,
mp-761566,Li6MnSiO6,
mp-685007,Tb5Te9,
mp-765648,Li2Ni3SnO8,
mp-684022,LaTlGeSe4,
mp-776112,Li2Fe3NiO8,
mp-777457,Li2FeF4,
mp-777426,Na5Co2As(CO4)4,
mp-616260,KYb3F10,
mp-774950,Li2V3CoO8,
mp-683957,Nd4CuTe5(ClO5)3,
mp-849570,Li2V3SbO8,
mp-773081,Li3Ti6Zn3O16,
mp-684749,Zr3S4,
mp-777277,Li2Cr3CuO8,
mp-765299,Li2NbFe3O8,
mp-640341,Mo3S7Cl4,
mp-773055,Li3Mg3Ti6O16,
mp-735596,K4Mo3H4O17,
mp-768110,Li2Ti3CoO8,
mp-765766,Na11Mn13O32,
mp-774304,Li2V3WO8,
mp-735520,Ca2MnFeSi4(HO3)5,
mp-771112,Li2Mn3NiO8,
mp-649722,NaAlSiO4,
mp-761815,LiCoPO4,
mp-608655,Mn5Si2,
mp-762799,LiFeSiO4,
mp-774001,Li2Mn3CuO8,
mp-619196,NaCoPO4,
mp-762792,LiVF5,
mp-777137,BaLi2NiO3,
mp-777120,Na5Cr2P(CO4)4,
mp-759981,NaCu(PO3)3,
mp-707040,CaAl2H16N9,
mp-762724,LiMn(PO3)3,
mp-680168,K2Re3C2Se5N2,
mp-729903,ZnInH14O7F5,
mp-762713,LiMn(PO3)3,
mvc-14400,Y2Mn3O9,
mp-762707,Li3Fe(PO4)2,
mp-849953,Li2Mn3VO8,
mp-762698,LiMn(PO3)3,
mp-772685,CrPO5,
mp-763658,Li3V(PO4)2,
mp-765610,Na11Mn13O32,
mp-543046,CsScP2(HO4)2,
mp-540364,Li3Cr2P5O18,
mp-554018,Mg3BeAl8O16,
mp-561329,SeS2(NCl)2,
mp-555079,ZnS,
mp-31641,LiCr(PO3)3,
mp-561356,Cs2UP2O9,
mp-567777,La9Sb16Br3,
mp-557084,Al2CuSi2O7F2,
mp-561382,NbBi4BrO8,
mp-569491,NaLa(GaSe2)4,
mp-557123,Na2CuSi3O8,
mp-540534,MoPO5,
mp-31712,LiCr(PO3)3,
mp-555151,ZnS,
mp-31723,Li3Cr(PO4)2,
mp-553901,H6RuN3Cl3O,
mp-553914,KCdCu7Se2Cl9O8,
mp-553909,Tl2(SeO3)3,
mp-31728,LiCrPO4,
mp-569563,Ba3Zr6BeCl18,
mp-572442,Cs3Nd(PS4)2,
mp-561469,Nd6S4N3Cl,
mp-568379,KInSnSe4,
mp-557248,H7C(NO)3,
mp-540592,Fe2(TeO3)3,
mp-569580,NaLa4I7N2,
mp-568436,Sr7GeN6,60.83460891
mp-554004,ZnS,
mp-31746,Li3Cr(PO4)2,
mp-557289,TiP2Cl8O3,
mp-572833,Cs3Sm(PS4)2,
mp-557311,Sr2GeO4,
mp-572921,Cs2Ga3As5O18,
mp-554053,SrGaBO4,
mp-31768,LiFe5O8,
mp-557396,Ag2INO3,
mp-540628,Al(TeCl2)2,
mp-573281,KNa3Al4(GeO4)4,
mp-557436,NaNb2PS10,
mp-561521,PH8C2NO2,
mp-554153,SbS4N4Cl5,
mp-561523,NbTlCl4O,
mp-561527,Rb3Zr2P5S18,
mp-31776,Li3Fe(PO4)2,
mp-559587,CuSb2BrO3,
mp-554207,TaBi4BrO8,
mp-554216,K3Bi(PS4)2,
mp-540645,Hg3(ClO)2,
mp-540653,SrAlF5,
mp-540651,BaMnSnS4,
mp-573812,Cs3As11,
mp-554272,Cu3SbS3,
mp-31789,LiFe(PO3)3,
mp-762696,LiFeSiO4,
mp-554291,CuSb2ClO3,
mp-557589,TlZn(PO3)3,
mp-555275,NbTe7Br5O,
mp-557599,Rb2Bi(ClO4)5,
mp-540689,Ba2SnS4,
mp-557693,CsZnPO4,
mp-574529,Al(SeCl2)2,
mp-554459,Pr6S4BrN3,
mp-554503,ZnS,
mvc-8280,MgFeNiP2O9,
mp-28157,P(HO)3,
mp-555340,AsIF12,
mp-557900,SbCSCl2F9,
mp-561799,Yb(GaS2)2,
mp-554681,ZnS,
mp-31882,Li3Fe(PO4)2,
mp-579637,K2In2Sb3,
mp-558114,Sr4NbAlO8,
mp-558079,Ca3Mg(SiO4)2,
mp-31915,Mn(PbO2)2,
mp-554820,ZnS,
mp-625207,P(HO)3,
mp-581161,VPO5,
mp-558186,RbLu3F10,
mp-558209,Ca3Mg(SiO4)2,
mp-562001,Cs11O3,
mp-559764,Nd3Si2ClO8,
mp-568713,H8C2I3N,
mp-581376,Tl3Ag3(SbS3)2,
mp-558254,AsS4N4F5,
mp-31955,LiMn(PO3)3,
mp-559777,Na5Ca2Al(PO4)4,
mp-540861,KNa3Al4(SiO4)4,
mp-559783,Na3B(PO4)2,
mp-568759,NaNd4I7N2,
mp-31972,Li3Mn(PO4)2,
mp-558431,LiCu(PO3)3,
mp-558490,Tb3Se2ClO8,
mp-581875,Ta3Bi7O18,
mp-758624,LiCuPO4,
mvc-8436,ZnCuNiP2O9,
mp-559849,Ca(GaO2)2,
mp-562441,Cs3AlO3,
mp-554926,Sr2VO4,
mp-582159,Si2Ni7P5,
mp-558707,K2UAs2O9,
mp-559879,PS2N(Cl3O2)2,
mp-582185,Cs12Nb(In2As3)3,
mp-558751,Ca(BiO2)2,
mp-558794,Cu2BH5O6,
mp-558795,KMgPO4,
mp-559901,KNa3Al4(SiO4)4,
mp-558869,CdFeC5N6O,
mp-558883,Y3Si2ClO8,
mp-541000,K3As11,
mp-558893,SbCSF11,
mp-563032,Ba21Si2O5,
mp-32048,Li3Mo(PO4)2,
mp-558927,SrFeF5,
mp-706544,NaGa(H2N)4,
mp-762646,LiFeSiO4,
mp-762641,LiFe(PO3)3,
mp-762638,LiFeSiO4,
mp-769637,Li5Ti6FeO16,
mp-772583,Ca3W2O9,
mp-762609,Li2CrCo3O8,
mp-762595,Li2Fe3CoO8,
mp-762587,LiFeSiO4,
mp-772533,FePO4F,
mp-772516,LiCoPO4,
mp-613785,Yb3Si2ClO8,
mp-765484,MnH6SO6,
mp-765460,LiCoPO4,
mp-776863,Na5Mn2P(CO4)4,
mp-762525,Li2Fe3P5O18,
mp-677177,RbAl6H20N5F24,
mp-776689,Li3Fe2F9,
mp-761822,LiCoPO4,
mp-677138,RbPHO3F,
mp-649472,KCuPO4,
mp-851072,Li7Fe5OF15,
mp-678358,Hf5ZrTe8,
mp-761809,RbHoHS2O9,
mp-772212,LiNb5O8,
mp-677396,Sr2IrO4,
mp-758731,Li3Bi(PO4)2,
mp-761755,LiCu(PO3)3,
mp-647727,Re2N2ClF9,
mp-606023,Fe2(TeO3)3,
mp-720529,KH28S4N7O16,
mp-676863,Cu7PSe6,
mp-771996,Li3Mg2Fe19O32,
mp-676750,Yb2FeS4,
mp-761480,LiFePO4,
mp-771993,LiZn2Fe9O16,
mp-720197,K4GeH4N2O3,
mp-699364,WO3,
mp-776261,Na5Sn2P(CO4)4,
mp-767945,Mg7Co17O32,
mp-698325,BaH4(CO2)3,
mvc-12320,Y2Ti3O9,
mp-645371,CoAg(NO3)3,
mp-757883,LiSiBiO4,
mp-776147,Li2TiFe3O8,
mp-767925,VPH5O7,
mp-776146,Li2V3FeO8,
mp-707941,Na3H(SO4)2,
mp-763088,Li2MnF4,
mp-761514,Li3Fe(PO4)2,
mp-674357,SmAlF5,
mp-626605,Al(HO)3,
mp-675858,Lu2FeS4,
mp-771780,Li3Zn(Fe5O8)4,
mp-771779,Na5Co2P(CO4)4,
mp-761484,LiFePO4,
mp-672976,LiSn(PO3)3,
mp-762769,Li3Mn(PO4)2,
mp-1013953,LiCo2P2O9,
mp-780878,LiMn(PO3)3,
mp-772710,Li2TiNb3O8,
mp-780872,LiMnSiO4,
mp-680436,Rb2LiSn4,
mp-774412,LiCr(PO3)3,
mp-601881,CaAlH5,
mp-765368,LiVF5,
mp-558949,K2MoP2O9,
mp-583184,Tl3Ag3(AsS3)2,
mvc-6366,Zn(WO2)2,
mp-559019,Nd6S4BrN3,
mp-585175,LiCo(PO3)3,
mp-585177,Li3Mo2P5O18,
mp-585194,LiCo(PO3)3,
mp-585476,Cs7Np3(Cl2O)6,
mp-559994,La6S4BrN3,
mp-585492,Li2MgMn3O8,115.9281582
mp-32316,Li2NiGe3O8,
mp-32371,Li3Ni(PO4)2,
mp-32378,LiNi(PO3)3,
mp-32380,LiNi(PO3)3,
mp-541189,P4Se3,
mp-560107,SbAs3(S2F3)2,
mp-32398,Li3Ni(PO4)2,
mp-32400,LiNi(PO3)3,
mp-565411,K3CrC3N3O4,
mp-555786,Si(PbO2)2,
mp-565448,K2MoC2O9,
mp-32483,LiV(PO3)3,
mp-560189,NaLi2BO3,
mp-570423,Ba6Pr3I19,
mp-32515,LiV(PO3)3,
mp-570449,Ba14Na7CaN6,
mp-1013987,LiNi2P2O9,
mp-7367,Ca(GaO2)2,
mp-565578,K2MoAs2O9,
mp-541348,Tb2Au5F21,
mp-570471,CdN6,
mp-3267,TlSb5S8,
mp-505584,LaMo5O8,
mp-541433,Cd(BiO2)2,
mp-555932,RbEr3F10,
mp-505603,Pb5SO8,
mp-8594,Ag7PSe6,
mp-570548,NaPr4I7N2,
mp-570555,Ca7GeN6,
mp-541692,Na2In2Sb3,
mp-541740,TaPO5,
mp-565694,K2P2WO9,
mp-560331,K2ZrS4,
mp-560334,NaAlSiO4,
mp-560345,Cs3CuTeS9,
mp-505750,Rb(SnSe2)2,
mp-565780,Sr2VO4,
mp-542233,Rb3As11,
mp-556048,Nb2O5,
mp-560431,KBe(PO3)3,
mp-556061,CsSb2F11,
mp-510006,K3Pu(PS4)2,
mp-542453,NbPO5,
mp-556785,RbTeF5,
mp-566287,Ba2Eu2ZnPtO8,
mp-566302,K2WC2O9,
mp-561130,Na3GaS3,
mp-556087,Pr6S4N3Cl,
mp-566560,PWO5,
mp-566645,MnH6SO6,
mp-566661,CrHg3(PbO4)2,
mp-566717,Fe2BO4,
mp-561191,BaFeF5,
mp-530164,MgAl2O4,
mp-570845,Zn(GaNi)3,132.8131418
mp-530303,Mg(GaO2)2,
mp-530391,Sr(FeS2)2,
mp-530399,LiAl5O8,196.2211729
mp-570876,NaNd(GaSe2)4,
mp-565967,KFePO4,
mp-556232,Na2CaMg(PO4)2,
mp-571171,Ga2PbSe4,
mp-565993,RbMnVO4,
mp-560900,RbSb2C2O4F5,
mp-560538,Na3AlS3,
mp-566036,Fe(BO2)2,
mp-510535,CsB5O8,
mp-530748,MgAl2O4,
mp-566053,Na2VS2O9,
mp-25785,CaVNiP2O9,
mp-530977,Al2CuO4,
mp-566105,KLiCrO4,
mp-560613,Na2TeO4,
mp-19565,SmMo5O8,
mp-19568,NdMo5O8,
mp-698276,CuH11C4(NO5)2,
mp-25797,SrV2P2O9,
mp-554520,BaFeF5,
mp-556343,SrGaBO4,
mp-1022809,Ba4NbFeO8,
mp-18933,Li2WO4,
mp-30059,Tl2(SbO3)3,
mp-1091,SmAu6,
mp-556744,TlInSiS4,
mp-12185,LiCu(PO3)3,
mp-762622,Li3Fe(PO4)2,
mp-762621,LiFe(PO3)3,
mp-765329,LiVF5,
mp-774276,Li2Cr3SnO8,
mp-626093,H7NO6,
mp-757889,LiSn(PO3)3,
mp-778103,Cd(BO2)2,
mp-757874,LiSiBiO4,
mp-774382,Li2MnF4,
mp-765306,Li5VF8,
mp-757838,LiSn(PO3)3,
mp-762538,Mn13Fe11O32,
mp-849515,LiMnPO4,
mp-686581,In2(PSe3)3,
mp-744930,FeH6SO6,
mp-626631,Al(HO)3,
mp-774364,LiCrPO4,
mp-761090,Na3BiO3,
mp-626587,Al(HO)3,
mp-778332,Na5Cr2P(CO4)4,
mp-765263,LiVF5,
mp-626529,H7NO6,
mp-761648,LiNi(PO3)3,
mp-778307,Li2MnFe(PO4)2,
mp-626502,Al(HO)3,
mp-626470,Al(HO)3,
mp-626467,Al(HO)3,
mp-757590,LiSnPO4,
mp-766409,Li3BiS3,
mp-781009,Li3Cr(PO4)2,
mp-849430,Li8MnFe7(PO4)8,
mp-761525,Li17Ni11O28,
mp-765206,InFe11O16,
mp-761504,V5W3O20,
mp-603633,SnP4H8N2O13,
mp-603612,TiP4H8N2O13,
mp-657378,Na3Si2PO8,
mp-771191,Li5Co7O16,
mp-675345,Bi5(S2Cl)3,
mp-774288,Li2V3CrO8,
mp-626127,H7NO6,
mp-627383,KGaCoC4Cl3O4,
mp-765177,LiVF5,
mp-541373,KTa3CuO9,
mp-774275,Li3Co3(Ge3O8)2,
mp-778147,Na5Bi2P(CO4)4,
mp-626074,Al(HO)3,
mp-626073,Al(HO)3,
mp-744256,MnH5SO7,
mp-652806,UNi7(BO4)4,
mp-625948,H7NO6,
mp-625937,H7NO6,
mp-626654,Al(HO)3,
mp-696990,NaPH3C2N3O4,
mp-625868,H7NO6,
mp-626568,Al(HO)3,
mp-757383,LiSiBiO4,
mp-625850,H7NO6,
mp-765115,Cr3(OF)2,
mp-743971,MnH16C4N(OF2)2,
mp-768009,Li5Cr17(SiO16)2,
mp-625739,Al(HO)3,
mp-776479,BaYI5,
mp-626481,Al(HO)3,
mp-757301,LiSn(PO3)3,
mp-625652,H9BrO4,
mp-625632,H9BrO4,
mp-625616,H9BrO4,
mp-625614,H9BrO4,
mp-625604,H9BrO4,
mp-625596,H9BrO4,
mp-697593,Te7WCl5O,
mp-778700,Li2FeF4,
mp-774279,Li(FeO2)2,
mp-625254,P(HO)3,
mp-12306,BaCdSnS4,
mp-13593,BaZnSnS4,
mp-13831,BaCdGeS4,
mp-13873,Ca(GaSe2)2,
mp-14423,Ca(GaS2)2,
mp-14425,Sr(GaS2)2,
mp-14441,Ti(TlS2)2,
mp-14515,NaNd(GaS2)4,
mp-14760,LuAl3(PbO4)2,
mp-531175,Cd(GaO2)2,
mp-531283,Al2CuO4,
mp-531296,Ge(PbS2)2,
mp-561050,BaCaSiO4,
mp-561058,Na3Ga(PO4)2,
mp-19492,LiMn(PO3)3,
mp-531793,MgAl2O4,
mp-19514,Sr2CrO4,
mp-19527,PrMo5O8,
mp-561117,SXeO3F2,
mp-540112,LiFe(PO3)3,
mp-542272,CeMo5O8,
mp-566274,K2Cr2HgCl2O7,
mvc-10029,ZnSn2P2O9,
mvc-10040,MgMo2P2O9,
mvc-10055,CaMo2P2O9,
mvc-10056,CaCr2P2O9,
mvc-10096,CaFe2P2O9,
mvc-10153,MgP2W2O9,
mvc-10157,CaP2W2O9,
mvc-10165,ZnMo2P2O9,
mvc-10178,ZnP2W2O9,
mvc-10146,ZnCo2P2O9,
mvc-6872,Ca(FeO2)2,
mvc-7501,BiSbO5,
mvc-7493,ReBiO5,
mvc-7514,Bi2O5,
mvc-7469,BiTeO5,
mvc-7499,TaBiO5,
mvc-7841,BiMoO5,
mvc-7840,CrBiO5,
mvc-7873,BiWO5,
mvc-8300,ZnNiMoP2O9,
mvc-8276,CaMnNiP2O9,
mvc-8257,CaTiNiP2O9,
mvc-8266,CaFeNiP2O9,
mvc-8284,MgNiMoP2O9,
mvc-8327,MgNiSbP2O9,
mvc-8295,MgCoNiP2O9,
mvc-8296,CaCoNiP2O9,
mvc-8343,CaCrNiP2O9,
mvc-8342,MgNiSnP2O9,
mvc-8415,ZnNiSnP2O9,
mvc-8536,CaNiSnP2O9,
mvc-8606,CaNiP2WO9,
mvc-8629,CaNiSbP2O9,
mvc-8484,MgNiBiP2O9,
mvc-8734,CaNiMoP2O9,
mvc-9076,ZnNiP2WO9,
mvc-9682,MgSb2P2O9,
mvc-9675,ZnBi2P2O9,
mvc-9691,CaSb2P2O9,
mvc-9694,CaBi2P2O9,
mvc-9807,ZnSb2P2O9,
mp-1020636,Zn2SiO4,
mvc-16553,BaCaVP2O9,
mvc-5391,Zn(SnO2)2,
mp-707534,Mg16Si7HO32,
mvc-9709,CaTi2P2O9,
mvc-9865,CaSn2P2O9,
mvc-9747,Ti2ZnP2O9,
mvc-9760,MgTi2P2O9,
mvc-9937,MgSn2P2O9,
mp-558587,V5O9,
mp-625249,P(HO)3,
mp-626112,H7NO6,
mp-626103,Al(HO)3,
mp-768071,Li5Mn17(SiO16)2,
mp-771170,Li3Zn2Fe19O32,
mp-626094,Al(HO)3,
mp-653096,Se2S(NCl)2,
mp-767969,SrLi4La15(CoO8)4,
mp-1003736,NaMn2O4,
mp-757106,LiSnPO4,
mp-695962,LiAl(H2N)4,
mp-625807,Al(HO)3,
mp-625774,Al(HO)3,
mp-625762,Al(HO)3,
mp-625687,H9BrO4,
mp-1020180,Na2SrMg(PO4)2,
mp-625661,H9BrO4,
mp-625653,H9BrO4,
mp-625641,H9BrO4,
mp-743898,CrP2H13(NO5)2,
mp-778355,BaYBr5,
mp-1019782,K2LiB(PO4)2,
mp-1013910,LiFe2P2O9,
mp-1003641,MgMn2O4,
mp-1013850,LiV2P2O9,
mp-1019608,Cs3BO3,
mp-771008,Ba3(BrO)2,
mp-1019783,K2S2O3,
mp-1019581,CaS3O10,
mp-1019614,Cs3Y(PO4)2,
mp-1003437,KMn2O4,
mp-1013762,LiTi2P2O9,
mp-1029474,Ca7SiN6,79.40224815
mp-772891,BaLaBr5,
mp-772979,Li3Zn3(Ge3O8)2,
mp-772967,Li2Cr3BiO8,
mp-776274,Na5Bi2As(CO4)4,
mp-776318,Li2FeNi3O8,
mp-773141,BaLaCl5,
mp-776697,Na5Bi2As(CO4)4,
mp-776734,LiFeF5,
mp-776741,Li2Mn3SbO8,
mp-10070,BaAg(PO3)3,
mp-16209,K3La(PS4)2,
mp-13738,CsCd(PO3)3,
mp-13755,BaNa(PO3)3,
mp-16557,SrAlF5,
mp-12159,Na2PO3F,
mp-14328,Pr3GePO9,
mp-14422,Ca(AlS2)2,
mp-14424,Sr(AlS2)2,
mp-14469,KHg(PO3)3,
mp-14484,KNaLi2(SO4)2,
mp-14600,CaAl2O4,74.05801983
mp-1468,P4S3,
mp-15046,Sb2(PSe3)3,
mp-15385,Na2UP2O9,
mp-15431,Na2Ga2As3,
mp-15559,KSb5S8,
mp-1568,K3P11,
mp-29424,Sr4As3,
mp-4202,BaAl2O4,
mp-24332,H2C(NO)2,
mp-15077,Ag7AsS6,
mp-27990,B2H5,
mp-15432,K2Ga2As3,
mp-15433,K2Ga2Sb3,
mp-29499,Re3Te8Cl3,
mp-19293,Sr2FeO3F,
mp-22694,LiPPbO4,
mp-4350,La2(SeO3)3,
mp-28091,In2(TeO3)3,
mp-16515,Al4Ni3,
mp-28129,Ba(SbS2)2,
mp-28146,LiGa5O8,
mp-19585,CaMo5O8,
mp-33302,MgAl2O4,
mp-29655,B2H4C,
mp-29682,BaAg8S5,
mp-28296,Ba3GaSb3,
mp-4727,Ba(SbSe2)2,
mp-473,Na3P11,13.42492643
mp-29704,Cs(SO2)2,
mp-30941,Cd2(TeO3)3,
mp-23101,Nb2Bi2PbO9,
mp-28442,TlAs5S8,
mp-29823,Cu7PSe6,
mp-29833,Bi2(SeO3)3,
mp-1080245,KMn2O4,
mp-1094022,Zn(GaS2)2,
mp-1094113,NaV2P2O9,
mp-1013922,LiCr2P2O9,
mp-625861,H7NO6,
mp-762160,LiNiPO4,
mp-775553,Li2V3CuO8,
mvc-6372,Mg(WO2)2,
mp-653638,BaFeF5,
mp-696087,LaP2H2O9,
mvc-13220,CaV2P2O9,
mp-554364,MgBeAl4O8,
mp-25794,V2CdP2O9,
mp-740733,NaAl(H2N)4,
mvc-10149,Mn2ZnP2O9,
mvc-10173,V2ZnP2O9,
mvc-8428,CaNi2P2O9,
mp-17313,Mg3BeAl8O16,
mvc-10878,CaMn2O4,
mp-1097903,Mn2HO4,
mp-25793,CaV2P2O9,
mp-694723,Li3Cr(PO4)2,
mp-650112,Fe3O4,
mp-31770,Fe3O4,
mp-1099034,NaMn2P2O9,
mp-31769,Sr(FeO2)2,71
mp-783919,Li4MnFe3(PO4)4,
mp-761736,LiCoPO4,
mp-778731,Li2MnF4,
mp-629430,SrLi2CrN3,
mp-1097049,LiMn2P2O9,
mp-542557,CsScAs2(HO4)2,
mp-775611,Na3MnO3,
mvc-10148,MgMn2P2O9,
mvc-6176,Mg(MoO2)2,
mvc-9828,ZnCu2P2O9,
mvc-10041,MgCr2P2O9,
mp-559356,Tl3AsS3,
mp-626066,H7NO6,
mp-779498,Ba3(ClO)2,
mp-707511,KErP4(H2O9)2,
mp-645799,VP2Pb2O9,
mp-850146,Li4Mn3Fe(PO4)4,
mvc-9827,MgCu2P2O9,
mp-696157,NaP(HO)6,
mvc-8165,MgTiNiP2O9,
mp-504987,BaMo3O10,
mp-555144,BaAlF5,
mp-4851,Sr(GaO2)2,
mp-559228,Rb2HfS4,
mp-740765,NaGa(H2N)4,
mp-777451,Li2FeF4,
mp-770482,RbFe5O8,
mp-557366,NaCdH3(CO2)3,
mp-1094125,NaNi2P2O9,
mp-541349,Ho2Au5F21,
mp-695984,BaRe2H2O9,
mp-554923,Sr(GaO2)2,
mp-556165,LiB(CO2)4,
mvc-10043,ZnCr2P2O9,
mp-1019710,CsB5O8,
mp-768253,Na5Bi2As(CO4)4,
mp-626496,Al(HO)3,
mp-542079,K3La(PSe4)2,
mp-762042,LiNiPO4,
mp-1094138,NaCo2P2O9,
mp-775165,Li2Mn3CuO8,
mp-561235,AsCSF11,
mp-767483,VPO5,
mvc-8465,ZnCrNiP2O9,
mp-558772,Rb2ZrS4,
mp-558137,AlBPbO4,66.71672092
mvc-8277,ZnFeNiP2O9,
mp-541347,Er2Au5F21,
mp-19524,SnMo5O8,
mp-735543,MnH6SO6,
mvc-8329,ZnNi2P2O9,
mvc-8316,MnZnNiP2O9,
mp-1080222,Mn2HO4,
mp-637188,Ag2WO4,
mvc-9821,ZnAg2P2O9,
mp-505264,SrMo5O8,
mp-767602,La2Ti2CrO9,
mvc-8267,VZnNiP2O9,
mp-26224,Li3Cu(PO4)2,
mp-555795,Y2CrS4,
mp-504966,Ba2Y2CuPtO8,
mvc-9678,MgBi2P2O9,
mvc-10115,CaMn2P2O9,
mp-762759,LiMn(PO3)3,
mvc-8742,CaNiBiP2O9,
mp-542625,Sr3GaSb3,
mp-578931,Cu2SeO4,
mvc-8271,MgVNiP2O9,
mp-567514,Ce9Sb16Cl3,
mp-531712,YbPr11Se16,
mvc-9823,MgAg2P2O9,
mvc-8698,ZnNiBiP2O9,
mp-33325,Mg(FeO2)2,
mp-31579,Li3Co(PO4)2,
mp-540344,Li3V(PO4)2,
mp-556942,Ca2SiO4,
mp-572254,BaMnSnS4,
mp-652049,SrFeF5,
mp-705370,Li3Mn(PO4)2,
mp-704993,Li3Cr(PO4)2,
mp-649518,Fe2(TeO3)3,
mp-1100882,Y7Ta3O18,
mp-1100862,YbAlF5,
mp-868284,LiMnPO4,
mvc-16447,Zn(SnO2)2,
mp-674516,Ca3Zr17O37,
mp-764363,Na5(WO3)13,
mp-761692,Ba4Fe4O11,
mp-760098,Y5U2O12,
mp-762537,LiMn6O12,
mp-676371,K5(Mo6S7)4,
mp-705910,Li15(NiO2)14,
mp-705630,V25O32,
mp-673637,Ti9S10,
mp-677127,YAl6Si18(N15O)2,
mp-774459,Li8Ti16CuS32,
mp-651786,Ca5MnSi9(Pb3O11)3,
mp-868300,La16Ni8O33,
mp-680728,K6Fe24S26Cl,
mp-680146,CdI2,
mp-680144,CdI2,
mp-567176,Li2Mo4O13,
mp-760837,Rb3Nb20O34,
mp-733817,Mg16Si8HO32,
mp-557340,Ge3Pb5O11,
mp-557667,Ge3Pb5O11,
mp-759322,Li2Nb4ZnO12,
mp-765486,PrAl22O34,
mp-758996,Zn5P6H22(NO11)2,
mp-622048,Cs3Mo6(P5O19)2,
mp-555849,Li2Mo4O13,
mp-565517,Nb15MoO40F,
mp-541550,Mg16Si8HO32,
mp-530682,GdAl22O34,
mp-772568,Li2Cr4O13,
mp-705749,Fe14Ni11O32,
mp-781054,Li2Cr4O13,
mp-653005,Ca2(Fe2O3)11,
mp-531956,Hf3Sc4O12,
mp-707515,Mg16Si8HO32,
mp-707516,Mg16Si8HO32,
mp-707519,Mg16Si8HO32,
mp-707521,Mg16Si8HO32,
mp-33318,Ca11Al14O32,
mp-24784,Mg16Si8HO32,
mp-761775,K2W4O13,
mp-658046,La8Al4I7,
mp-646295,La8Al4I7,
mp-775864,NaCo11O17,
mp-703476,P2H16N4O7,
mp-780786,Na6Fe2P(CO4)4,
mp-780628,Na6Cr2B4PO16,
mp-780565,Na6Cu2C4SO16,
mp-771495,Na6Co2As(CO4)4,
mp-780239,Na6Sn2B4SO16,
mp-780229,Na6Bi2B4PO16,
mp-6738,Al6B5(O5F)3,
mp-698021,CaH12(IO7)2,
mp-849476,Li17Ag12F29,
mp-850076,Li2V3P4(HO4)4,
mp-698577,La6Mn5O18,
mp-698557,La5Mn6O18,
mp-849760,Al11AgO17,
mp-772220,Li3Ta7O19,
mp-772176,Li3Nb7O19,
mp-777777,PH18C6N3O,
mp-686328,Ba6Fe14Cu11S27,
mp-850021,NaFe11O17,
mp-779289,Na6Bi2B4SO16,
mp-772085,LiNb10O18,
mp-685216,Nb12TlTe16,
mp-8866,La10Se19,
mp-695895,K4Ba2N7O16,
mp-766483,Li7(Cu6S5)2,
mp-721075,Ga2P3H11O13,
mp-861291,Mn6P4H2O17,
mp-769413,Na6Bi2C4SO16,
mp-769261,Na6Sn2C4SO16,
mp-780775,Sr3Li3Cu3(PO4)4,
mp-769001,Li6Sn2B4SO16,
mp-868579,V16FeO41,
mvc-12300,Y5Mn3(NiO6)3,
mvc-12279,Ca5Nb4(CoO9)2,
mp-853201,Na6Mn2As(CO4)4,
mp-853192,Na6Cr2B4SO16,
mp-853191,Na6V2C4SO16,
mp-860798,NaAl11O17,
mp-762580,Li5(NiO2)8,
mp-645688,Ce10S19,
mp-707744,K2TeH10(NO7)2,
mp-861540,Li4Mn(PO3)6,
mp-645273,Ce10Te19,
mp-743514,Na3VH11IO13,
mp-6030,Be3Al2(SiO3)6,
mp-706446,CsTiH10C4O13,
mp-863893,Li4Ni(PO3)6,
mp-623575,Cu6Mo5O18,
mp-6174,Mg2Al4Si5O18,
mp-863066,Ta6Pb4O19,
mp-769436,Li5(CoO2)8,
mvc-12309,Y2(Mo2O7)3,
mp-686547,Al3H36C12N3F4,
mp-1006574,Rb(Zr3Te4)4,
mp-6892,Na6Mg2C4SO16,
mp-707879,K2Cu5H8(Cl4O3)2,
mp-780175,Li4Fe3P4(HO8)2,
mp-707485,K4Cu3As4(HO8)2,
mp-705298,Co3SnC12BrO12,
mp-767584,Ti4Ni(PO5)4,
mp-762025,NiP2(H8O5)2,
mp-652044,Ce10Se19,
mp-639164,Co7Te4(BrO2)6,
mp-746692,K2Co3P4(HO4)4,
mp-765657,Na2Li4Co2C4SO16,
mp-10534,Sm10S19,
mp-736272,HgH16C6(N2Cl)2,
mp-770576,FeH12(SO7)2,
mp-774691,Ba6Na2P2Ru2O17,
mp-780528,Na6Cr2C4SO16,
mp-780412,Na6Bi2B4AsO16,
mp-780401,Li6Cu2C4SO16,
mp-780399,Na6B4Sb2PO16,
mp-780353,Na6B4Sb2SO16,
mp-767014,Na5(WO3)6,
mp-778858,Na6Mn3(PO4)4,
mp-769373,Na6Sn2P(CO4)4,
mp-630376,Sb6Pb6S17,
mp-769265,Na6Bi2As(CO4)4,
mp-622122,U2(P2O7)3,
mp-780164,Na6Co2C4SO16,
mp-772422,Na6Fe2B4PO16,
mp-759341,Li4Cu(PO3)6,
mp-763530,Li4V(PO3)6,
mp-778628,Li2Mn3P4(HO4)4,
mp-766387,RbAl11O17,
mp-721287,Na3AsH14SO10,
mp-766293,Al11AgO17,
mp-771387,Li6Mn2C4SO16,
mp-721161,MgPH16NO10,
mp-758675,TeH14C2(NO2)4,
mp-766248,Al11InO17,
mp-758660,MgP2(H8O5)2,
mp-758571,Al11TlO17,
mp-779855,Na6V2P(CO4)4,
mp-770874,Na6Co2P(CO4)4,
mp-770785,Na6Mn2B4AsO16,
mp-779482,Li6Bi2B4SO16,
mp-770768,Na6Fe2B4AsO16,
mp-770747,Na6Cr2As(CO4)4,
mp-770626,Li6Ni2P(CO4)4,
mp-770599,Li6Fe2C4SO16,
mp-770548,Na6Cr2P(CO4)4,
mp-770526,Li6Fe2B4SO16,
mp-770525,Na6Mn2C4SO16,
mp-770501,Na6SiNi2(CO4)4,
mp-770500,Na6Mn2B4SO16,
mp-770478,Na6Cu2As(CO4)4,
mp-770356,Na6Fe2B4SO16,
mp-853193,Na6Mn2B4PO16,
mp-721592,Ca6Al7O16,
mp-851213,Na6Mn2P(CO4)4,
mp-28752,Ta7Cu3O19,
mp-27256,Sb2(S2O7)3,
mp-23615,Si2Bi14IrI12,
mp-27407,Ca12Be17O29,
mp-532680,Ba6CdAg2(SnS4)4,
mp-561236,Pb13(Cl3O5)2,
mp-567287,Rb6U(Mo2O9)2,
mp-542858,Zn3Co2(CN)12,
mp-851008,Na6Co2B4SO16,
mp-851007,Li6Co2C4SO16,
mp-851006,Na6V2B4PO16,
mp-850910,Na6V2As(CO4)4,
mp-765655,Na2Li4Ni2C4SO16,
mp-850371,Na6V2B4AsO16,
mp-850370,Li6Mn2B4SO16,
mp-777141,Li6V2C4SO16,
mp-777109,Li6Ni2C4SO16,
mp-777027,Na6Ni2C4SO16,
mp-772590,Li6V2B4SO16,
mp-772200,Na6Fe2As(CO4)4,
mp-781738,Na6V2B4SO16,
mp-676014,NaAl11O17,
mp-685995,Ta6Pb4O19,
mp-781671,Na6Ni2As(CO4)4,
mp-758031,Li4Sn(PO3)6,
mp-685196,Tl2Ag16Te11,
mp-758007,Ba2CaP4(H3O8)2,
mp-771904,Li6Mn2P(CO4)4,
mp-850373,Li4Mn3P4(HO8)2,
mp-684265,Mg2Al4Si5O18,
mp-740750,Na4P4(H2O5)3,
mp-780894,Na6Ni2P(CO4)4,
mp-707940,ZrCd2H12(O3F4)2,
mp-778497,Na6Bi2P(CO4)4,
mp-762852,Na2P2H12O11F2,
mp-762564,CoPH16NO10,
mp-771150,Na6Cu2P(CO4)4,
mp-760170,Sn13(O5F3)2,
mp-676990,Ba7(Al3Te8)2,
mp-850031,Li2Fe3P4(HO4)4,
mp-765654,Na2Li4Mn2C4SO16,
mp-555060,K9Eu3Si12(O16F)2,
mp-561375,Pr10S19,
mp-568271,Si2Bi14RhI12,
mp-553890,CuSb2H12(O3F4)2,
mp-559537,Ca4P6O19,
mp-561784,Ba6Na2Mn2Ru2O17,
mp-554687,Ba6Na2As2Ru2O17,
mp-557941,K4AsH5S3O16,
mp-555418,Rb3NbH4(C2O5)3,
mp-21827,In9(CuSe4)4,
mp-558229,La10S19,
mp-540866,Na6Mg2C4SO16,
mp-569921,Nb3H12C4NCl9,
mp-863358,KAl11O17,
mp-582201,Ge8Pd21,
mp-562542,Cs4NaHf3H2F19,
mp-558759,Cd4Te6Cl6O13,
mp-677734,K4PH5Se3O16,
mp-677725,SrLa11Mg3Ga9O34,
mp-677081,SrLa11Mg3Ga9O34,
mp-677337,H12C4S3(N3Cl2)2,
mp-605108,Al2P3H11O13,
mp-622491,Pb13(Br3O5)2,
mp-604273,Cu2GeP2(H5O7)2,
mp-621944,Os3C12(IO6)2,
mp-761457,Li4Fe(PO3)6,
mp-765370,Li5V3Cu(PO4)4,
mp-673692,Nd10Se19,
mp-570107,Zn3Fe2(CN)12,
mp-570137,SnH16C4(Br3N)2,
mp-565247,K2Mo3(AsO5)4,
mp-565307,La8Ni4O17,
mp-541164,Hg9(AsO4)4,
mp-32504,V3(P3O10)2,
mp-560235,K9Sm3Si12(O16F)2,
mp-541376,Ba6Co25S27,
mp-565688,Sr3Fe2(SeO3)6,
mp-541755,NiPH16NO10,
mp-9415,Ba6Ni25S27,
mp-565716,Ca3Fe2(SeO3)6,
mp-541986,K2LaH4N5O17,
mp-565759,Ba6Na2Cr2Ru2O17,
mp-542044,Zr11Sb18,
mp-505775,V13O16,
mp-570642,H12W3C4NCl9,
mp-542054,Hg9(PO4)4,
mp-542280,Na4Ca(PO3)6,
mp-570712,SnH16C4(NCl3)2,
mp-532424,KAl11O17,
mp-566331,Ba2Mn3(SeO3)6,
mp-566917,Ba3Na2Cr4F20,
mp-766134,UH12(NO7)2,
mp-566488,Na6U(Mo2O9)2,
mp-560786,Nd10S19,
mp-560944,Cs4Ba(PO3)6,
mp-25759,Na6Fe2C4SO16,
mp-774386,Li2Cr3P4(HO4)4,
mp-698296,UH12C4SN2O9,
mp-771083,Li6Fe2P(CO4)4,
mp-777942,Ba14Na8CaN6,
mp-510656,Ga2NiP3H8NO14,
mp-18663,Al17(SiPd2)4,
mp-19501,Ba6Na2V2Ru2O17,
mp-531722,Li5Nb6O18,
mp-561081,CuH10C2(NO)8,
mp-542798,Fe2CoAs2(H5O7)2,
mp-743859,Fe3H4(S2O9)2,
mp-743935,Zn2H10N12O5,
mp-695996,BaH8C6(N3O4)2,
mp-653823,Re2Te4Cl22O,
mp-1019522,Ba2B10O17,
mp-16662,Ba6Nd2Ti4O17,
mp-16663,Ba6Y2Ti4O17,
mp-14613,Pr10Se19,
mp-14650,Nd10Se19,
mp-1498,Al21Pd8,108.6035171
mp-1982,Al21Pt8,133
mp-28807,Na7(Cu6S5)2,
mp-19477,Mn2Al4Si5O18,
mp-3405,NaAl11O17,
mp-29832,Sm10Se19,
mp-1094683,Mg16Al13,
mp-1094685,Mg16Al13,
mp-1094700,Mg18Al11,
mp-757376,KAl11O17,
mp-566942,Zn3Fe2(SeO3)6,
mp-698066,Ba6Na2Mn2Ru2O17,
mp-532767,K6LiFe24S26Cl,
mp-698353,KBiH10C4O13,
mp-758004,K3Nb7O19,
mp-565549,Fe2Cu3(SeO3)6,
mp-721958,K4P4(H2O5)3,
mp-720789,UH12(NO7)2,
mp-646008,Gd10S19,
mp-722896,Mg7Si4(HO8)2,
mp-541987,K2PrH4N5O17,
mp-32524,V3(P3O10)2,
mp-29162,NaNb10O18,
mp-31877,Fe3(P3O10)2,
mp-31597,Co3(P3O10)2,
mp-565504,Fe2Cu3(SeO3)6,
mp-566794,K9Eu3Si12(O16F)2,
mp-623475,Fe2Cu3(SeO3)6,
mp-867577,NaAl11O17,
mp-768328,La11Mn12O36,
mp-686085,Sc13Cu13O33,
mp-767634,Na5Fe6(SiO3)12,
mp-765997,Li11Ti4Mn12O32,
mp-685079,Nb32N27,
mp-744746,Mn9Al2Si8(HO4)8,
mp-764297,Na7(WO3)13,
mp-685126,Cu39S20,
mp-684829,Co27Se32,
mp-650055,Fe15(Ge2O9)4,
mp-762453,Li11V16O32,
mp-997527,La11V12O36,
mp-676727,Sr18ThCl40,
mp-685820,Sc10Mn17S32,
mp-766109,Li11V12(CoO8)4,
mp-695202,Mg4Al9Cu(SiO4)9,
mp-695133,CsMg4Al9(SiO4)9,
mp-686653,KMg4Al9(SiO4)9,
mp-743762,Ca2Al4Si8H14O31,
mp-685070,Zr19O40,
mp-743640,Li3La8Ti9Cr3O36,
mp-765649,Li11Ti12(NiO8)4,
mp-559792,Nd2As6Xe5F46,
mp-568819,Bi20(PtBr12)3,
mp-721086,Li2CuP6H20C2(N3O11)2,
mp-677069,Tl3(V3S4)8,
mp-676591,Li11Nb12O36,
mp-530149,Ca12Al14O33,
mp-530480,Li19(FeAs)20,
mp-685403,Tl3(V3S4)8,
mp-695592,Ca10Al6Si13N30,
mp-707490,K8TeP8(H5O16)2,
mp-532016,Ca12Al14O33,
mp-704734,Li2V18O39,
mp-1094063,Sr12Al14O33,
mp-720432,Na2Ca9NdY5HoF41,
mp-1101027,Tl3(V3S4)8,
mp-6903,Na2Ca4ZrNbSi4O17F,
mp-699554,SrLaMn2O6,
mp-775900,NaLiCu(PO3)3,
mp-851001,Li3Mn2Cr2O8,
mp-768498,Cr7Ni20Mo3,
mp-698797,Sr3La9Mn10(CuO18)2,
mp-775746,Li2U(WO5)2,
mp-758194,Mg4Cu11O15,
mp-698351,AgH6C4(NO)2,
mp-698025,Na2Si3(HO4)2,
mp-698723,Ca6Nd6ScMn11O36,
mp-697653,MgH8(NF2)2,
mp-698419,ZnH6C2(NCl2)2,
mp-698360,HgH2C6(NCl2)2,
mp-766575,Li8TiS6,
mp-849327,Li2Cu(PO3)3,
mp-9512,SrAl2P2(O4F)2,
mp-744044,KSr3La8Mn12O36,
mp-674499,Nb17Ir3S40,
mp-743693,NiH4(IO4)2,
mp-780790,Li2Mn2Si2O9,
mp-674367,Re6Pb5O19,
mp-685952,Al2Hg5Se8,
mp-772190,Li6Ti2O7,
mvc-12276,Cr(Si2O5)2,
mp-780711,Li4Mn3O8,
mp-723034,Na2Mn(H2N)4,
mp-695900,SbHCSO3F8,
mp-766580,Cr11Ni40Mo9,
mp-762775,Li2Fe2Si2O9,
mp-758120,Ba13Bi11O36,
mp-762523,Li2Cr2Si2O9,
mvc-12822,CaV2(BiO5)2,
mp-780731,Li2Cu(PO3)3,
mp-694971,LiTi2NbCu2O9,
mp-765659,Li2Co4OF8,
mp-744199,CaNdMn2O6,
mp-762958,Li6MnNi7O16,
mp-765431,LiVOF2,
mp-743863,Ca5La7Mn7Ru5O36,
mp-762749,Li6MnNi7O16,
mp-743838,Ba4La8Mn11SnO36,
mp-693432,Ti2H2CSe4Cl16O5,
mp-743659,Sr3La9Mn11NiO36,
mp-780422,LaAlO3,
mp-780420,Lu4Al2O9,
mp-780406,Lu4Al2O9,
mp-781707,La4Al2O9,
mp-735910,K3Li5Al6Si10(O5F)6,
mp-735565,Sr11LaFe6(MoO6)6,
mp-706514,H5CSO5F3,
mp-30667,Sr8Ga7,
mp-6592,K2Pt(NO2)4,
mp-706248,Ca6Pr6Mn11CrO36,
mp-705909,Be2PH5O7,
mp-770227,Li3Cr3NiO8,
mp-762248,LiSb3(P3O10)2,
mp-622101,Mo4O11,
mp-651839,Hg8Br3O4,
mp-769480,Y4Ga2O9,
mp-705485,NaCa5ScZn5(SiO3)12,
mp-6105,Pr2Ta3(SeO4)2,
mp-778795,Ta2Zn4O9,
mp-763273,LiMn2P2(O4F)2,
mp-684502,Sn2P3O10,
mp-5733,CaSiO3,92
mp-622187,Li3VF6,
mp-600006,SiO2,
mp-1021330,Rb2Ge(S2O7)3,
mp-640228,Ca3Nb2CoO9,
mp-622624,Rb2Cr2As2O9,
mp-674326,K2NbCl3,
mp-709400,HgH4C4(Br2N)2,
mp-601265,SrH6(CO3)2,
mp-600031,SiO2,
mp-647450,NaCa2TiSi2O8F,
mp-764793,Li2Mn4OF8,
mp-769317,Ca4Ta2O9,
mp-769301,Ca4Ta2O9,
mp-769283,Sr4Ta2O9,
mp-780157,LiFeH12(SO7)2,
mp-780409,La4Al2O9,
mp-780393,HoBO3,
mp-705009,K3VC5N5O,
mp-695214,Ba9La3Mg5Nb7O36,
mp-767613,RbVBP2HO9,
mp-694876,NaSr2LaTi4O12,
mp-762052,Na2Ga11O17,
mp-640747,Sr3Nb2CoO9,
mp-762451,Li5Ni9O16,
mp-767564,Na5LiFe6(SiO3)12,
mp-686748,Ca2Al2Si(HO4)2,
mp-651601,K2Fe2P2O7F2,
mp-767451,Li4V2SiO8,
mp-686601,Na3MgAlSi7O18,
mp-761438,Li2Cr2P2O9,
mp-650328,NbTe4,
mp-767492,Li2V2Si2O9,
mp-706449,P2H6N2O5,
mp-638206,P3CN4Cl7,
mp-746691,CoH8(ClO2)2,
mp-764115,V3O7,
mp-761335,Li4V(PO4)2,
mp-868260,Li2Mn2P2O9,
mp-866606,CaSnS3,
mp-769915,La4Ga2O9,
mp-761219,Na8TiO6,
mp-705778,Mn3(AgO2)4,
mp-779317,LiMnF3,
mp-572601,SbPC3S3N3Cl3O,
mp-774623,Li4Sn(PO4)2,
mp-863295,CsVGa(PO5)2,
mp-863294,RbVGa(PO5)2,
mp-763851,BaLiCaVP2O9,
mp-735531,NiH8(ClO2)2,
mp-639306,CeBC,
mp-763801,Li3MnF6,
mp-760255,Li3CuF6,
mp-766995,LiLa3Ti2O9,
mp-760244,Ca4Nb2O9,
mp-638086,K3Th2Cu3S7,
mp-770546,Li2Mn2P2O7F2,
mp-637226,Fe4P2O9,
mp-766929,Sn4P2O9,
mp-637201,Mo2P2O11,
mp-768974,BaY3Cl11,
mp-733598,H9PtN2ClO2,
mp-770499,Mn4P2O9,
mp-5263,Ca4P2O9,
mp-680148,CdI2,
mp-680145,CdI2,
mp-680372,C,
mp-680095,CdI2,
mp-763663,LiMn3(P3O10)2,
mp-763654,Li2V2P2O9,
mp-630391,CsZnAgC4(SN)4,
mp-722866,SbH6CN3F4,
mp-766759,Li2Fe2P2O9,
mp-759396,LiBi3(P3O10)2,
mp-1020896,Rb4Ge3B6O17,
mp-759329,LiBi3(P3O10)2,
mp-677551,Na6MgAl4Si13O36,
mp-759183,K2Mg(H2N)4,
mp-763529,Li3P2WO9,
mp-721426,NaPH7O6,
mp-769344,Ba4Ta2O9,
mp-758635,UH12S2O15,
mp-604245,BeH8(NF2)2,
mp-764384,Li2Mn4OF8,
mp-776848,Na5LiV6O18,
mp-773396,Cr4P2O9,
mp-758453,Na2P2H4N2O5,
mp-776825,BaY3F11,
mp-630227,C,
mp-694942,BaNa5LiCo5F18,
mp-720642,NaB3H4O7,
mp-694922,BaLa5TiCr5O18,
mp-639811,KIrO3,
mp-26223,Li4Cu(PO4)2,
mp-31016,Ca4Nb2O9,
mp-28551,H8CN6,
mp-26377,Li5Bi2P5O18,
mp-23257,IF5,
mp-26585,Li5Sb2P5O18,
mp-31068,P2Pb4O9,
mp-21540,Li3TiF6,
mp-504532,As2W2O11,
mp-23386,Sn2SI2,
mp-28672,Zr2TeBr12,
mp-504618,K2Cr3O10,
mp-28727,La4Bi2S9,
mp-21723,SiPbO3,
mp-21730,Cu4P2O9,
mp-21770,Cu4As2O9,
mp-21787,Eu4Au2O9,
mp-23626,RbLi2(IO3)3,
mp-504902,SiBr2,
mp-27316,Rb5Zr4F21,
mp-23776,BeH8(ClO2)2,
mp-505077,NaH9O5,
mp-23876,H8S(NO2)2,
mp-28974,TiF4,
mp-11224,Sr8Al7,
mp-29085,Sr5Zr3F22,
mp-505389,PW3O11,
mp-30467,Bi4Rh,
mp-24157,PH8N2O3F,
mp-29128,K2Te4O9,
mp-505464,Cs2Te13,
mp-29195,LiPO3,
mp-31539,Li4Co(PO4)2,
mp-559064,SnP2(Cl5O)2,
mp-561205,AgC4OF9,
mp-567043,Cr4Si2Cl2O7,
mp-542567,Rb2Cd3H6S3O16,
mp-569211,NdFeSb3,
mp-567083,K2SrV3O9,
mp-561234,BaNaZr2F11,
mp-534778,NaCa2ScZn2(SiO3)6,
mp-534793,KCa5Mg5Al(SiO3)12,
mp-567162,Na2U(MoO5)2,
mp-542730,V8C7,
mp-567224,Mg(SiB6)2,
mp-561246,Al2Si2Pb2O9,
mp-542785,MgH6(CO3)2,
mp-542840,In2Si2Pb2O9,
mp-542914,K2Co3H6S3O16,
mp-758281,RbB2P2HO9,
mp-767482,Li6ScFe5(SiO3)12,
mp-667387,Hg8Br3O4,
mp-686602,CaPr2Ti2ZnO9,
mp-850889,Li3CrP2O9,
mp-777563,Ta2H15N6Cl7,
mp-623092,Gd4Au2O9,
mp-743592,Mg11AlFeSi11O36,
mp-622640,V3O7,
mp-706616,ZnH8(O2F)2,
mp-642227,Sb8Pb5S17,
mp-622613,Rb2FeC5N6O,
mp-850368,LiCr3(P3O10)2,
mp-684002,LaYbS3,
mp-707917,H9C2N11O8,
mp-738668,NaH3(CO2)2,
mp-777317,Mn7Fe3O20,
mp-736545,HgH2C6(NCl2)2,
mp-683598,PWC5Br3O5,
mp-736259,HgH4C4(NCl2)2,
mp-667273,C,
mp-621930,Cs2SrN12,
mp-766979,Sn4P2O9,
mp-619092,K2Fe2As2O9,
mp-762725,Li2Cr2P2O7F2,
mp-762720,Li2Mn2P2O9,
mp-765652,LiFeO3,
mp-723093,Na5H29(IO12)2,
mp-567424,K8NbAs5Pb,
mp-543039,TePbO3,
mp-567451,MnH8C2NCl3,
mp-569340,Rb2ZnN12,
mp-555028,AgSbTe6S16(OF5)6,
mp-567550,In3Au7,
mp-559350,ZrS4(N2Cl3)2,
mp-555118,NaPO3,
mp-557108,Ba2Nb2TeO10,
mp-557111,Sr3CaRu2O9,
mp-561385,SrTeO3,
mp-561396,Li3CrF6,
mp-568090,LaBC,
mp-540545,MnH8(BrO2)2,
mp-31713,Li5Cr2P5O18,
mp-572131,SbS8Cl5O,
mp-553898,GePbO3,
mp-557213,Te2Xe(OF5)2,
mp-557231,KTeO2F,
mp-744254,MnH8(BrO2)2,
mp-561476,PH8C2SNO2,
mp-557246,K2Be(CO2)4,
mp-561479,K2U(WO5)2,
mp-553978,KSeNO2,
mp-572763,TaP4(SCl)5,
mp-559560,Nd2Ti3(ClO4)2,
mp-561496,NaMg3Al(MoO4)5,
mp-554107,K2Na4Ge2O7,46.07984911
mp-573103,Cs2Np(SO5)2,
mp-557470,K2Sb2S(O2F3)2,
mp-557473,K5LiGe2O7,
mp-561545,Sn4P2O9,
mp-31806,LiFe3(P3O10)2,
mp-554353,TiS4(NCl)5,
mp-554359,Cs2Si3SnO9,
mp-554363,Pr2Ti3(ClO4)2,
mp-705265,GdFe3(BO3)4,
mp-574428,K2U(PSe3)3,
mp-559642,CaZrAl9BO18,
mp-554515,KScH4(C2O5)2,
mp-557756,Li4Zn(PO4)2,
mp-559645,KThP3O10,
mp-559644,K2Cu(PS3)3,
mp-554554,K9Bi(PS4)4,
mp-554572,K3NbP2O9,
mp-557810,BaH6F8,
mp-557833,Ti(Ag4S3)2,
mp-557842,AlPO4,
mp-557880,KPO3,
mp-579463,Cu2Pb(SeO3)3,
mp-579812,CeNiSb3,
mp-554778,NaY(SiO3)2,
mp-579919,Cs2ZnN12,
mp-31890,Li4Fe(PO4)2,
mp-568633,RbNaMo3O10,
mp-558056,AlPO4,
mp-555408,SbS7IF6,
mp-558168,Ba(AuF6)2,
mp-555424,CaNb2(P2O7)3,
mp-559770,Nd4Ga2O9,
mp-558267,NaLiSiB3HO8,
mp-581413,Ta2Hg2F11,
mp-558335,Na2Pd(NO2)4,
mp-554869,SrGeO3,
mp-559822,La2TaCl3O4,
mp-558578,Li3VF6,
mp-558602,CsAl3(P3O10)2,
mp-32008,Li4Mn(PO4)2,
mp-582274,Ce(Ni5P2)2,
mp-540967,K4WO5,
mp-582606,Eu4Al2O9,
mp-558853,AsC3N3F8,
mp-849678,Li2Fe4OF8,
mp-646749,Nb2Ni4O9,
mp-776993,Ni4P2O9,
mp-759307,TiNb2O7,
mp-766619,Li4Cr(PO4)3,
mp-645449,Te3Au2,
mp-677231,CaNd2Ti2ZnO9,
mp-721300,Ca2B5H2ClO10,
mp-761811,V2Co(HO2)4,
mp-770212,Li6Ti2S6O,
mp-773498,Na6Sn2O7,
mp-776627,Li3FeF6,
mp-695866,BeH8(NF2)2,
mp-676694,LiNbO3,
mp-781684,LiNiH12(SO7)2,
mp-768961,YB5O9,
mp-677054,AgSbO3,
mp-763413,Li2U(WO5)2,
mp-695514,NaSr2NdTi4O12,
mp-647218,Re2P2O11,
mp-676109,Li3InCl6,
mp-645717,Co3TeO6,
mp-771899,Ni4P2O9,
mp-676291,Ta6Te3S,
mp-675416,Sr4Nb2O9,
mp-674017,Nb17Ir3Se40,
mp-707311,ZnPH3O5,
mp-761465,Li2V(SiO3)3,
mp-695278,Ba3La9Mg7Nb5O36,
mp-627867,Si4H2O9,
mp-669498,K2Pt(NO2)4,
mp-558934,Hg3ClO,
mp-565217,Na2SrVP2O9,
mp-559971,LiS2N(O2F)2,
mp-541053,SiI2,
mp-565249,Mn2Ni6Te3PbO18,
mp-585269,Li5Mo2P5O18,
mp-555621,RbAl3(P3O10)2,
mp-585750,GdFe3(BO3)4,
mp-565267,Na2SrV3O9,
mp-565314,Ga2Mo(SeO5)2,
mp-569049,Al5Mo,
mp-570218,LiBeH3,
mp-560097,CaTeO3,
mp-6663,NaLiGe4O9,
mp-565399,VCu2BiO6,
mp-569136,K3Cu11Te16,
mp-541221,BaH2N2O5,
mp-570394,PrNiSb3,
mp-32510,Li5V2P5O18,
mp-560208,K3NbAs2O9,
mp-7614,Si(Ag4S3)2,
mp-565593,Na3NbAs2O9,
mp-560282,K2Ba(NO2)4,
mp-541657,BaH2N2O5,
mp-541728,Si2Ag6O7,
mp-9160,La4Au2O9,
mp-570587,CdH8C2NCl3,
mp-9770,Ag8GeS6,
mp-505765,BaCoN,
mp-541946,K2Th(PSe3)3,
mp-30429,Ba8Ga7,
mp-541947,Rb2Th(PSe3)3,
mp-556021,BaTeO3,
mp-542129,CsAlBP2HO9,
mp-542130,RbAlBP2HO9,
mp-560450,Sb2SNF11,
mp-556083,As2H3CF9,
mp-565865,Mo4O11,
mp-566838,K2MoH2(CO4)2,
mp-566310,Te4W(OF4)5,
mp-570966,ZrP2NCl11,
mp-566375,NaFe4(MoO4)5,
mp-570983,Sr4Sn2Se9,
mp-560761,RbGa3(P3O10)2,
mp-566960,PdC2S2(O4F)2,
mp-566566,Ga2Te2MoO10,
mp-556127,MgH6(CO3)2,
mp-570767,PrBC,
mp-566662,UAg2(WO5)2,
mp-566676,KMn5(SeO3)6,
mp-560801,GdAl3(BO3)4,
mp-566802,In2Te2MoO10,
mp-570817,Cu2P8Se3I2,
mp-530194,Ca4Nb2O9,
mp-571097,SiH17C11N,
mp-560504,Rb2Sb2OF10,
mp-571167,NdNiSb3,
mp-560890,Li3ScF6,
mp-530539,Sr4U2O9,
mp-530571,Na4Sn3O8,
mp-556245,Mn3(AgO2)4,
mp-566007,Cr4Si2Br2O7,
mp-566013,K2Mn2P2O7F2,
mp-560560,CdSiO3,
mp-566047,K2Mo(SO5)2,
mp-571259,Tl2ZnN12,
mp-556310,LiAlS3(Cl2O3)2,
mp-560965,K4Mn(AsS4)2,
mp-560982,K2Cd(NO2)4,
mp-542787,FeH6(CO3)2,
mp-531051,Ca4Nb2O9,
mp-25706,MnH8(ClO2)2,
mp-25718,NiH6(CO3)2,
mp-548747,CoH6(CO3)2,
mp-25769,MnH6(CO3)2,
mp-553998,Ba2Fe3F10,
mp-202,TaTe4,
mp-709540,CoH4C4(NCl2)2,
mp-18979,TbFe3(BO3)4,
mp-616249,BiOs2(CO)6,
mp-776937,LiFeF3,
mp-601348,LuP2H4NO7,
mp-744328,VH7N2O5,
mp-667345,NbTl2PO6,
mp-705559,Na3Ca3Zr2Si4(O5F)3,
mp-649676,CaSiO3,
mp-704306,K2U2MoO10,
mp-769144,SnGeO3,
mp-744927,Na5CaAl5Fe(SiO3)12,
mp-757727,BaB2H2O5,
mp-697981,Cd3H2CSeO8,
mp-771265,TiMn9O20,
mp-640389,Cs2Th(PS3)3,
mp-767799,LiLa2Ti2CrO9,
mp-699405,Ca6Mg5Al2Si11O36,
mp-605052,PH3W(CO)5,
mp-677348,Nd8AlSi3(NO5)3,
mp-765222,LiSn3(P3O10)2,
mp-695873,ZnP3H12NO13,
mp-767913,BaV8O21,
mp-644841,K2Pd(NO2)4,
mp-776110,SiSnO3,
mp-695403,Ba2La2MgTi3O12,
mp-624000,Re(Te4Cl3)2,
mp-601902,Tl2HPtC5N5O,
mp-698414,CuH8C2NCl3,
mp-627944,Si4H2O9,
mp-673834,Mg5(AlSe4)2,
mp-627632,Si4H2O9,
mp-697283,H8W(S2N)2,
mp-1020711,Rb2Si(S2O7)3,
mp-655027,SrH6(CO3)2,
mp-757781,LiSi2(BiO3)3,
mp-652471,Nb2Co(P2O7)3,
mp-1019775,K2Ge(S2O7)3,
mp-757312,NaInBP2HO9,
mp-849255,LiMn3(P3O10)2,
mp-744710,CoPH3O5,
mp-600182,CdH8C2Br3N,
mp-777945,TiMn4O10,
mp-757144,Rb2H8O5,
mp-13199,Zn3TeO6,
mp-560642,Na3SbP2O9,
mp-14353,BaNaNd(GeO3)3,
mp-560658,Na5Bi2As5O18,
mp-531110,Ca9PrF20,
mp-531119,Ta2Zn4O9,
mp-561020,NbP4(SCl)5,
mp-19502,BaTi18Mn3O38,
mp-19513,SrV2(AsO5)2,
mp-561084,Nd4Al2O9,
mp-532085,Li2IrO3,
mp-532329,Fe3(CuS5)2,
mp-566264,Na2CaVP2O9,
mvc-6603,CuMo2O7,
mvc-6536,Cr2CuO7,
mvc-6973,CuW2O7,
mvc-8510,Ti(Si2O5)2,
mvc-8519,Si4SnO10,
mvc-8517,Si4SbO10,
mvc-8520,Si4BiO10,
mvc-8767,Co(Si2O5)2,
mvc-8765,V(Si2O5)2,
mvc-8818,Si4MoO10,
mvc-8793,Fe(Si2O5)2,
mvc-8872,Si4WO10,
mvc-8798,Mn(Si2O5)2,
mvc-8819,Si4NiO10,
mvc-16299,Zn4Cu5(TeO6)3,
mvc-16562,Ca3Nb2CoO9,
mvc-2636,Mg4Cu5(TeO6)3,
mvc-2780,Mg4Sn5(TeO6)3,
mvc-2904,Ca4Sn5(TeO6)3,
mvc-2902,Ca4Ti5(TeO6)3,
mvc-2867,Mg4Ti5(TeO6)3,
mvc-2836,Zn4Sn5(TeO6)3,
mvc-2890,Ti5Zn4(TeO6)3,
mvc-3034,Mg4Co5(TeO6)3,
mvc-3035,Mg4Ni5(TeO6)3,
mvc-3070,Zn4Co5(TeO6)3,
mvc-3075,Zn4Cr5(TeO6)3,
mvc-3078,Mg4Cr5(TeO6)3,
mvc-3077,Mg4V5(TeO6)3,
mvc-3090,V5Zn4(TeO6)3,
mvc-3072,Zn4Ni5(TeO6)3,
mvc-3147,Mg4Mn5(TeO6)3,
mvc-3152,Mn5Zn4(TeO6)3,
mvc-3153,Zn4Te3W5O18,
mvc-3149,Ca4V5(TeO6)3,
mvc-3150,Mg4Te3W5O18,
mvc-3154,Ca4Cr5(TeO6)3,
mvc-3178,Ca4Te3W5O18,
mvc-3151,Ca4Ni5(TeO6)3,
mvc-6320,CuTe2O7,
mp-698413,CuH8C2NCl3,
mp-867047,CaSnS3,
mp-744188,K3Mo4H6O16F,
mp-765118,LiVCrP2(O4F)2,
mp-1020647,Sr2LiBeB3O8,
mp-745016,MnH(CO)4,
mp-1020012,Li2Ge4O9,
mp-1019891,KPSO2,
mp-662792,Os2C6SO6,
mp-1019735,BaNaEu(SiO3)3,
mp-695966,CuP3H12NO13,
mp-652854,BiRu2(CO)6,
mp-1003639,Ca3Mn4O8,
mp-1003764,K3Mn4O8,
mp-1019713,Cs4Si3O8,
mp-776258,Mg4Cu11O15,
mp-13791,BaNaNd(SiO3)3,
mp-13997,RbAlF4,
mp-14131,K2Pd(NO2)4,
mp-14607,KSbO3,
mp-10791,ErBO3,
mp-10792,DyBO3,
mp-14866,CsAlF4,
mp-14880,La2Ta3(SO4)2,
mp-15003,Ca3HfSi2O9,
mp-15095,Ca3Si2SnO9,
mp-15254,Li3AlF6,
mp-15558,Li3GaF6,
mp-24313,ZnH6(CO3)2,
mp-27968,Li6Ge2O7,
mp-29437,Zn4As2O9,
mp-15487,Ag6Ge2O7,
mp-29492,S2I2O11,
mp-15577,Pr4Ga2O9,
mp-24468,H8S(NO2)2,
mp-15645,Ag8SnS6,
mp-24509,CdH4(BrO4)2,
mp-16160,Sm4Au2O9,
mp-28104,Fe2MoP12,
mp-29561,CaSnAu,
mp-19510,V2Cd(PO5)2,
mp-19522,P2W2O11,
mp-24749,CdH6(CO3)2,
mp-24761,RbGaBP2HO9,
mp-28196,KH9O5,
mp-28211,IrS3Cl11,
mp-28252,Ba5(GaS4)2,
mp-29705,Rb6Sn2S7,
mp-3374,Nd4Au2O9,
mp-30926,LaB5O9,
mp-4816,LaGaS3,
mp-25668,Mo2P2O11,
mp-29799,KBiO3,
mp-25715,NiH8(ClO2)2,
mp-25761,RbFeBP2HO9,
mp-705061,UAg2(WO5)2,
mp-769481,Y4Ga2O9,
mp-780411,LaAlO3,
mp-23356,Bi4B2O9,
mp-571575,Pr5(CBr4)2,
mp-558062,K6Ti2S6O,
mp-1096883,Ba5(SnS4)2,
mp-1096905,Ce4Al2O9,
mp-1097902,Li3Mn4O8,
mp-585395,Li4Co(PO4)2,
mp-1097905,Li3Mn4O8,
mp-1097997,KEu(GeO3)2,
mp-600250,CoH6(CO3)2,
mp-683985,CeTmS3,
mp-703444,B5H12NO12,
mp-638813,CeErS3,
mp-504870,V2S2O11,
mp-667200,NaCa2TiSi2O8F,
mp-5409,Y4Al2O9,132.2901507
mp-761395,CsFeBP2HO9,
mp-769409,Y4Ga2O9,
mp-28143,H8S5N2,
mp-568203,K2Th(PSe3)3,
mvc-3160,Ca4Fe5(TeO6)3,
mp-542863,Ca7NbSi4O17F,
mp-561086,CaSiO3,
mp-706283,InH7N2OF4,
mp-21934,In9Pb4S17,
mp-572711,V2P2PbO10,
mp-720583,Na3B3H2O7,
mp-566939,P2W2O11,
mp-556192,C4O5F6,
mp-5996,Na2Ti2Si2O9,
mp-761973,Li2Co2P2O9,
mvc-3121,Ca4Co5(TeO6)3,
mp-19512,BaV2(PO5)2,
mp-560163,Ca4Si2O7F2,
mp-769246,Sr4Ta2O9,
mp-504923,V2Zn4O9,
mp-769296,AgH9O5,
mp-24617,RbGdH2S2O9,
mp-706400,BaP2(HO2)4,
mp-777597,NaLi2V3O9,
mp-772426,Li2Cr3O10,
mp-773173,Ta2Co4O9,
mp-1020714,Y4AlSiNO8,
mp-720948,NaCa2LuSi2O7F2,
mp-556841,LaTmS3,
mp-560927,Y4Al2O9,
mp-558977,LaErS3,
mp-683899,Cu2P8Se3Br2,
mvc-3101,Mg4Fe5(TeO6)3,
mp-780506,Ta2Zn4O9,
mp-642358,Ba4Pr(RuO4)3,
mp-1080219,Li3Mn4O8,
mp-15004,Ca3ZrSi2O9,
mp-684004,YbCeS3,
mp-600068,SiO2,
mp-32320,Li4Ni(PO4)2,
mp-568805,SmNiSb3,
mp-32437,LiV3(P3O10)2,
mp-510463,KCeH2S2O9,
mp-572778,Cu3BiTe2ClO8,
mp-31568,LiCo3(P3O10)2,
mp-504990,RbCeH2S2O9,
mp-568966,NdBC,
mp-31722,Li4Cr(PO4)2,
mp-32464,LiV3(P3O10)2,
mp-651039,Ba2Fe3F10,
mp-705026,Li4Fe(PO4)2,
mp-574469,BaCoN,
mp-557936,Zn4Cu5(TeO6)3,
mp-573489,SiBr2,
mp-1019577,Ca4P2O9,
mp-1100375,CaSnS3,
mp-1100354,CaSnS3,
mvc-2833,Ca4Cu5(TeO6)3,
mp-761947,Na5(WO3)14,
mp-706335,Mg3P4H28(NO12)2,
mp-866762,LiNd9Mo16O35,
mp-686369,Ta22(CuS12)3,
mp-851287,Co21O40,
mp-504181,LiMo8(P2O11)4,
mp-567701,Ba21Al40,
mp-767941,Mn21O40,
mp-680260,Ti45Se16,
mp-530701,Ni5(Mo3Se4)8,
mp-720215,K7H12Pt4C16(N8O3)2,
mp-531163,Nd12Zr12O37,
mp-531661,Nd10Ti12O39,
mp-531991,La6Zr8F47,
mp-765145,Na9(WO3)13,
mp-849596,Mn21O40,
mp-703559,KSrAs(H4O3)4,
mp-768100,Li4Ti3Mn4Cr2O18,
mp-767931,Na4Ti5Mn4O18,
mp-767917,Li4Ti5Mn4O18,
mp-767914,Na10(WO3)13,
mp-775678,Li4Ti4Mn4CoO18,
mp-775676,Li4TiFe4(Co2O9)2,
mp-775660,Li4V5(Fe2O9)2,
mp-775615,Li4Ti3Mn4(CoO9)2,
mp-775504,Li4Ti3V4Cr2O18,
mp-775503,Li4Ti4Mn4FeO18,
mp-850238,V9O22,
mp-777142,Li4Ti4Co5O18,
mp-761434,Fe7(PO5)4,
mp-781901,NiH18(IN)6,
mvc-12787,CaCu2(Si2O5)4,
mp-685855,Nb3(Bi5Cl9)2,
mp-685609,Cs10(Mo2N5)3,
mp-735051,GdH18(IO3)3,
mp-685220,U11Se20,
mp-722272,Li2H12C3SN6O7,
mp-766314,BaTi10O20,
mp-771658,Li2NiH12(SO7)2,
mp-780006,Rb2MgH12(SeO7)2,
mp-770638,Li2CoH12(SO7)2,
mvc-14147,CaCr2(Si2O5)4,
mp-779814,Cs2ZnH12(SO7)2,
mp-673800,U11S20,
mp-633571,Cs2NiH12(SO7)2,
mp-633474,Rb2CoH12(SeO7)2,
mp-769541,Li4Ti3(CoO3)6,
mp-769513,Li4Ti3Mn6O18,
mp-769512,Li4Ti4Mn5O18,
mp-769509,Li4TiMn8O18,
mp-769508,Li4Ti2Mn7O18,
mp-769491,Li4Ti2V7O18,
mp-769487,Li4Ti4V5O18,
mp-863299,Cs2CoH12(SO7)2,
mp-769455,Li4Ti4Mn4CrO18,
mp-769451,Li4Ti4V4NiO18,
mp-769449,Li4Mn5(Fe2O9)2,
mp-769448,Li4Ti4Mn4NiO18,
mp-769444,Li4Ti2Mn3(Fe2O9)2,
mp-769442,Li4Ti4MnCr4O18,
mp-769429,Li4TiMn4(Fe2O9)2,
mp-768931,Ga10Si2O19,
mvc-12315,Y4(Mo2O7)3,
mp-603679,Na2NiH12(SO7)2,
mp-648256,Pr14Si11Ni6,
mp-769478,Li4Ti4V4CoO18,
mp-769457,Li4Ti4Cr(Fe2O9)2,
mp-775551,Li4Ti3Mn4(FeO9)2,
mp-769453,Li4Ti4V(Fe2O9)2,
mp-769443,Li4Ti4Mn(Fe2O9)2,
mp-769441,Li4Ti4Mn(Co2O9)2,
mp-775502,Li4Ti2Mn4Cr3O18,
mp-762594,Na2In2P4H6O17,
mp-775447,Li4Ti2V3Cr4O18,
mp-775391,Li4Ti4VCr4O18,
mp-775352,Li4Ti2Mn4(FeO6)3,
mp-861696,Li4Ti4Cr5O18,
mp-770942,Li4Ti3V2(Fe2O9)2,
mp-743607,Li2Ti4Co(PO5)4,
mp-765429,W5(O2F11)2,
mp-769497,Li4TiV8O18,
mvc-15195,Y4V6O21,
mp-770572,Li2FeH12(SO7)2,
mp-699451,Ca2B3(HO)13,
mp-624355,Ce14Si11Ni6,
mp-623787,Cs2K2B10O17,
mp-722401,ZnH16C6S2(N2Cl)2,
mp-722263,ZrH14C2(N4F3)2,
mp-646297,Hg4Pb2N6O19,
mp-676956,Zn8B4H3O15F,
mp-758693,Na4Al4H10O13,
mp-771396,Li4(FeO2)9,
mp-28499,Al10Ge2O19,
mp-28503,Al10Si2O19,
mp-31008,Na14Al4O13,
mp-504828,NdH12(NO5)3,
mp-30174,Ca4Al51Cr7,
mp-24038,K2CuH12(SO7)2,
mp-24112,Rb2ZnH12(SO7)2,
mp-27575,Te5(O2F11)2,
mp-24182,Rb2ZnH12(SeO7)2,
mp-31373,H18SO12,
mp-24196,Tl2CuH12(SO7)2,
mp-24197,Rb2CuH12(SO7)2,
mp-559066,Ba3Y(BO2)9,
mp-556903,HgSb4C2(OF11)2,
mp-561253,Ba3Lu(BO2)9,
mp-542864,Na2NiH12(SO7)2,
mp-542944,Cs2CuH12(SO7)2,
mp-720334,Na2P2H14O13,
mp-685512,Ag15Bi7I40,
mp-758073,Re6Pb6O19,
mp-765609,NaMn10O20,
mp-738657,K3GdH6(C2O5)3,
mvc-13255,Y4V6O21,
mp-734266,SmH12(NO5)3,
mp-567781,Cs3Zr7BCl20,
mp-540610,K2U7O22,
mp-554058,K3NdH6(C2O5)3,
mp-554146,K14In4O13,
mp-573340,Nb2Se17Cl12,
mp-554335,K2CuH12(SeO7)2,
mp-555299,SrC4S4N2(O2F3)4,
mp-555310,K14Fe4O13,
mp-554574,Sb4Au(Xe2F11)2,
mp-554657,Na2Tl2B10O17,
mp-557994,Ba3Sc(BO2)9,
mp-581457,Rb15Hg16,
mp-867972,Na6U(SO5)4,
mp-781016,Li14Fe4O13,
mp-767927,Li4TiV4Cr4O18,
mp-767926,Li4Ti4Mn4VO18,
mp-863288,Na3V5O23,
mp-777107,V9O22,
mp-686673,Ba(Hf2As3)6,
mp-686598,Ca8MgSi4(ClO8)2,
mp-555764,BaNb10SiO19,
mp-541510,W2Se17Cl12,
mp-505698,SmH18(IO3)3,
mp-541758,Ta2Se17Br12,
mp-556038,Ba3In(BO2)9,
mp-542417,Cs2MgH12(SO7)2,
mp-510018,Rb2CuH12(SeO7)2,
mp-556177,Cs2Cu2Si8O19,
mp-530409,Hf3(Bi5Cl9)2,
mp-543050,K2FeH12(SO7)2,
mp-549032,K2CoH12(SO7)2,
mp-25777,Rb2NiH12(SeO7)2,
mp-25778,K2NiH12(SO7)2,
mp-768056,LiMn10O20,
mp-704535,Tl2Mo7O22,
mp-696851,ZnH12C2S2(N3O4)2,
mp-731160,H3Ru3Rh(CO)12,
mp-695894,NdH12(NO5)3,
mp-780897,Li2Mn2P4H6O17,
mp-652229,Co4Ge(CO)13,
mp-698218,LaH13C3S3O11,
mp-757310,ZnP2H14C2(NO)6,
mp-771064,Li4Ti2V3(Fe2O9)2,
mp-744463,Li2Ti4Co(AsO5)4,
mp-743879,CrP2H15N2O11,
mp-531213,Ca13Y6F43,
mp-658087,Cs2CuH12(SO7)2,
mp-531611,Mg(AlB14)2,
mp-662796,Os4C13(SO6)2,
mp-653243,Ru4C14O13,
mp-776197,Li4Ti2Fe4(CoO6)3,
mp-776745,Li4Ti3V2Cr4O18,
mp-14885,Rb2Cu2Si8O19,
mp-24366,K2ZnH12(SO7)2,
mp-24438,K2MgH12(SO7)2,
mp-24538,K2H12Ru(SO7)2,
mp-19540,Mo8O23,
mp-25734,Rb2CoH12(SO7)2,
mp-25752,Cs2FeH12(SO7)2,
mp-25782,Rb2NiH12(SO7)2,
mp-1094147,Na4Mn9O18,
mp-851074,Li4(CoO2)9,
mp-559981,Rb2CuH12(SO7)2,
mp-559557,Cs2Na2B10O17,
mp-720876,Cs2CuH12(SO7)2,
mp-604789,K2ZnH12(SO7)2,
mp-600238,NbH12C4NO13,
mp-655078,K2ZnH12(SO7)2,
mp-779742,Cs2ZnH12(SeO7)2,
mp-662804,Sm10Pd21,
mp-779875,Cs2MgH12(SeO7)2,
mp-531975,Zr3(Bi5Br9)2,
mp-648832,Sm10Pd21,
mp-565841,K2FeH12(SO7)2,
mp-653901,K14Fe4O13,
mp-559018,K2CuH12(SO7)2,
mp-566571,K2NiH12(SO7)2,
mp-604610,K2CoH12(SO7)2,
mp-764930,Sr2Fe23O38,
mp-764615,LiMnV(P2O7)2,
mp-773943,Li11U4(WO5)8,
mp-775458,LiV18O44,
mp-1098386,KMg30BO31,
mp-763817,Li6Mn17O40,
mp-760832,LiTi2O4,
mp-685047,V23Se40,
mp-868673,Li15Mn15SiO32,
mvc-12278,CaV4(CuO7)2,
mp-1098398,KHfMg30O31,
mp-1040411,CsHfMg30O31,
mp-1040399,KLiMg30O31,
mp-1040406,CsKMg30O31,
mp-1040391,KRbMg30O31,
mp-1040385,KNaMg30O31,
mp-1040380,KMg30BO31,
mp-766354,Bi25O38,
mp-861689,Li15Cr15SiO32,
mp-531949,Li23(MnAs)20,
mp-680153,CdI2,
mp-775484,Ba6Li2Ti16O39,
mp-764484,LiMnV(P2O7)2,
mp-1098489,NaHfMg30O31,
mp-866690,La17Al4(Si3N11)3,
mp-743638,Li6Ti8Ni(PO5)8,
mp-566780,Gd2Mo4O15,
mp-1098399,KHfMg30O31,
mp-764622,LiMnV(P2O7)2,
mp-761612,Na11(WO3)13,
mp-720971,Ca12Al11Si3Cl5O32,
mp-531882,U7(Pd3S4)8,
mp-542290,Nd2Mo4O15,
mp-542291,Sm2Mo4O15,
mp-765161,LiVFe(P2O7)2,
mp-765117,LiVCr(P2O7)2,
mp-765163,LiVCr(P2O7)2,
mp-765179,LiVFe(P2O7)2,
mp-1098606,HfMg30BO31,
mp-1098490,NaHfMg30O31,
mp-1098429,LiMg30BO31,
mp-1098433,LiHfMg30O31,
mp-1098484,NaMg30BO31,
mp-1098533,CsMg30BO31,
mp-1098548,CsHfMg30O31,
mp-1098089,HfMg30BO31,
mp-1098613,CsMg30BO31,
mp-1098422,LiMg30BO31,
mp-1098505,CsLiMg30O31,
mp-1098423,LiHfMg30O31,
mp-1098506,RbMg30BO31,
mp-1098494,NaHfMg30O31,
mp-505560,Na5(W7O22)2,
mp-764437,Na3Mn20O40,
mp-1039998,RbMg30BO31,
mp-1039728,NaHfMg30O31,
mp-1040366,KLiMg30O31,
mp-1039895,RbMg30BO31,
mp-1040127,NaLiMg30O31,
mp-1040093,LiHfMg30O31,
mp-1039713,NaHfMg30O31,
mp-1039809,RbNaMg30O31,
mp-1040170,RbLiMg30O31,
mp-1040210,KHfMg30O31,
mp-1039970,RbNaMg30O31,
mp-1040115,NaLiMg30O31,
mp-1039669,RbHfMg30O31,
mp-1039666,RbHfMg30O31,
mp-1040044,LiHfMg30O31,
mp-1039650,RbHfMg30O31,
mp-1040287,KMg30BO31,
mp-1040315,KMg30BO31,
mp-1040077,LiMg30BO31,
mp-1040283,KNaMg30O31,
mp-531527,Ba3Ti20O40,
mp-1040362,KRbMg30O31,
mp-1039864,CsNaMg30O31,
mp-1040122,RbLiMg30O31,
mp-1039855,NaMg30BO31,
mp-1039828,CsRbMg30O31,
mp-1040267,CsLiMg30O31,
mp-1039707,RbHfMg30O31,
mp-1040232,RbLiMg30O31,
mp-1040320,KLiMg30O31,
mp-1040080,LiMg30BO31,
mp-1040328,KRbMg30O31,
mp-1039741,NaHfMg30O31,
mp-1040348,KLiMg30O31,
mp-1039931,CsMg30BO31,
mp-1039838,NaMg30BO31,
mp-1040207,LiMg30BO31,
mp-1040290,KNaMg30O31,
mp-1039762,RbMg30BO31,
mp-1040297,KMg30BO31,
mp-1038693,CsHfMg30O31,
mp-1038412,HfMg30BO31,
mp-1040164,KHfMg30O31,
mp-1039824,NaMg30BO31,
mp-1040252,CsRbMg30O31,
mp-1040323,KRbMg30O31,
mp-1040036,LiHfMg30O31,
mp-1039725,RbMg30BO31,
mp-1040265,CsKMg30O31,
mp-1040175,KHfMg30O31,
mp-1040107,NaLiMg30O31,
mp-1040085,NaLiMg30O31,
mp-1039849,NaMg30BO31,
mp-1039846,RbNaMg30O31,
mp-1039734,NaHfMg30O31,
mp-1039826,RbNaMg30O31,
mp-1040125,LiMg30BO31,
mp-1039957,LiHfMg30O31,
mp-1040168,KHfMg30O31,
mp-1038485,HfMg30BO31,
mp-1040161,RbLiMg30O31,
mp-1038689,CsHfMg30O31,
mp-1040313,KNaMg30O31,
mp-1038364,HfMg30BO31,
mp-1098511,RbHfMg30O31,
mp-1098091,HfMg30BO31,
mp-1098424,LiHfMg30O31,
mp-1098493,NaHfMg30O31,
mp-1098402,KHfMg30O31,
mp-6995,SrAl12O19,
mp-850536,BaGa12O19,
mp-653838,ZrFe12Si2B,
mp-850492,LiMn(Si2O5)2,
mp-687088,Co2TeBr2O3,
mp-1217,KSi,
mp-764981,Li4Mn3OF8,
mp-775867,LiSbPO5,
mp-698569,Li21Mo11O32,
mp-768045,V5BiO10,
mp-24280,GaH36C12S6(IO2)3,
mp-767651,Li2SiNiO4,
mp-850180,Li4Fe3OF8,
mp-850153,Li2Mn2(SiO3)3,
mp-850152,Li2MnSiO4,
mp-850151,LiVP3HO10,
mp-697660,Cu2H6C3N4O,
mp-697652,HfP2H4O9,
mp-697156,BaCu2P2H2O9,
mp-759378,Nb3Tl3O10,
mp-672237,PbO,
mp-698630,Li9Ni23O32,
mp-569462,Pr15Si10Ni7,
mp-849469,Li2Mn2(SiO3)3,
mp-774927,NdH4S2NO8,
mp-774926,EuH4S2NO8,
mp-6671,Sm4Si2S3O7,
mp-757752,Ho9B4O19,
mp-766100,MgTi11O20,
mp-775681,Li16V3Ga13O32,
mp-756748,ScH3(ClO5)2,
mp-769368,Rb4SnO3,
mp-782647,Li2MnP3O10,
mp-8341,NaGeSbO5,
mp-697267,TlP(HO2)2,
mp-704992,RbCoO2,
mp-767268,LiV9O22,
mp-9332,KGaPO4F,
mp-6706,TiTlPO5,
mp-1098365,Mg30TiCO32,
mp-1098845,Mg30CuSnO32,
mp-764418,Na3Fe5O8,
mp-1098951,Mg30TiNiO32,
mp-1098603,HfMg30CO32,
mp-746730,FeP4O11,
mp-6639,RbGeSbO5,
mp-721924,CaFe3Si2HO9,
mp-6539,RbTiPO5,
mp-849428,Li2Mn2(SiO3)3,
mp-979340,Sr2LiTaN3F,
mp-849230,BaP4O11,
mp-762488,NaMn(HO)3,
mp-763325,LiCoPO4F,
mp-554568,H10C3NClO,
mp-677311,Re3Pb3O10,
mp-777167,LiTiO2,
mp-6488,KTiAsO5,
mp-648211,PNCl2,
mp-760024,NaTi5O10,
mp-773986,LiV9O22,
mp-707845,K3ZrHS(OF)5,
mp-1098449,CsCeMg30O32,
mp-762533,Li2Fe2(SiO3)3,
mp-779698,ZnTe2O5,
mp-861683,Mn3As(HO2)4,
mp-707483,TiP2H4O9,
mp-765348,V5F11,
mp-1098485,NaMg30WO32,
mp-707289,H5C8NO2,
mp-642036,LaFe12O19,
mp-685819,Yb2TiO5,
mp-6316,Er4Si2S3O7,
mp-707095,YHSO5,
mp-1098902,SrMg30CoO32,
mp-669497,Dy5Cl11,
mp-863423,SrGa12O19,
mp-706679,NaH2SO4,
mp-1098516,RbMg30CrO32,
mp-6127,BaCu(Si2O5)2,
mp-6394,RbTiAsO5,
mp-638690,Li2Y5In9,
mp-6044,Sr6B(PO4)5,
mp-6757,Ho4Si2S3O7,
mp-772108,LiTi11O20,
mp-857343,Ge7H8N2O15,
mp-1037750,YMg30CoO32,
mp-770296,La4Zn3O9,
mp-1098825,Mg30FeCO32,
mp-1098942,Mg30NiCO32,
mp-1098728,Mg30MnZnO32,
mp-1098862,Mg30ZnFeO32,
mp-1098793,Mg30ZnCoO32,
mp-1098694,RbMg30MnO32,
mp-708955,PH8C2NO4,
mp-1098413,LiMg30WO32,
mp-656859,FePH5CO8,
mp-1098856,SrMg30CuO32,
mp-779552,ZnTe2O5,
mp-762303,Li2CrSiO4,
mp-6268,KTiPO5,
mp-778950,Cs3NO4,
mp-769059,Li3NbS4,
mp-769038,Li3NbS4,
mp-763399,Li2Co2(SiO3)3,
mp-763270,NiP4O11,
mp-763263,FeP4O11,
mp-705039,K3CrC5N6O,
mp-684111,Eu3Sb4S9,
mp-1098750,HfMg30MnO32,
mp-1098914,Mg30FeSnO32,
mp-1098599,Mg30BiCO32,
mp-1098684,NaMg30MnO32,
mp-24446,LiH2SO4,
mp-1098438,CeMg30BO32,
mp-1098843,Mg30TiCuO32,
mp-1098844,Mg30VCuO32,
mp-648999,Nb5P3,
mp-1040416,CsMg30TiO32,
mp-1040397,Mg30TiBiO32,
mp-1040392,BaMg30TiO32,
mp-1040389,BaMg30TiO32,
mp-1040383,Mg30TiCO32,
mp-1040382,Mg30TiNbO32,
mp-1040370,SrMg30TiO32,
mp-1038632,BaMg30BiO32,
mp-1038619,SrMg30CO32,
mp-1038540,Mg30NbCdO32,
mp-1037905,BaCaMg30O32,
mp-1037899,CaMg30NbO32,
mp-1037257,Mg30VCoO32,
mp-1036714,HfMg30VO32,
mp-622353,La4(CoO3)3,
mp-621921,K3Fe(CN)6,
mp-861136,Li2FeP3O10,
mp-646605,SrNi2Te3(ClO4)2,
mp-772436,Li2AlFeO4,
mp-646431,SrCo2Te3(ClO4)2,
mp-707803,Cs2H4RuNCl5O3,
mp-680696,Nb3TlVCl11,
mp-680682,K3Ga13,
mp-762535,Li2Fe2(SiO3)3,
mp-764390,NaNi4H9(CO5)3,
mp-780463,Ti11BeO20,
mp-680300,Mo3N2Cl11,
mp-772320,Li2CoSiO4,
mp-707312,SrH6C2S2N2O3,
mp-1074,RbSi,
mp-642316,CuBi5PbS9,
mp-695056,Na6CaZr(SiO3)6,
mp-762082,ThH10N4O17,
mp-767592,Li3V(SiO3)3,
mp-652200,C2IO,
mp-1098928,SrMg30NiO32,
mp-650510,AgC3N3O,
mp-761420,LiCrPO5,
mp-761406,Li2CrSiO4,
mp-761362,LiVPO5,
mp-779518,BaP4O11,
mp-761144,Na3LiSbP2O9,
mp-779413,BaP4O11,
mp-24279,AlH36C12S6(IO2)3,
mp-770729,Li2AlFeO4,
mp-779358,Na3VO4,
mp-760273,LiAg2F5,
mp-779261,Nb(BO2)5,
mp-761305,LiFe(Si2O5)2,
mp-774482,KLiTi2(PO5)2,
mp-642250,LaFe12O19,
mp-763838,Na2LiCaVP2O9,
mp-763837,Na2SrLiVP2O9,
mp-680689,SrTi2O5,
mp-735063,H7CSN3O4,
mp-740731,Al2H12(SeO5)3,
mp-770575,LiCrPO4F,
mp-867626,Tl3Os3O10,
mp-762188,Li2VP3O10,
mp-760230,Bi5O4F7,
mp-766983,LiCa2Nb3O10,
mp-680388,ZnCuTeCl2O3,
mp-27233,SrAl,
mp-760088,MgTi23O40,
mp-680301,K3AsO4,
mp-773975,Li9Fe23O32,
mp-735567,VAs2H4O9,
mp-733508,SmH5(SeO4)2,
mp-680197,KAgC2(SN)2,
mp-735483,Na3LiMo2(H6O7)2,
mp-1098609,HfMg30BiO32,
mp-3764,Te3P2O11,
mp-626570,FeHO2,
mp-679975,KGaO2,
mp-626573,FeHO2,
mp-626362,FeHO2,
mp-863910,CoTe2O5,
mp-1098794,Mg30ZnNiO32,
mp-623670,Ce5C2Br9,
mp-606312,InP3(HO5)2,
mp-759356,AlH3NCl3,
mp-722269,AlP3(HO5)2,
mp-1098909,Mg30NbCoO32,
mp-1038310,Mg30AlCuO32,
mp-721707,H6C3N4O3,
mp-759161,H21C6N2Cl3,
mp-669313,Cs3Nb2S11,
mp-721314,NaH2SO4,
mp-758916,Ga2P3H12(NO4)3,
mp-766345,Y5O4F7,
mp-721279,H3SNO3,
mp-773494,CsH5S2(NO3)2,
mp-773491,RbH2SNO3,
mp-775459,CrP4O11,
mp-766269,ZnPH5C2N4O3,
mp-763472,Li4VP2O9,
mp-766204,ZnPH5C2N4O3,
mp-1098946,Mg30VSnO32,
mp-777807,Li2VF5,
mp-693340,Al4Zn4P8H13N3O32,
mp-720644,PH9(NO2)2,
mp-763406,Li2Co2(SiO3)3,
mp-690978,La5Ti6S3(ClO5)3,
mp-723378,KAlH6(OF3)2,
mp-1098950,SrMg30VO32,
mp-1098791,RbMg30FeO32,
mp-29922,Sb5PO10,
mp-23256,BCl,
mp-28636,Os2(CO)7,
mp-504540,Na11U5O16,
mp-23410,Nb3Se12I,
mp-27163,Ga(Ag3Se2)3,
mp-640908,Fe12PbO19,
mp-27235,H5N2F,
mp-30123,Hg2SeO5,
mp-21751,Nb3InSe12,
mp-21765,Pd17Se15,
mp-21799,Ta5P3,
mp-21801,Rb4PbO3,
mp-504944,NaP(HO2)2,
mp-30229,Tb5C2Br9,
mp-30236,TlAsSe2,
mp-31289,Bi5NO10,
mp-21949,K4PbO3,
mp-27374,NaAsSe2,
mp-30280,K4(TiTe3)3,
mp-30308,TlAuF6,
mp-23883,Be2BHO4,
mp-505227,NiP4O11,
mp-31356,Sr3MoN4,
mp-29070,La5C2Br9,
mp-24109,NaP(HO2)2,
mp-29097,Hg3TeBr4,
mp-29102,Hg3TeCl4,
mp-24160,BH3NF3,
mp-505436,CuP4O11,
mp-24179,KH6C2S2NO4,
mp-29124,Se2NCl5,
mp-29143,Na3VS4,
mp-27673,TaPS6,
mp-27687,LiP7,
mp-30529,B5H11,
mp-29267,Sn5Sb2S9,
mp-29295,Sr3Sb4S9,
mp-27845,CaSe2O5,
mp-22574,HgP14Pb,
mp-29383,KGaSb2,
mp-29401,Er5C2Br9,
mp-29416,Pr5C2Br9,
mp-4066,KGaO2,
mp-559109,ErGeBiO5,
mp-561218,KP2Au5S8,
mp-567081,MnP4O11,
mp-559128,CaTeCO5,
mp-542656,Cs2AlP3O10,
mp-534953,Ca4Ti3AlSi4O19F,
mp-567252,Nb3Se12I,
mp-1037343,Mg30ZnSiO32,
mp-1038590,Mg30NbCO32,
mp-1038038,LiMg30MnO32,
mp-555002,LiEr2S2O8F3,
mp-567407,Dy5C2Br9,
mp-1098855,YHfMg30O32,
mp-777789,Na11Bi5O16,
mp-764190,NiP4O11,
mp-763360,Li2Co2(SiO3)3,
mp-1098673,Mg30TiMnO32,
mp-1098730,Mg30MnFeO32,
mp-707424,Al2H12(SeO5)3,
mp-850511,LiFeO2,
mp-2146,KGe,
mp-763282,Li4VP2O9,
mp-1037668,YMg30TiO32,
mp-1037910,Mg30MnCrO32,
mp-1036771,Mg30VSnO32,
mp-706910,MgB2H6O7,
mp-623038,Nb5As3,
mp-684493,LiSn2P3O10,
mp-774964,Li2CrP3O10,
mp-774868,ZnP4O11,
mp-683949,AlP3(NCl3)3,
mp-1370,CsSi,
mp-767114,SnP4O11,
mp-697994,Cu3H4SO8,
mp-707466,HC2S2N(O2F3)2,
mp-850075,LiMnP3HO10,
mp-762774,LiMnPO4F,
mp-781864,LiCu2F5,
mp-733489,SbHC2NCl11,
mp-765688,LaAl12O19,
mp-648390,CoSb(CO)3,
mp-567568,SrCa2WN4,
mp-567593,KBH4(CN4)2,
mp-555080,PH7CN3O3F,
mp-567731,Nb3Se10Br3,
mp-555089,SrLi4Ca(SiO4)2,
mp-1098415,LiMg30CO32,
mp-1098462,Mg30CrSiO32,
mp-555110,AsH5C2(OF3)2,
mp-568001,AlHg2SbCl4,
mp-568031,GaHg2SbCl4,
mp-557130,Zn2TeCl2O3,
mp-1098918,Mg30CoBO32,
mp-5525,KAlO2,
mp-557154,NaGaO2,
mp-572124,SrTi2O5,
mp-557181,K3Na3(NO4)2,
mp-555182,Na2Be2(SiO3)3,
mp-572456,YbGeBiO5,
mp-557195,KCa2Nb3O10,
mp-1098848,SrMg30CuO32,
mp-572741,CsUP3O11,
mp-573066,CsC2S2N(O2F3)2,
mp-573073,Cs7Cu6F19,
mp-557395,LiC2S2N(O2F3)2,
mp-557393,K3AgC4(SN)4,
mp-1098567,Mg30CrBiO32,
mp-557420,KBaB5O9,
mp-561514,NaSrB5O9,
mp-557472,K2Be2(SiO3)3,
mp-1098587,Mg30BWO32,
mp-557493,MnP4O11,
mp-557521,PH8C2NO4,
mp-569686,La3C2I3,
mp-559607,TiTlPO5,
mp-1098847,Mg30CdCuO32,
mp-568525,Sr2SnSe5,
mp-568557,RbTaN2,
mp-557746,Zn2SeCl2O3,
mp-559648,KBC4NF9,
mp-554552,Zn3P2H2O9,
mp-1098546,BaMg30NbO32,
mp-554576,Rb2In3F11,
mp-569787,Al(BH4)3,
mp-561726,Ce4Si2S3O7,
mp-540737,ZrP2H4O9,
mp-554805,Sr3Se3(ClO4)2,
mp-558073,Sb2SeI2F11,
mp-559738,SbSNCl5,
mp-540821,NiTe2O5,
mp-568707,CsPr9Nb(Br5N2)3,
mp-1098878,HfMg30CuO32,
mp-540869,VP2H4O9,
mp-558350,Zn2TeBr2O3,
mp-568773,K3Cr(CN)6,
mp-558432,Na3P(SO)2,27.95770069
mp-1888,RbGe,
mp-569984,Cs3Au2Br11,
mp-558568,Rb2CdSiO4,
mp-1098631,Mg30AlVO32,
mp-562501,SiP3RuO11,
mp-562504,Cs2GaP3O10,
mp-558692,Sb2ClO2F11,
mp-540982,VP3(HO5)2,
mp-555532,CsBC3NOF9,
mp-1098903,SrMg30CoO32,
mp-646402,SrCo12O19,
mp-759117,Li2SbP3O10,
mp-762545,Li2FeSiO4,
mp-762534,Li2Fe2(SiO3)3,
mp-763521,LiVPO5,
mp-680266,Sm5Br11,
mp-758861,Li3AgF4,
mp-772256,LiVPO5,
mp-645301,K2CoP2WO10,
mp-720985,CaEr15Si8Se11ClO28,
mp-24180,RbH6C2S2NO4,
mp-703308,CsGaP3HO10,
mp-773389,CrP4O11,
mp-776444,KLiTi2(PO5)2,
mp-781595,CoTe2O5,
mp-699450,LiH2SNO3,
mp-605503,CrP3(HO5)2,
mp-699401,CsScAsO4F,
mp-706241,Rb8W13O43,
mp-763297,CoP4O11,
mp-779491,BaP4O11,
mp-771908,LiFePO4F,
mp-763269,NiP4O11,
mp-761606,LiMnPO5,
mp-850413,LiCrPO5,
mp-763258,FeP4O11,
mp-763251,CoP4O11,
mp-645541,ZnCoTeBr2O3,
mp-622785,FeSNO,
mp-763235,LiMnPO4F,
mp-645346,K3Cr(CN)6,
mp-675284,Lu2TiO5,
mp-604558,Co3P2H2O9,
mp-698287,YH2C4O9,
mp-644729,AgN3O4,
mp-773061,Ba6Ti7Nb9O42,
mp-773060,Ba6Ta9Ti7O42,
mp-773058,Ba6Ti7(Sb3O14)3,
mp-695439,RbTiPO5,
mp-28730,In7Cl9,
mp-672342,AsXe2O4F9,
mp-772704,CrP4O11,
mp-768476,Li3VS4,
mp-777072,LiVPO5,
mp-745164,FeP3(HO5)2,
mp-558965,Gd4Si2Se3O7,
mp-558972,KBC4NF9,
mp-565227,NaV2O5,
mp-1098917,Mg30CdCoO32,
mp-568965,CaSiN2,
mp-32102,LiMo2P2O11,
mp-559984,Rb8AlAu3O4,
mp-559985,CaP4O11,
mp-585483,SiMoP3O11,
mp-5867,K3Nb8O21,
mvc-13179,CaVBiO5,
mp-560021,AuS3(O3F)3,
mp-6285,BaNd2Ti3O10,
mp-555666,ZnS,
mp-6386,K2ZnGeO4,
mp-565353,V2Zn3TeO10,
mp-560068,Na3NO4,
mp-560077,AsSXe2(OF3)3,
mp-560105,K3Ho(SiO3)3,
mp-1098447,NaCeMg30O32,
mp-565416,Sr9Cr5O18,
mp-1098428,LiMg30CO32,
mp-541267,VAs2H4O9,
mp-560180,AsS4N5F6,
mp-570445,RbNb3VCl11,
mp-565539,K2FeF5,
mp-7214,Sr3CrN4,
mp-558504,BaZnTeCl2O3,
mp-565581,BaFe12O19,
mp-570481,Se,
mp-541460,Ce4Si2Se3O7,
mp-541459,KSnPO5,
mp-541537,K2ZnSiO4,
mp-541538,K2CdSiO4,
mp-570545,Cs2ZnFe(CN)6,
mp-560314,In2H10S3O17,
mp-8863,Ba3MoN4,
mp-541745,Rb3Nb2S11,
mp-505701,NaP2H5O8,
mp-541798,MnH4S2O9,
mp-565729,VHg4P2O9,
mp-541860,TiAs2H4O9,
mp-570607,Dy5C2I9,
mp-541956,CsTiAsO5,
mp-541975,Rb3Ta2S11,
mp-565779,Na3V(SO)2,
mp-565821,RbFeO2,
mp-1098874,Mg30CoNiO32,
mp-1098797,Mg30ZnCuO32,
mp-566313,KFeO2,
mp-556091,Cs3Ta2S11,
mp-1098851,Mg30CrCuO32,
mp-566498,K2MgP2WO10,
mp-566527,Sn2WO5,
mp-570755,KTaN2,
mp-566646,Fe12PbO19,
mp-556495,MnP4O11,
mp-571056,CsSn,
mp-556154,AsSeS3N5F6,
mp-571061,Nb3Se10Cl3,
mp-565870,VCdBiO5,
mp-560829,Na2BeSiO4,
mp-570828,AlHg2SbCl4,
mp-565911,Ni3H12C10NO6,
mp-530245,Tm2TiO5,
mp-556210,Bi2CO5,
mp-556552,K4VP2S9,
mp-530379,Tb2TiO5,
mp-571190,GaHg2SbCl4,
mp-530800,Er2TiO5,
mp-530953,Ho2TiO5,
mp-556690,CsU6F25,
mp-571293,Rb2BaNb2Se11,
mp-1038112,Mg30TiMnO32,
mp-1037239,Mg30NbCuO32,
mp-560618,FeSiP3O11,
mp-19558,KFePO4F,
mp-1098925,Mg30VNiO32,
mp-1098691,NaMg30MnO32,
mp-556339,Hg3AsO4,
mp-29994,La3C2Br3,
mp-29974,RbLi7Ge8,
mp-2048,TlTe,
mp-1098651,Mg30NbAlO32,
mp-1098760,YMg30CoO32,
mp-768440,Li3VS4,
mp-765585,Ca3Tl4O9,
mp-757546,K3Ta8O21,
mp-601388,NaCoBP2H2O9,
mp-28988,In7Br9,
mp-651005,In3Bi7(Pb2S9)2,
mp-774374,Na3FeO4,
mp-776662,LiCrPO4F,
mp-776659,LiVPO4F,
mp-767365,SnP4O11,
mp-769030,Bi5BO10,
mp-699604,CsUV3O11,
mp-757333,Al12PbO19,
mp-680410,K3Nb2S11,
mp-680400,K3Ta2S11,
mp-646538,CaCo2Te3(ClO4)2,
mp-699447,RbLiH4S2(NO3)2,
mp-721650,CaH14I10O7,
mp-767899,Li2SiNiO4,
mp-744580,ErCrHO5,
mp-766047,K5Li3Ti8(AsO5)8,
mp-775997,V3P2O11,
mp-768075,Li5Fe11O16,
mp-757909,KP(HO2)2,
mp-601383,H7CSeN3O4,
mp-697268,AgH2SNO3,
mp-757886,NdHS3O11,
mp-695960,NaZn(HO)3,
mp-1020598,Y4Si2S3O7,
mp-1040094,LiMg30CrO32,
mp-1037800,YMg30FeO32,
mp-1037756,YMg30NiO32,
mp-1036838,SrMg30NiO32,
mp-653861,K3Lu(SiO3)3,
mp-653569,Al2P2O11F,
mp-768083,Li5La3Nb14O42,
mp-1273,CsGe,
mp-19165,BaFe(Si2O5)2,
mp-505285,K2CoSiO4,
mp-13599,NaSn2F5,
mp-505342,MnCu(Te2O5)2,
mp-505318,V2Se3O11,
mp-1098827,Mg30FeCO32,
mp-14377,KTaGeO5,
mp-1098623,Mg30AlFeO32,
mp-15108,RbSnAsO5,
mp-15865,RbScAsO4F,
mp-560729,K3Zr4Ag2F23,
mp-531170,Tl4SnSe3,
mp-531195,Sr2NF,
mvc-13176,CaCr(Si2O5)2,
mp-561066,TlS,
mp-19498,KCrPO4F,
mp-19508,SrCr(Si2O5)2,
mp-19518,BaCr(Si2O5)2,
mp-19517,KVPO5,
mp-566161,K2NiP2WO10,
mvc-7447,ZnBiSbO5,
mvc-7416,MgTaBiO5,
mvc-7465,CaBiSbO5,
mvc-7448,MgAgBiO5,
mvc-7472,CaTaBiO5,
mvc-7494,ZnAgBiO5,
mvc-7459,ZnBi2O5,
mvc-7403,MgBiSbO5,
mvc-7468,ZnSnBiO5,
mvc-7449,TaZnBiO5,
mvc-7434,CaTiBiO5,
mvc-7443,MgSnBiO5,
mvc-7422,MgTiBiO5,
mvc-7480,CaBi2O5,
mvc-7497,CaAgBiO5,
mvc-7505,ZnCuBiO5,
mvc-7429,MgBi2O5,
mvc-7507,CaSnBiO5,
mvc-7457,TiZnBiO5,
mvc-7470,CaCuBiO5,
mvc-7427,MgCuBiO5,
mvc-7825,MgVBiO5,
mvc-7833,MgCrBiO5,
mvc-7851,CaCoBiO5,
mvc-7843,MgBiMoO5,
mvc-7827,MgMnBiO5,
mvc-7844,CaMnBiO5,
mvc-7834,MgCoBiO5,
mvc-7878,CaBiMoO5,
mvc-7842,MnZnBiO5,
mvc-7877,CaFeBiO5,
mvc-7845,VZnBiO5,
mvc-7920,ZnCoBiO5,
mvc-7871,CaBiWO5,
mvc-7861,ZnBiMoO5,
mvc-7860,CaCrBiO5,
mvc-7890,ZnCrBiO5,
mvc-7891,CaNiBiO5,
mvc-7948,MgNiBiO5,
mvc-7855,ZnBiWO5,
mvc-7921,MgBiWO5,
mvc-7962,MgFeBiO5,
mvc-7971,ZnNiBiO5,
mvc-7991,ZnFeBiO5,
mvc-8412,MgCu(Si2O5)2,
mvc-8457,MgSi4SnO10,
mvc-8446,ZnCu(Si2O5)2,
mvc-8440,MgTi(Si2O5)2,
mvc-8492,ZnSi4SnO10,
mvc-8521,CaSi4SnO10,
mvc-8426,TiZn(Si2O5)2,
mvc-8482,CaTi(Si2O5)2,
mvc-8645,MgCo(Si2O5)2,
mvc-8647,ZnCo(Si2O5)2,
mvc-8653,MgV(Si2O5)2,
mvc-8654,VZn(Si2O5)2,
mvc-8656,MgMn(Si2O5)2,
mvc-8650,MnZn(Si2O5)2,
mvc-8658,MgCr(Si2O5)2,
mvc-8662,ZnFe(Si2O5)2,
mvc-8651,MgSi4NiO10,
mvc-8669,MgSi4WO10,
mvc-8667,ZnCr(Si2O5)2,
mvc-8664,MgFe(Si2O5)2,
mvc-8660,ZnSi4NiO10,
mvc-8728,CaCo(Si2O5)2,
mvc-8724,CaV(Si2O5)2,
mvc-8741,ZnSi4WO10,
mvc-8739,CaMn(Si2O5)2,
mvc-8733,CaSi4NiO10,
mvc-8738,CaFe(Si2O5)2,
mvc-8820,CaSi4WO10,
mp-6189,CaCu(Si2O5)2,
mp-24281,InH36C12S6(IO2)3,
mp-698151,InP2H4NO8,
mp-23276,InCl,
mp-1037784,CaHfMg30O32,
mp-1098883,Mg30FeCuO32,
mp-1098938,Mg30NbNiO32,
mp-1098672,CaMg30NiO32,
mp-744317,K2MoH2S2O9,
mp-626058,FeHO2,
mp-765129,LiVF6,
mp-1029828,RbCrN2,
mp-757305,Li2TiP3O10,
mp-1020163,Na3Li2Al(SiO4)2,
mp-743881,K2V3P4H4O19,
mp-1029978,KRuN2,
mp-1020707,Rb2GeB4O9,
mp-1029576,RbOsN2,
mp-1029922,RbRuN2,
mp-1029852,RbMoN2,
mp-1029815,KMoN2,
mp-1029804,KMnN2,
mp-1029743,BaGeN2,
mp-1019717,CsBS3O11,
mp-1029572,CaTiN2,
mp-1019554,BaNaB5O9,
mp-1029504,KNbN2,
mp-1029497,SrGeN2,
mp-1029493,RbNbN2,
mp-1030663,CsNbN2,
mp-1030657,NaNbN2,
mp-773024,LiCa2Nb3O10,
mp-776411,LiCoPO4F,
mp-776730,Li2FeF5,
mp-16159,Pr4Si2S3O7,
mp-1098884,Mg30CoSnO32,
mp-16403,SnHgP14,
mp-16587,Dy4Si2S3O7,
mp-1098499,NaMg30CO32,
mp-1098900,RbMg30CoO32,
mp-16590,Tb4Si2S3O7,
mp-16591,Tm4Si2S3O7,
mp-1098863,YHfMg30O32,
mp-14352,KGeSbO5,
mp-1098860,Mg30ZnFeO32,
mp-14383,KGePO5,
mp-1098569,HfMg30CrO32,
mp-21991,Rh17S15,
mp-14721,KSiSbO5,
mp-14730,NaSiSbO5,
mp-14835,Nd4Si2S3O7,
mp-14836,Pr4Si2Se3O7,
mp-14837,Sm4Si2Se3O7,
mp-14862,SrCu(Si2O5)2,
mp-14912,La4Si2Se3O7,
mp-15016,Nd4Si2Se3O7,
mp-15107,KSnAsO5,
mp-15171,K2MgSiO4,
mp-2084,Si5Ir3,
mp-15437,MgP4O11,
mp-15438,ZnP4O11,
mp-15509,Yb4Si2S3O7,
mp-1323,AlF3,
mp-15897,La4Si2S3O7,
mp-1098668,CaMg30VO32,
mp-1098359,Mg30TiBO32,
mp-1098727,YMg30MnO32,
mp-14743,Ba3WN4,
mp-29426,Y5C2I9,
mp-24335,YH5(SeO4)2,
mp-4223,Na3PO4,
mp-24354,H7Se2NO6,
mp-14988,K4SnO3,
mp-24391,MgB3H15O13,
mp-28025,Sn2SO5,
mp-24464,MgH4S2O9,
mp-24465,GaP3(HO5)2,
mp-29516,Bi7RhBr8,
mp-24574,NdH5(SeO4)2,
mp-19503,MnTe2O5,
mp-24653,TiH8N2F5,
mp-19538,SrFe12O19,
mp-1098957,Mg30VCdO32,
mp-24764,AlH36C12S6(ClO2)3,
mp-777908,Li2FeBO4,
mp-28234,CaAl12O19,
mp-1098835,Mg30CuNiO32,
mp-25498,CrH36C12S6(ClO2)3,
mp-28428,K3Nb2Se11,
mp-30983,CaP4O11,
mp-1080238,MnHO2,
mp-1098395,LiCeMg30O32,
mp-1080845,CsMoN2,
mp-1080848,KVN2,
mp-1080850,RbReN2,
mp-1080849,KReN2,
mp-1098590,HfMg30WO32,
mp-1098677,CaMg30CoO32,
mp-1098676,KMg30MnO32,
mp-1098948,Mg30TiVO32,
mp-1098751,CaMg30MnO32,
mp-1095701,Mg30SnCO32,
mp-1095702,Mg30NbSnO32,
mp-1095700,Mg30CdSnO32,
mp-1095704,Mg30NbSnO32,
mp-1095705,LiMg30TiO32,
mp-1095703,Mg30CdSnO32,
mp-1095706,BaMg30SnO32,
mp-1095708,Mg30CrSnO32,
mp-1095707,Mg30CrSnO32,
mp-6236,Na2BeSiO4,
mp-640894,VInCuO5,
mp-1098841,HfMg30FeO32,
mp-1098360,Mg30TiNbO32,
mp-772228,CdP4O11,
mp-866669,Sr17(Li2Hg3)3,
mp-1096823,Al12ZnS19,
mp-699726,MnP4O11,
mp-1096923,CrFeCoNi,
mp-1098572,HfMg30CrO32,
mp-883306,LaAl12O19,
mp-1098741,Mg30MnBiO32,
mp-1098911,BaMg30CoO32,
mp-1098352,NaMg30TiO32,
mp-1098962,BaMg30VO32,
mp-1098736,Mg30MnCO32,
mp-1098218,Mg30CuSiO32,
mp-1098550,BaMg30NbO32,
mp-1098748,HfMg30AlO32,
mp-1098343,KMg30TiO32,
mp-1098461,CeHfMg30O32,
mp-1098350,CsMg30TiO32,
mp-1098937,Mg30NiBiO32,
mp-1098890,Mg30TiCoO32,
mp-1098889,LiMg30CoO32,
mp-1098582,Mg30CrBO32,
mp-1098869,YMg30CrO32,
mp-1098353,Mg30TiSiO32,
mp-1098796,Mg30TiFeO32,
mp-1098561,Mg30NbBiO32,
mp-1098675,Mg30TiMnO32,
mp-1098888,KMg30CoO32,
mp-1098605,HfMg30BO32,
mp-1098474,CsMg30SiO32,
mp-1098801,Mg30NbZnO32,
mp-1098839,Mg30CoCuO32,
mp-1098696,SrMg30MnO32,
mp-1098619,Mg30MnAlO32,
mp-1098558,Mg30CrCdO32,
mp-1098588,Mg30BWO32,
mp-1098661,Mg30MnNiO32,
mp-1098361,Mg30TiBO32,
mp-1098947,Mg30VSnO32,
mp-1098971,HfMg30NiO32,
mp-1098690,LiMg30MnO32,
mp-1098935,Mg30NiBiO32,
mp-1098346,Mg30SnCO32,
mp-1097907,MnHO2,
mp-1098811,Mg30CdFeO32,
mp-1098961,Mg30VCrO32,
mp-1098345,HfMg30SnO32,
mp-1098940,Mg30NiCO32,
mp-1098349,RbMg30TiO32,
mp-1098635,Mg30AlNiO32,
mp-1098347,Mg30SnBiO32,
mp-1098354,SrMg30TiO32,
mp-1098454,NaMg30SiO32,
mp-1098697,CsMg30MnO32,
mp-1098632,Mg30AlNiO32,
mp-1098539,SrMg30NbO32,
mp-1098656,Mg30AlCO32,
mp-1098907,Mg30FeCoO32,
mp-1098465,HfMg30SiO32,
mp-1098351,Mg30TiSiO32,
mp-1098551,Mg30NbCrO32,
mp-1098633,Mg30AlFeO32,
mp-1098581,Mg30CrCO32,
mp-1098886,Mg30CoSnO32,
mp-1098356,HfMg30TiO32,
mp-1098600,CsMg30WO32,
mp-1098866,YMg30NbO32,
mp-1098926,HfMg30CoO32,
mp-1098965,Mg30VCrO32,
mp-1098355,Mg30TiBiO32,
mp-1098573,Mg30CrCO32,
mp-1098643,Mg30AlSnO32,
mp-1097067,CsReN2,
mp-1098893,Mg30VCoO32,
mp-1098861,Mg30ZnCuO32,
mp-1098341,KMg30TiO32,
mp-1098790,Mg30VZnO32,
mp-1098637,KMg30AlO32,
mp-1098339,Mg30CuSiO32,
mp-1098804,Mg30ZnCrO32,
mp-1098789,Mg30FeSiO32,
mp-1098795,Mg30ZnCoO32,
mp-1098634,Mg30AlVO32,
mp-1098821,Mg30VZnO32,
mp-1098618,YMg30AlO32,
mp-1098585,Mg30BiBO32,
mp-1098552,BaMg30CrO32,
mp-1098876,Mg30CoNiO32,
mp-1098568,BaMg30CrO32,
mp-1098383,KMg30CrO32,
mp-1098464,HfMg30SiO32,
mp-1098772,YMg30TiO32,
mp-1098445,LaHfMg30O32,
mp-1098731,Mg30MnCrO32,
mp-1098834,HfMg30FeO32,
mp-1098589,HfMg30WO32,
mp-1098441,RbCeMg30O32,
mp-1098689,LiMg30MnO32,
mp-1098181,Mg30BCO32,
mp-1098563,HfMg30NbO32,
mp-1098521,RbMg30CO32,
mp-1098904,Mg30FeNiO32,
mp-1098930,HfMg30CoO32,
mp-1098939,Mg30SiNiO32,
mp-1098382,KMg30WO32,
mp-1098734,Mg30MnCuO32,
mp-1098414,LiMg30CrO32,
mp-1098830,Mg30NbFeO32,
mp-1098813,YMg30CrO32,
mp-1098941,Mg30CrNiO32,
mp-1098964,HfMg30NiO32,
mp-1098348,NaMg30TiO32,
mp-19441,CaCr(Si2O5)2,
mp-1098541,CsMg30BO32,
mp-1098459,Mg30CrSiO32,
mp-1098627,Mg30AlCoO32,
mp-1098519,RbMg30CO32,
mp-1098384,KMg30CrO32,
mp-1098527,CsMg30WO32,
mp-1098822,Mg30FeBiO32,
mp-1098956,BaMg30VO32,
mp-1098502,RbMg30WO32,
mp-1098607,HfMg30GaO32,
mp-1098784,KMg30FeO32,
mp-1098396,LiCeMg30O32,
mp-1098679,Mg30MnSnO32,
mp-1098517,CsCeMg30O32,
mp-1098576,Mg30NbCO32,
mp-1098817,Mg30CrFeO32,
mp-1098747,HfMg30MnO32,
mp-1098958,Mg30VCdO32,
mp-1098754,HfMg30AlO32,
mp-1098678,CaMg30CuO32,
mp-1098692,RbMg30MnO32,
mp-1098738,CaHfMg30O32,
mp-1098358,Mg30TiCrO32,
mp-1098792,Mg30ZnNiO32,
mp-1098562,Mg30NbBiO32,
mp-1098916,Mg30CdCoO32,
mp-1098812,Mg30CdFeO32,
mp-1098602,HfMg30GaO32,
mp-1098574,Mg30CrBiO32,
mp-1098342,HfMg30SnO32,
mp-1098959,Mg30VCO32,
mp-1098892,Mg30CoSiO32,
mp-1098887,KMg30CoO32,
mp-1098922,Mg30CoBiO32,
mp-1098592,Mg30BCO32,
mp-1098412,LiMg30SiO32,
mp-1098758,Mg30MnCrO32,
mp-1098945,Mg30TiVO32,
mp-1098921,Mg30CoBiO32,
mp-1098752,CaMg30MnO32,
mp-1098344,Mg30SnBiO32,
mp-1098371,HfMg30TiO32,
mp-1098960,Mg30VBiO32,
mp-1098369,Mg30TiCrO32,
mp-1098560,BaHfMg30O32,
mp-1098545,SrHfMg30O32,
mp-1098663,Mg30MnNiO32,
mp-1098497,NaMg30CO32,
mp-1098850,BaMg30CuO32,
mp-1098870,Mg30CuCO32,
mp-1098875,BaMg30CuO32,
mp-1098787,Mg30FeSiO32,
mp-1098444,LaHfMg30O32,
mp-1098463,Mg30SiBO32,
mp-1098923,Mg30CoCO32,
mp-1098390,KMg30CO32,
mp-1098443,RbCeMg30O32,
mp-1098614,HfMg30CO32,
mp-1098906,Mg30FeCoO32,
mp-1098571,Mg30NbCrO32,
mp-1098915,Mg30FeSnO32,
mp-1098968,Mg30TiSnO32,
mp-1098745,CaHfMg30O32,
mp-1098531,CsMg30CrO32,
mp-1098566,Mg30NbCdO32,
mp-1098670,Mg30MnCuO32,
mp-1098823,Mg30FeBiO32,
mp-1098949,Mg30CrNiO32,
mp-1098934,Mg30SiNiO32,
mp-1098536,SrMg30CrO32,
mp-1098871,Mg30CuCO32,
mp-1098894,Mg30TiCoO32,
mp-1098810,SrMg30FeO32,
mp-1098742,Mg30MnNbO32,
mp-1098764,YMg30VO32,
mp-1098654,Mg30NbAlO32,
mp-1098933,Mg30CdNiO32,
mp-1098788,NaMg30FeO32,
mp-1098744,Mg30MnCO32,
mp-1098695,BaMg30MnO32,
mp-1098547,SrHfMg30O32,
mp-1098671,CaMg30NiO32,
mp-1098832,Mg30CuSnO32,
mp-1098857,YMg30CO32,
mp-1098458,Mg30NbSiO32,
mp-1098910,Mg30NbCoO32,
mp-1098824,Mg30TiZnO32,
mp-1098528,CsMg30CrO32,
mp-1098723,CaMg30CrO32,
mp-1098836,Mg30CrFeO32,
mp-1098737,YMg30MnO32,
mp-1098828,HfMg30FeO32,
mp-1098669,Mg30MnCoO32,
mp-1098185,Mg30CoBO32,
mp-1098639,Mg30TiAlO32,
mp-1098815,BaMg30FeO32,
mp-1098842,Mg30CoCuO32,
mp-1098682,CaMg30CuO32,
mp-1098662,Mg30MnVO32,
mp-1098895,Mg30CoSiO32,
mp-1098740,Mg30MnNbO32,
mp-1098446,NaCeMg30O32,
mp-1098712,SrMg30MnO32,
mp-1098739,Mg30MnBO32,
mp-1098838,Mg30CuNiO32,
mp-1098377,KCeMg30O32,
mp-1098846,Mg30VCuO32,
mp-1098809,RbMg30FeO32,
mp-1098952,Mg30VSiO32,
mp-1098554,BaHfMg30O32,
mvc-16381,CaCu(Si2O5)2,
mp-1098657,Mg30AlCrO32,
mp-1098785,KMg30FeO32,
mp-1098829,Mg30NbFeO32,
mp-1098853,Mg30CrCuO32,
mp-1098666,CaMg30VO32,
mp-1098598,Mg30BiCO32,
mp-1098206,Mg30FeBO32,
mp-1098920,Mg30CrCoO32,
mp-1098357,Mg30TiCdO32,
mp-1098912,Mg30VFeO32,
mp-1098944,BaMg30NiO32,
mp-1098681,CaMg30FeO32,
mp-1098818,BaMg30FeO32,
mp-1098615,HfMg30SbO32,
mp-1098932,Mg30CdNiO32,
mp-1098746,Mg30MnBO32,
mp-1098722,CaMg30NbO32,
mp-1098816,Mg30FeBO32,
mp-1098645,Mg30AlSiO32,
mp-1098733,Mg30MnCdO32,
mp-1098612,HfMg30SbO32,
mp-1098667,Mg30MnSnO32,
mp-1098362,KCeMg30O32,
mp-1098713,Mg30AlCrO32,
mp-1098955,Mg30VCO32,
mp-1098486,NaMg30CrO32,
mp-1098849,Mg30TiCuO32,
mp-1098913,Mg30TiFeO32,
mp-1098575,Mg30CrCdO32,
mp-1098898,RbMg30CoO32,
mp-1098655,Mg30AlCO32,
mp-1098457,Mg30NbSiO32,
mp-1098802,Mg30NbZnO32,
mp-1098759,YMg30NiO32,
mp-1098954,Mg30VSiO32,
mp-1098411,LiMg30WO32,
mp-1098732,Mg30MnCdO32,
mp-1098437,CeMg30BO32,
mp-1098470,Mg30SiBO32,
mp-1098504,RbMg30CrO32,
mp-1098807,SrMg30FeO32,
mp-1098901,BaMg30CoO32,
mp-1098608,HfMg30BiO32,
mp-1098953,SrMg30VO32,
mp-1098966,Mg30TiSnO32,
mp-1098389,KMg30CO32,
mp-1098638,Mg30TiAlO32,
mp-699596,FeSiP3O11,
mp-1098771,YMg30TiO32,
mp-1098936,Mg30NbNiO32,
mp-1098867,YMg30NbO32,
mp-1098929,Mg30NiSnO32,
mp-1098943,BaMg30NiO32,
mp-1098905,Mg30VFeO32,
mp-1098908,Mg30CrCoO32,
mp-1098674,CaMg30CoO32,
mp-1098859,YMg30CO32,
mp-1098897,NaMg30CoO32,
mp-1098766,YMg30CoO32,
mp-1098780,LiMg30FeO32,
mp-1098664,Mg30MnCoO32,
mp-1098725,Mg30MnFeO32,
mp-1098803,Mg30ZnCrO32,
mp-1098665,Mg30MnVO32,
mp-1098629,Mg30AlCoO32,
mp-1098724,Mg30MnZnO32,
mp-1098538,SrMg30CrO32,
mp-1098885,Mg30FeCuO32,
mp-1098503,RbMg30WO32,
mp-1098882,HfMg30ZnO32,
mp-1098820,Mg30TiZnO32,
mp-1098763,YMg30VO32,
mp-1098564,HfMg30NbO32,
mp-1098584,Mg30CrBO32,
mp-1098621,Mg30MnAlO32,
mp-1098924,Mg30VNiO32,
mp-558967,K3Ta2S11,
mp-778715,LiMn2F5,
mp-671913,MoSe2Cl4O,
mp-603327,H3SNO3,
mp-722346,KYbP4(H4O9)2,
mp-14407,Rb7NaGe8,
mp-703352,UP2H6O7,
mp-28303,Na3SiSe4,
mp-530316,Dy2TiO5,
mp-779250,Li2FeBO4,
mp-29066,Al3Fe2Si3,143.5496601
mp-757595,H3SNO3,
mp-1029673,KCrN2,
mp-605166,KDyH2C2SO9,
mp-779174,B5SbO10,
mp-3949,K7LiSi8,
mp-950214,Cd2TeCl2O3,
mp-568817,H9C4Se2N,
mp-573465,Ag5Te2Cl,
mp-656207,Sc2H10S3O17,
mp-770856,Li2MnCrO4,
mp-586092,Li3Fe5O8,
mp-850740,Li2V3P4H4O19,
mp-1038735,CsMg30BiO32,
mp-1038688,BaSrMg30O32,
mp-1098381,KMg30WO32,
mp-556250,KSrB5O9,
mp-1098967,HfMg30VO32,
mp-1038353,Mg30AlZnO32,
mp-1036911,Mg30CoBiO32,
mp-1039932,NaLaMg30O32,
mp-1037428,YMg30CdO32,
mp-1036665,Mg30SiSnO32,
mp-1039844,HfMg30SiO32,
mp-1038674,SrHfMg30O32,
mp-1039950,CsMg30SiO32,
mp-1038610,BaMg30CO32,
mp-1039775,NaMg30BO32,
mp-1036840,Mg30CdNiO32,
mp-1038544,HfMg30WO32,
mp-1039906,SrMg30SiO32,
mp-1038644,SrMg30CO32,
mp-530251,Ti20(Sb3Se)3,
mp-1037774,YMg30NiO32,
mp-1037450,Mg30ZnCdO32,
mp-572986,Cs2Np2PO4F7,
mp-1040196,KMg30BO32,
mp-1038321,YMg30AlO32,
mp-1037159,HfMg30ZnO32,
mp-1037796,CaMg30TiO32,
mp-1037956,CaMg30ZnO32,
mp-1037121,KMg30CoO32,
mp-1038496,Mg30CdCO32,
mp-1037500,BaMg30FeO32,
mp-1036968,Mg30CoBO32,
mp-1038009,SrCaMg30O32,
mp-1038510,Mg30BWO32,
mp-1037110,Mg30ZnBiO32,
mp-1036994,Mg30FeNiO32,
mp-1037989,Mg30MnCuO32,
mp-1037023,BaMg30CoO32,
mp-1038484,Mg30CdCO32,
mp-1037367,Mg30CuNiO32,
mp-1037954,CsMg30AlO32,
mp-1036683,BaMg30SnO32,
mp-1038012,SrCaMg30O32,
mp-1037782,CaMg30BiO32,
mp-1037352,Mg30VZnO32,
mp-1039822,BaMg30SiO32,
mp-1038562,Mg30NbCdO32,
mp-1037903,CaMg30NbO32,
mp-1037092,Mg30VNiO32,
mp-1038639,BaMg30CrO32,
mp-1040270,KMg30SiO32,
mp-1036857,HfMg30CoO32,
mp-1037656,LiYMg30O32,
mp-1039690,NaMg30SbO32,
mp-1036918,HfMg30NiO32,
mp-1037659,RbYMg30O32,
mp-1038116,CaMg30NiO32,
mp-1039692,NaMg30CO32,
mp-1039943,RbMg30SiO32,
mp-1036735,Mg30VCdO32,
mp-1037593,LiMg30FeO32,
mp-1037203,YHfMg30O32,
mp-1038035,Mg30MnSiO32,
mp-1036952,Mg30CrCoO32,
mp-1037821,Mg30MnNbO32,
mp-1040009,LiMg30BiO32,
mp-1036923,Mg30CoBiO32,
mp-1037624,RbYMg30O32,
mp-1038158,Mg30MnSnO32,
mp-1038281,Mg30MnCoO32,
mp-1037390,Mg30VCuO32,
mp-1038313,Mg30MnCuO32,
mp-1039781,NaMg30WO32,
mp-1037926,Mg30MnZnO32,
mp-1037960,CaMg30CrO32,
mp-1037244,Mg30ZnFeO32,
mp-1037085,LiMg30CoO32,
mp-1039821,Mg30NbSiO32,
mp-1040346,KLaMg30O32,
mp-1038196,Mg30NbAlO32,
mp-1037199,Mg30TiNiO32,
mp-532270,Tl9SbSe6,
mp-1037149,HfMg30ZnO32,
mp-1037998,Mg30AlCdO32,
mp-1038048,BaMg30MnO32,
mp-1038042,Mg30AlCrO32,
mp-1038101,CaMg30CoO32,
mp-1037573,Mg30ZnCrO32,
mp-1040359,Mg30TiBiO32,
mp-1037838,Mg30MnNbO32,
mp-1039804,Mg30SiCO32,
mp-1040243,KMg30WO32,
mp-1037789,HfMg30MnO32,
mp-1037887,Mg30MnBO32,
mp-1037723,YMg30SnO32,
mp-1036672,SrMg30SnO32,
mp-1036730,Mg30SiSnO32,
mp-1036954,Mg30FeSnO32,
mp-1037669,CsYMg30O32,
mp-1037024,Mg30CrNiO32,
mp-1038543,Mg30CrBO32,
mp-1040126,LiLaMg30O32,
mp-1040308,Mg30TiBO32,
mp-1039916,CeHfMg30O32,
mp-1039634,RbMg30BiO32,
mp-1038023,RbMg30MnO32,
mp-1038423,Mg30BCO32,
mp-1037298,Mg30FeCuO32,
mp-1038615,BaHfMg30O32,
mp-1037306,Mg30NbCuO32,
mp-1037835,CaMg30SiO32,
mp-1038455,Mg30BiBO32,
mp-1037247,YMg30BiO32,
mp-1037924,Mg30MnZnO32,
mp-1038490,Mg30CdBiO32,
mp-1037248,Mg30CdCuO32,
mp-1038173,Mg30TiMnO32,
mp-1037730,YMg30CuO32,
mp-1037585,Mg30ZnSiO32,
mp-1037480,YMg30CrO32,
mp-1036861,BaMg30NiO32,
mp-1036802,BaMg30VO32,
mp-1039667,RbMg30CO32,
mp-1037305,Mg30FeNiO32,
mp-1038045,CaMg30FeO32,
mp-1038524,HfMg30WO32,
mp-1039763,CsMg30WO32,
mp-1037958,BaMg30AlO32,
mp-1040012,LiMg30SbO32,
mp-1036900,Mg30NiSnO32,
mp-1037103,SrYMg30O32,
mp-1038548,HfMg30NbO32,
mp-1037845,HfMg30MnO32,
mp-1038195,Mg30AlCO32,
mp-1039612,RbMg30BiO32,
mp-1037496,Mg30CoCuO32,
mp-1038546,Mg30CrBiO32,
mp-1037436,YMg30CdO32,
mp-1037925,CaMg30CrO32,
mp-1038575,Mg30NbCO32,
mp-1038368,HfMg30CO32,
mp-1037139,HfMg30CuO32,
mp-1037665,YMg30SiO32,
mp-1037074,Mg30NbNiO32,
mp-1038202,Mg30AlBiO32,
mp-1036803,Mg30VCrO32,
mp-1038002,CaYMg30O32,
mp-1037969,SrMg30AlO32,
mp-1038224,Mg30AlSnO32,
mp-1038197,RbMg30AlO32,
mp-1038272,Mg30AlCrO32,
mp-1037485,BaMg30FeO32,
mp-1040014,LiMg30BiO32,
mp-1037532,Mg30NbFeO32,
mp-1038146,KMg30MnO32,
mp-1040364,Mg30TiNbO32,
mp-1040192,KMg30SbO32,
mp-1037188,Mg30VCoO32,
mp-1036983,Mg30NbCoO32,
mp-1039740,CsMg30CrO32,
mp-1036800,Mg30TiVO32,
mp-1037072,SrYMg30O32,
mp-1037547,Mg30ZnNiO32,
mp-1039919,LaHfMg30O32,
mp-1039915,NaMg30SiO32,
mp-1037342,Mg30TiZnO32,
mp-1038199,NaMg30AlO32,
mp-1040310,Mg30TiBO32,
mp-1037595,NaYMg30O32,
mp-1040099,LiMg30BO32,
mp-1036742,Mg30VCdO32,
mp-1037038,RbMg30CoO32,
mp-1037497,Mg30ZnCoO32,
mp-1037415,Mg30FeBiO32,
mp-1039843,Mg30SiBiO32,
mp-1038308,Mg30AlCuO32,
mp-1038750,CsMg30SbO32,
mp-1038123,CaMg30NiO32,
mp-1036736,Mg30VSiO32,
mp-1037798,CaMg30BiO32,
mp-1037922,Mg30MnFeO32,
mp-1037019,SrMg30CoO32,
mp-1037160,Mg30TiCoO32,
mp-1037511,Mg30CoCuO32,
mp-1038016,CaMg30SiO32,
mp-1038089,CaMg30CuO32,
mp-1039661,RbMg30CrO32,
mp-1036825,Mg30CdNiO32,
mp-1038250,CsMg30MnO32,
mp-1038043,NaMg30MnO32,
mp-1039636,RbMg30CO32,
mp-1037310,SrMg30CuO32,
mp-1036860,HfMg30CoO32,
mp-1037964,CaMg30ZnO32,
mp-1038355,HfMg30SbO32,
mp-1040307,Mg30TiCdO32,
mp-1037204,Mg30ZnCuO32,
mp-1037466,Mg30NbZnO32,
mp-1039966,RbCeMg30O32,
mp-1036758,SrMg30VO32,
mp-1039913,LaMg30BO32,
mp-1040341,KCeMg30O32,
mp-1039695,NaMg30GaO32,
mp-1039892,Mg30CrSiO32,
mp-1040157,LiMg30SiO32,
mp-1038630,SrMg30CdO32,
mp-1036762,Mg30NbVO32,
mp-1037676,Mg30FeSiO32,
mp-1038446,HfMg30GaO32,
mp-1037344,Mg30FeCO32,
mp-1038570,Mg30CrCdO32,
mp-1037737,YMg30VO32,
mp-1039854,Mg30NbSiO32,
mp-1038638,Mg30CrBiO32,
mp-1040200,KMg30BiO32,
mp-1036993,Mg30FeCoO32,
mp-1038125,CaMg30VO32,
mp-1037359,Mg30ZnSnO32,
mp-1036731,HfMg30VO32,
mp-1040079,LiMg30CrO32,
mp-1039914,BaMg30SiO32,
mp-1039623,RbMg30SbO32,
mp-1039999,NaLaMg30O32,
mp-1037499,HfMg30FeO32,
mp-1038117,CaMg30CoO32,
mp-1037258,Mg30CoSnO32,
mp-1038710,CsMg30GaO32,
mp-1036693,SrMg30SnO32,
mp-1038723,SrMg30CrO32,
mp-1037801,YMg30FeO32,
mp-1037628,NaMg30FeO32,
mp-1037859,Mg30MnCdO32,
mp-1037331,Mg30CdCuO32,
mp-1038436,Mg30BSbO32,
mp-1036757,Mg30VSiO32,
mp-1037357,Mg30FeCuO32,
mp-1037254,YMg30CrO32,
mp-1038365,Mg30MnAlO32,
mp-1038704,SrMg30CdO32,
mp-1040172,KMg30GaO32,
mp-582976,MoP2NCl12,
mp-555595,KCu3S2ClO9,
mp-1038385,Mg30AlFeO32,
mp-1037189,Mg30CoNiO32,
mp-1038513,Mg30CrBO32,
mp-1038613,BaMg30BiO32,
mp-1037462,Mg30NbZnO32,
mp-1037768,CaMg30MnO32,
mp-1037391,Mg30CdFeO32,
mp-1037022,NaMg30CoO32,
mp-1038013,BaCaMg30O32,
mp-1038568,Mg30NbBiO32,
mp-1039625,CsMg30BO32,
mp-1038225,CsMg30AlO32,
mp-1038444,HfMg30GaO32,
mp-1036804,Mg30TiVO32,
mp-1037884,Mg30MnCO32,
mp-1038443,HfMg30CdO32,
mp-1039875,Mg30CrSiO32,
mp-1037402,Mg30CdFeO32,
mp-1040333,Mg30TiCO32,
mp-1040356,SrMg30TiO32,
mp-1038189,Mg30AlCO32,
mp-1037312,BaMg30CuO32,
mp-1037137,Mg30CoSiO32,
mp-1038040,SrMg30MnO32,
mp-1038159,CaMg30CuO32,
mp-1038154,Mg30MnSnO32,
mp-1036764,Mg30NiCO32,
mp-1036772,Mg30VCrO32,
mp-1040361,LiMg30TiO32,
mp-1038188,Mg30AlBO32,
mp-1037237,YHfMg30O32,
mp-1037825,Mg30MnCdO32,
mp-1040035,LiMg30SbO32,
mp-1036988,Mg30CrCoO32,
mp-32092,LiMoPO5,
mp-1037722,HfMg30AlO32,
mp-1038039,Mg30MnSiO32,
mp-1036839,SrMg30NiO32,
mp-1040266,KMg30CrO32,
mp-1038709,CsMg30GaO32,
mp-1037799,Mg30TiFeO32,
mp-1037717,HfMg30AlO32,
mp-1038567,Mg30CrCO32,
mp-1039918,LaHfMg30O32,
mp-1037542,Mg30FeBO32,
mp-1039856,Mg30CdSiO32,
mp-1038312,Mg30AlZnO32,
mp-1037255,Mg30CoSnO32,
mp-1037604,KMg30FeO32,
mp-1036919,Mg30CdCoO32,
mp-1036880,Mg30CoCO32,
mp-1037325,Mg30CuSnO32,
mp-1038118,CaMg30SnO32,
mp-1038248,Mg30MnNiO32,
mp-1037572,SrMg30FeO32,
mp-1039672,RbMg30BO32,
mp-1037605,CsMg30FeO32,
mp-1040324,KLaMg30O32,
mp-1038314,Mg30AlNiO32,
mp-1037955,Mg30AlBO32,
mp-1040299,HfMg30TiO32,
mp-1037951,CaMg30CdO32,
mp-1037552,Mg30CrFeO32,
mp-1036904,Mg30SiNiO32,
mp-1039782,NaMg30WO32,
mp-1037531,Mg30CrFeO32,
mp-1037135,Mg30CuCO32,
mp-1036879,Mg30CrNiO32,
mp-1037802,CaMg30MnO32,
mp-1040199,KMg30CO32,
mp-1036732,Mg30VBiO32,
mp-1037565,NaMg30FeO32,
mp-1037040,RbMg30CoO32,
mp-1038214,Mg30NbAlO32,
mp-1038115,KMg30MnO32,
mp-1038346,CaMg30AlO32,
mp-1037733,YMg30ZnO32,
mp-1038732,CsMg30SbO32,
mp-1036878,Mg30VCO32,
mp-1038011,NaMg30MnO32,
mp-1038358,Mg30AlNiO32,
mp-1039951,RbCeMg30O32,
mp-1039783,NaMg30GaO32,
mp-1037419,Mg30FeBiO32,
mp-1040242,KMg30WO32,
mp-1037157,Mg30CoSiO32,
mp-1037374,Mg30ZnSnO32,
mp-1037501,Mg30NbFeO32,
mp-1037752,YMg30CoO32,
mp-1036835,BaMg30NiO32,
mp-1037328,Mg30CuSiO32,
mp-1040029,RbLaMg30O32,
mp-1038366,HfMg30BiO32,
mp-1040182,KMg30CO32,
mp-1040003,LaMg30BO32,
mp-1040051,LiMg30GaO32,
mp-1037138,HfMg30CuO32,
mp-1039992,CsLaMg30O32,
mp-1037441,HfMg30FeO32,
mp-1038425,Mg30BiCO32,
mp-1039719,NaMg30CO32,
mp-1037464,Mg30ZnCdO32,
mp-1037959,YMg30MnO32,
mp-1037944,CaMg30CO32,
mp-1037122,Mg30TiCoO32,
mp-1037086,LiMg30CoO32,
mp-1037844,Mg30MnCrO32,
mp-1036912,Mg30CoCO32,
mp-1036975,Mg30NbCoO32,
mp-1038085,SrMg30MnO32,
mp-1036805,BaMg30VO32,
mp-1037498,Mg30FeCO32,
mp-1038205,Mg30AlBiO32,
mp-1038339,Mg30AlVO32,
mp-1036755,Mg30VBiO32,
mp-1037929,CaMg30CO32,
mp-1037183,Mg30CuBiO32,
mp-1036997,Mg30VFeO32,
mp-1037502,Mg30ZnCrO32,
mp-1038124,CaMg30FeO32,
mp-1037256,HfMg30NiO32,
mp-1039576,CsMg30BiO32,
mp-1037229,YMg30CO32,
mp-1040240,KCeMg30O32,
mp-1037175,Mg30CoNiO32,
mp-1038569,HfMg30CrO32,
mp-1036823,Mg30NiCO32,
mp-1037735,YMg30VO32,
mp-1037957,SrMg30AlO32,
mp-1038625,BaMg30CO32,
mp-1038167,Mg30MnVO32,
mp-1038379,Mg30AlFeO32,
mp-1039670,RbMg30WO32,
mp-1037409,Mg30CuSiO32,
mp-1038483,Mg30BiBO32,
mp-1037361,Mg30TiCuO32,
mp-1038168,Mg30MnVO32,
mp-1037716,YMg30CuO32,
mp-1039633,CsMg30CrO32,
mp-1038429,Mg30BSbO32,
mp-1038203,RbMg30AlO32,
mp-1038287,Mg30MnCoO32,
mp-1037841,Mg30MnBiO32,
mp-1037015,NaMg30CoO32,
mp-1037608,SrMg30ZnO32,
mp-1037209,YMg30NbO32,
mp-1039959,NaMg30SiO32,
mp-1040064,LiMg30CO32,
mp-1037710,KYMg30O32,
mp-1039945,RbMg30SiO32,
mp-1037632,NaYMg30O32,
mp-1037670,YMg30SiO32,
mp-1038378,HfMg30BO32,
mp-1037596,RbMg30FeO32,
mp-1038596,HfMg30CrO32,
mp-1039876,Mg30SiBO32,
mp-1036927,Mg30CdCoO32,
mp-1037601,BaMg30ZnO32,
mp-1038595,Mg30CrCdO32,
mp-1038238,Mg30TiAlO32,
mp-1038409,Mg30MnAlO32,
mp-1037407,Mg30CuNiO32,
mp-1038690,BaMg30CrO32,
mp-1039624,RbMg30GaO32,
mp-1037872,CaMg30TiO32,
mp-1040321,Mg30TiCdO32,
mp-1038037,LiMg30MnO32,
mp-1037549,Mg30VCuO32,
mp-1039936,NaCeMg30O32,
mp-1038612,BaMg30CdO32,
mp-1039949,CeHfMg30O32,
mp-1037661,LiYMg30O32,
mp-1039784,HfMg30SiO32,
mp-1037039,Mg30FeCoO32,
mp-1038514,HfMg30CdO32,
mp-1040241,KMg30CrO32,
mp-1037463,Mg30ZnCO32,
mp-1039607,RbMg30GaO32,
mp-1037606,Mg30FeSiO32,
mp-1039742,NaMg30BiO32,
mp-1037563,Mg30VZnO32,
mp-1038234,KMg30AlO32,
mp-1040245,KMg30SiO32,
mp-1037012,CsYMg30O32,
mp-1036766,SrMg30VO32,
mp-1037834,CaMg30SnO32,
mp-1037787,CaHfMg30O32,
mp-1039609,RbMg30SbO32,
mp-1037725,YMg30ZnO32,
mp-1037840,Mg30MnBiO32,
mp-1037154,Mg30CuBiO32,
mp-1039698,NaMg30BiO32,
mp-1037843,BaMg30MnO32,
mp-1038450,HfMg30BO32,
mp-1037486,Mg30ZnCuO32,
mp-1036956,Mg30SiNiO32,
mp-1037212,Mg30ZnFeO32,
mp-1039674,RbMg30BO32,
mp-1040233,KMg30BiO32,
mp-1037970,Mg30AlCdO32,
mp-1040095,LiMg30WO32,
mp-1038594,Mg30NbCrO32,
mp-1038428,Mg30GaBO32,
mp-1038517,Mg30BWO32,
mp-1037017,SrMg30CoO32,
mp-1040209,KMg30GaO32,
mp-1038325,YMg30AlO32,
mp-1039964,CsCeMg30O32,
mp-1039978,RbLaMg30O32,
mp-1037996,CaYMg30O32,
mp-1037070,Mg30VFeO32,
mp-1036724,Mg30TiSnO32,
mp-1037311,Mg30TiCuO32,
mp-1037059,Mg30NbNiO32,
mp-1038676,BaMg30NbO32,
mp-1037678,KYMg30O32,
mp-1040138,LiMg30SiO32,
mp-1037420,Mg30FeBO32,
mp-1037611,BaMg30ZnO32,
mp-1037235,YMg30BiO32,
mp-1038552,Mg30NbBiO32,
mp-1039737,NaMg30CrO32,
mp-1040082,LiMg30WO32,
mp-1038333,HfMg30CO32,
mp-28740,SrTi11O20,
mp-1037598,SrMg30ZnO32,
mp-1037021,Mg30VNiO32,
mp-1036721,Mg30TiSnO32,
mp-1038482,Mg30BCO32,
mp-1037362,Mg30TiZnO32,
mp-1039724,RbMg30CrO32,
mp-1037533,Mg30ZnNiO32,
mp-1038206,NaMg30AlO32,
mp-1038237,Mg30TiAlO32,
mp-1038258,Mg30AlSnO32,
mp-1040015,CsLaMg30O32,
mp-1038614,BaHfMg30O32,
mp-1040135,LiMg30BO32,
mp-1037184,BaYMg30O32,
mp-1038657,SrMg30BiO32,
mp-1037618,RbMg30FeO32,
mp-1036765,Mg30NbVO32,
mp-1040140,LiLaMg30O32,
mp-1038678,SrMg30BiO32,
mp-1038212,Mg30AlSiO32,
mp-1038408,Mg30AlVO32,
mp-1038357,HfMg30BiO32,
mp-1038427,Mg30GaBO32,
mp-1037136,KMg30CoO32,
mp-1037458,SrMg30FeO32,
mp-1038611,BaMg30CdO32,
mp-1040007,LiMg30CO32,
mp-1037677,LiMg30FeO32,
mp-1040156,LiCeMg30O32,
mp-1037674,YMg30TiO32,
mp-1037200,YMg30NbO32,
mp-1038344,Mg30AlCoO32,
mp-1037288,Mg30CrCuO32,
mp-1038363,HfMg30SbO32,
mp-1038437,Mg30BiCO32,
mp-1038319,CaMg30AlO32,
mp-1040304,HfMg30TiO32,
mp-1037934,CaMg30CdO32,
mp-1038204,LiMg30AlO32,
mp-1039675,NaMg30SbO32,
mp-1037599,KMg30FeO32,
mp-1038136,CaMg30VO32,
mp-1037251,BaMg30CuO32,
mp-1038660,Mg30NbCrO32,
mp-1039816,Mg30SiCO32,
mp-1038702,SrMg30NbO32,
mp-1038708,BaSrMg30O32,
mp-1038041,CsMg30MnO32,
mp-1039944,NaCeMg30O32,
mp-1038340,Mg30AlCoO32,
mp-1037109,Mg30ZnBiO32,
mp-1036955,Mg30FeSnO32,
mp-1039820,Mg30SiBO32,
mp-1037360,Mg30CuSnO32,
mp-1039905,SrMg30SiO32,
mp-1038542,Mg30CrCO32,
mp-1036763,Mg30VSnO32,
mp-1037846,YMg30MnO32,
mp-1037482,Mg30ZnCoO32,
mp-1036996,Mg30TiFeO32,
mp-1036759,Mg30VCO32,
mp-1036978,BaMg30CoO32,
mp-1037467,Mg30TiNiO32,
mp-1039764,NaMg30CrO32,
mp-1037241,YMg30CO32,
mp-1038705,SrMg30NbO32,
mp-1037731,YMg30SnO32,
mp-1036845,Mg30NiBiO32,
mp-1036995,Mg30CoBO32,
mp-1037433,YMg30BO32,
mp-1039962,CeMg30BO32,
mp-1039958,CeMg30BO32,
mp-1037082,BaYMg30O32,
mp-1037249,SrMg30CuO32,
mp-1040205,KMg30BO32,
mp-1039831,Mg30CdSiO32,
mp-1038545,HfMg30NbO32,
mp-1038200,BaMg30AlO32,
mp-1037190,Mg30NiSnO32,
mp-1038247,Mg30AlSiO32,
mp-1038488,Mg30CdBiO32,
mp-1037198,YMg30BO32,
mp-1040143,LiCeMg30O32,
mp-1039851,Mg30SiBiO32,
mp-1040052,LiMg30GaO32,
mp-1040090,CsCeMg30O32,
mp-1039694,RbMg30WO32,
mp-1037287,Mg30CrCuO32,
mp-1037923,Mg30MnFeO32,
mp-1038171,Mg30MnNiO32,
mp-1038744,SrMg30CrO32,
mp-1038036,RbMg30MnO32,
mp-1039794,NaMg30BO32,
mp-1036862,Mg30NiBiO32,
mp-1040167,KMg30SbO32,
mp-1037140,Mg30CuCO32,
mp-1038227,LiMg30AlO32,
mp-572156,CuP4O11,
mp-649781,MnP4O11,
mp-1037091,Mg30ZnCO32,
mp-868269,Mn3As(HO2)4,
mp-698573,FeBi25O39,
mp-685945,Er14Ti10O41,
mp-672392,Dy(FeSn)6,
mp-775842,Bi24B2O39,
mp-685833,Sc14Cu14O37,
mp-849761,GaBi25O39,
mp-720657,Na7Li4Yb5C12O37,
mp-682554,FeCu4Re14(Mo3S20)2,
mp-766028,K4Li5Ti8(PO5)8,
mp-997523,K(WO3)3,
mp-676987,Yb14Ti10O41,
mp-761437,FeBi25O39,
mp-760121,Bi12Rh12O41,
mp-759526,Bi2O3,
mp-775575,Rb2CoB12(H2O3)10,
mp-735580,K9Mg3Nb5(PO5)8,
mp-686308,Na6Ga5Si7H15O32,
mp-684997,Ni23Te42,
mp-569932,Tl7(Ag18Te11)2,
mp-676167,Tb14Ti10O41,
mp-761629,Li17V16O32,
mp-675768,Dy14Ti10O41,
mp-708015,Na2CuH20C12(N2O3)6,
mp-541566,K2MgB12(H2O3)10,
mp-759766,Bi25BO39,
mp-766249,Bi24Br10O31,
mp-531130,TlBi25O39,
mp-699474,Sc2Cu3H36(NF)12,
mp-705827,Li2(NiO2)21,
mp-767845,NiH36C12S6(I2O3)2,
mp-768330,Sn2P2O7,
mp-699232,Mg7P2(HO2)8,
mp-850513,H12PtC6(N3O4)2,
mp-765035,Fe(Bi5O8)5,
mp-775491,Li3Mn5(CoO6)2,
mp-772486,Lu2Sb2O7,
mp-772137,Er2Sb2O7,
mp-849364,Li2Mn2P2(H4O5)3,
mp-772090,Li4Ti9O20,
mp-764893,Li2MnV(P2O7)2,
mp-617603,Na2MnCrF7,
mp-764704,Li2MnV(P2O7)2,
mp-765423,Li3(FeO3)2,
mp-767633,Li4Ti9O20,
mp-849955,Li3Mn5(FeO6)2,
mp-775485,Bi3PO7,
mp-767351,V5(P3O11)2,
mp-765301,Li4TiCr5O12,
mp-778403,LiMn2(BO3)2,
mp-778374,LiMn2(BO3)2,
mp-764318,Li2VFe(P2O7)2,
mp-764165,Li2TiMn2O6,
mp-662583,CaCeC2O6F,
mp-763779,Li2Mn3O6,
mp-780448,Ho2Sb2O7,
mp-861394,Li2Si2NiO6,
mp-777246,LiMn2(BO3)2,
mp-762660,Li2(NiO2)3,
mp-764299,Li2VFe(P2O7)2,
mp-764289,Li2VCr(P2O7)2,
mp-781497,LiMn2(BO3)2,
mp-505403,K2WO8,
mp-781062,LiMn2(BO3)2,
mp-781008,Li2MnV(P2O7)2,
mp-779622,Be2P2O7,
mp-685008,Ba20As13,
mp-762315,Li2Cr(SiO3)2,
mp-863911,Li2Fe(SiO3)2,
mp-863888,Li2Fe(SiO3)2,
mp-861149,Li3Ni2(PO3)7,
mp-1019523,Ba3NaY3(Si3O10)2,
mp-941221,Li(BH)5,16
mp-775449,Li2Mn(SiO3)2,
mp-704604,Zr(MoO4)2,
mp-767575,Li2V(SiO3)2,
mp-780145,Li11Mn6O16,
mp-863005,Ca2Al2Si6SnO22,
mp-997542,Li3Fe2(PO3)7,
mp-997540,Li3Fe2Ni5O12,
mp-761432,NaNi3P4H8NO16,
mp-687090,Hf(MoO4)2,
mp-779778,LiFePCO7,
mp-642625,Hg12SbBr(ClO3)2,
mp-779590,La3PO7,
mp-705867,NaFe8F24,
mp-779335,LiMn2(BO3)2,
mp-705636,Li3Mn10O20,
mp-766931,Li2Si2NiO6,
mp-778762,LiMn2(BO3)2,
mp-763718,Li2Mn(SiO3)2,
mp-680172,CdI2,
mp-863901,Li2V(SiO3)2,
mp-680211,Cu9Se4(Cl3O7)2,
mp-763624,Li2Fe(SiO3)2,
mp-763657,V3Zn7H3SO19,
mp-759001,Mg2Cu2P2(H4O5)3,
mp-677212,Ba3LiTa3Ti5O21,
mp-769437,P5(WO6)4,
mp-761980,Co(Bi5O8)5,
mp-766208,Ba3LiTi5Nb3O21,
mp-763443,Li2Co(SiO3)2,
mp-777749,Y2Sb2O7,
mp-850983,Li2V2P2(H4O5)3,
mp-766108,Ba3LiTi5(SbO7)3,
mp-17420,SmC10,
mp-17674,SrC10,
mp-21836,K2In12Se19,
mp-29013,Ca14Si19,
mp-18027,BaC10,
mp-29094,Nd3PO7,
mp-505490,Rb4SnSb6,
mp-3153,Na4Ge9O20,
mp-31617,Co5(P3O11)2,
mp-567119,K2NiH12(C2O7)2,
mp-556936,CsBa(BO2)3,
mp-651279,Co4Si(CO)14,
mp-767265,V(Bi5O8)5,
mp-675231,Y2Zr9O22,
mp-740696,TeH18(Br3O4)2,
mp-763830,Li3Ti2Mn5O12,
mp-608769,Hf(MoO4)2,
mp-769138,Dy2Sb2O7,
mp-760046,LiPH21S3N7,
mp-680204,SiO2,
mp-766885,Sb3PO7,
mp-762746,Li2Fe2SiO6,
mp-559451,BaCeC2O6F,
mp-559502,Ba3NaNd3(Si3O10)2,
mp-572271,Cs3P7Pb2O21,
mp-554085,Te(CF4)2,
mp-557785,MnH21C7S3N,
mp-31872,Fe5(P3O11)2,
mp-555356,Ba13Dy8Zn4Pt4O37,
mp-555363,Na2Cd(SiO3)2,
mp-581000,EuC10,
mp-554828,Na2Be(GeO3)2,
mp-581229,Gd2Ge2O7,
mp-562121,Mn2Sb2O7,
mp-559854,La8Ru4O21,
mp-582753,Tl2Te,
mp-705599,Cr2P2O7,
mp-676874,Dy2Ti2O7,
mp-761745,SrCd2H16(Br3O4)2,
mp-720825,NaPH4O5,
mp-699455,Al3P3H9C3NO14,
mp-777663,LiMn2(BO3)2,
mp-777662,LiMn2(BO3)2,
mp-622901,Co6C13(SO6)2,
mp-761485,Li2Mn(SiO3)2,
mp-772829,Ba6Li2Ti7(Sb3O14)3,
mp-762753,Li3Mn5(NiO6)2,
mp-706566,Co6C13(SeO6)2,
mp-32359,Ni5(P3O11)2,
mp-570311,K4Sr2SnAs4,
mp-542891,ZnAu2(CN)4,
mp-556013,Na2Be(SiO3)2,
mp-560438,Na2Be(SiO3)2,
mp-542331,Zn2P2O7,
mp-566281,NiAs2S6(NF3)6,
mp-566394,NiAs2S6(OF)12,
mvc-13192,CaV2CuO7,
mp-566470,Rb6U2Mo4O21,
mp-566558,Ni(XeF7)4,
mp-560579,Na2MnCrF7,
mp-556327,K2HgC2S2(BrN)2,
mp-554473,Na2MnGaF7,
mp-703593,ZnP2(HO3)2,
mp-30029,Ga3Ni13Ge6,
mp-744190,K2Mo2H12C4N(OF3)3,
mp-686745,Ba3LiTi5Nb3O21,
mp-705562,Mo4P5O24,
mp-699606,Sb3WC6O6F17,
mp-777990,Tm2Sb2O7,
mp-780898,Li3Mn2(PO3)7,
mp-763158,Mn(Bi5O8)5,
mp-757224,Th4P6O23,
mp-531317,P4N6O,
mvc-6290,MgCuSb2O7,
mvc-6237,CaCuSb2O7,
mvc-6250,CaTa2CuO7,
mvc-6490,V2ZnCuO7,
mvc-6425,MgV2CuO7,
mvc-6714,MgCuMo2O7,
mvc-6640,CaCuW2O7,
mvc-6675,ZnCuMo2O7,
mvc-6738,MgCuW2O7,
mvc-6749,ZnCuW2O7,
mvc-6898,CaCuMo2O7,
mvc-6899,CaCr2CuO7,
mvc-6309,ZnCuBi2O7,
mvc-6330,CaCuBi2O7,
mvc-6276,MgCuBi2O7,
mp-709058,K3ErH9(C3O7)2,
mp-740757,Mg2Cu2P2(H4O5)3,
mp-695259,Ba3LiTi5(SbO7)3,
mp-757560,Li3Sn2(PO3)7,
mp-765056,Li2VCr(P2O7)2,
mp-765247,Li4Ti5VO12,
mp-773084,Ba6Li2Ti7Nb9O42,
mp-773118,Ba6Li2Ta9Ti7O42,
mp-1721,CsC10,
mp-16791,KC10,
mp-16975,RbC10,
mp-30962,K4Ge9O20,
mp-565371,K2MoO8,
mp-1096911,CrN2,
mp-653612,Na2MnGaF7,
mp-1098017,Ba3NaEu3(Si3O10)2,
mp-759862,SrCd2H16(Cl3O4)2,
mp-850522,LiMn2(BO3)2,
mp-647252,ZnAu2(CN)4,
mvc-6679,ZnCr2CuO7,
mp-781624,Zn2As2O7,
mp-778333,LiMn2(BO3)2,
mp-850914,Li4CrF6,
mvc-6623,MgCr2CuO7,
mp-570037,CoAu2(CN)4,
mp-601342,Na4TeH10(SeO8)2,
mp-734836,ZnH12C6S2(N5O)2,
mp-763857,Li2VCr(P2O7)2,
mp-707645,Na2Ca3B5H2S2ClO18,
mp-31954,Mn5(P3O11)2,
mvc-6285,ZnCuSb2O7,
mp-531980,Tl4Ag18Te11,
mvc-6298,MgTa2CuO7,
mvc-6319,Ta2ZnCuO7,
mp-705036,Mn5(P3O11)2,
mp-705342,Fe5(P3O11)2,
mp-698670,Sr14Fe14O39,
mp-850874,Cr19O48,
mp-773728,Li5V18O44,
mp-674423,Sr20Ta8O39,
mp-763743,Li19Cr4P8O35F,
mp-863766,Fe32O35,
mp-774029,Mn7Cr12O48,
mp-766869,V2Bi24O41,
mp-684619,Pr27Se40,
mp-19529,W18O49,
mp-685259,Y16Ti16O35,
mp-707206,TeP6H30(NO4)6,
mp-567091,W18O49,
mp-780521,Cr19O48,
mp-853216,Ti7Cr12O48,
mp-765640,Sm3Ta17O47,
mp-530144,Ba6Cu34S27,
mp-565960,Na2Li8U11(WO22)2,
mp-761824,Sr16V12O39,
mp-531864,Al24Zn3O40,
mp-703591,Ba5B20(H2O19)2,
mp-773078,Li7Ca8Nb12O40,
mp-1019552,Ca16(SiN2)17,
mp-720337,Na6CuP4(H13O15)2,
mp-768800,Ho2(SO4)3,
mp-704231,Cr(PO3)4,
mp-768798,Li3Bi2(BO3)3,
mp-703326,InRe4H8NO20,
mp-772194,La3Bi3O11,
mp-703545,SbH6C(NCl2)3,
mp-775925,Li8Sb7S19,
mp-767877,Li2Si4NiO10,
mp-850436,Li2Mn3(BO3)3,
mp-850433,Li2Mn3(BO3)3,
mvc-4499,Cr2(GeO4)3,
mvc-4408,Ge3(MoO6)2,
mvc-4401,Ge3(WO6)2,
mp-699477,NaH6RuN(ClO)4,
mp-782668,Li4VP2(O4F)2,
mvc-4222,Ge3(TeO6)2,
mp-9841,Er2(SO4)3,
mvc-3935,Si3(WO6)2,
mvc-3929,Si3(MoO6)2,
mp-761870,H7C3N6Cl,
mp-849442,Li2Mn(Si2O5)2,
mp-850233,Li2Mn3(BO3)3,
mvc-3695,Si3(TeO6)2,
mp-672963,Sb(PO3)4,
mp-774286,Ti2Cr3O12,
mp-743952,Mo2H3(CO2)4,
mp-850142,Li2Mn(Si2O5)2,
mp-773920,Cr5O12,
mp-773796,Cr3(FeO6)2,
mp-773795,Mn2Cr3O12,
mp-773346,Cr3(CuO6)2,
mp-764449,Mn2Cr3O12,
mp-849775,Li2Cu(Si2O5)2,
mp-772321,Cr2(WO4)3,
mp-778231,Na8Co2O7,
mp-696078,K3ZrH2S(OF)5,
mp-849566,Li2Mn3(BO3)3,
mp-654335,CsK5Ru2O9,
mp-683944,Pr2Fe14B,
mp-720843,H10S(NO2)2,
mp-720384,CaH6C2(NO)4,
mp-651008,YbCo(BO2)5,
mp-763321,Yb2(WO4)3,
mp-684495,Bi(PO3)4,
mp-707097,NaGdRe4(H2O5)4,
mp-673020,Bi(PO3)4,
mp-650277,Pr6Si4Ni7,
mp-647862,Cr2(MoO4)3,
mp-776812,Mn7Ni(PO4)12,
mp-775662,LiNb7V12O48,
mp-762620,Li2Fe(Si2O5)2,
mp-686026,Nb24I35Br9,
mp-773930,V3(WO6)2,
mp-645504,Yb23Mg4Cu7,
mp-680655,Zr7Ni10,
mp-765380,LiV5F11,
mp-780398,Al2(SeO4)3,
mp-776763,Ti3(WO6)2,
mp-706982,H10S(NO2)2,
mp-9209,In2(SO4)3,
mp-867981,Mg3(PO6)2,
mp-867973,Zn3(PO6)2,
mp-733973,NaH5S2O9,
mp-867931,K2U(SO6)2,
mp-763565,Li3V2(CO5)2,
mp-866314,Ca5Al2(SiN4)2,
mp-779390,Li2Mn3(BO3)3,
mp-861261,Cr3(CoO6)2,
mp-762256,Li3Ni2P2(O4F)2,
mp-652196,Cu2Bi4Pb2S9,
mp-705495,CaB3H5O8,
mp-778977,CaAs2HF13,
mp-778912,Gd2(WO4)3,
mp-763384,Li2Co(Si2O5)2,
mp-705271,Eu(Ni5P3)2,
mp-768943,Sn2(SO4)3,
mp-768921,Li8B2O7,
mp-650449,Gd2(MoO4)3,
mp-684426,Sb(PO3)4,
mp-616958,Nd2Fe14B,
mp-680220,Sr(Ni5P3)2,
mp-699382,Fe2(MoO4)3,
mp-683991,Cu4Bi4S9,
mp-562405,CeZn(BO2)5,
mp-704237,Fe(PO3)4,
mp-647878,SbS5N5Cl6,
mp-647589,La6Ge11,
mp-769438,ZrFe(PO4)3,
mp-768523,La3Pt3O11,
mp-780582,Li2Mn3(BO3)3,
mp-762571,Li2Fe(Si2O5)2,
mp-780127,Li9Mn2P4HO18,
mp-680389,La8Cu7O19,
mp-707342,ZnH18Ru2Br7N6,
mp-771357,Lu2(WO4)3,
mp-777486,MgCr7(SO4)12,
mp-762395,Li2Cr(Si2O5)2,
mp-770320,Rb8Fe2O7,
mp-764183,Li5MnCr3O8,
mp-779766,Ni2(SO4)3,
mp-777003,Fe7Te(PO4)12,
mp-779462,Sb2(SeO4)3,
mp-740714,LiB5H2O9,
mp-6860,Na3AlP3NO9,
mp-738610,LiH20C8ClO4,
mp-738609,LiH20C8BrO4,
mp-779225,Gd2(WO4)3,
mp-779221,P2H9(CBr)3,
mp-779159,Na8Cu2O7,
mp-705514,SbHC3(NCl3)3,
mp-734771,PrP2(HO)7,
mp-733854,K2In2P2HO10,
mp-733614,H8S(NO3)2,
mp-762148,Mn7Co(PO4)12,
mp-680680,Sr4Ru3O10,
mp-770513,Li8Mn2O7,
mp-768939,Sn2(SO4)3,
mp-768936,Sn2(SO4)3,
mp-773919,Cr3(CoO6)2,
mvc-13588,YCu3(WO4)6,
mp-770431,Ho2(SeO4)3,
mp-649509,Yb2(SeO4)3,
mp-733822,ScRe4H8NO20,
mp-680059,Re3(SCl)7,
mp-680015,Re3(SeBr)7,
mp-778775,Li2Mn3(BO3)3,
mp-722865,H8Se2N2O5,
mp-759603,H9CN5Cl2,
mp-770342,Tb2(WO4)3,
mp-780142,Li5(NiO2)4,
mp-721876,AlP2H5O9,
mp-721586,BaSi2(H3O4)2,
mp-780456,Ta2Nb3O12,
mp-780360,Na8Gd2O7,
mp-764142,Li5MnV3O8,
mp-850999,NaCr4O12,
mp-764140,Li5Cr3NiO8,
mp-780095,LiMnP3(HO5)2,
mp-720815,K2TeH6(O3F)2,
mp-705035,Mo(PO3)4,
mp-693132,ZnGaP2H4NO8,
mp-763376,Li2Co(Si2O5)2,
mp-763375,V2NiH6(NO3)2,
mp-30989,Sn(NO3)4,
mp-25906,Bi(PO3)4,
mp-25908,Sn(PO3)4,
mp-30998,Ti(NO3)4,
mp-26114,Ti(PO3)4,
mp-5032,La3Ru3O11,
mp-23226,Nb6I11,
mp-26542,Sb(PO3)4,
mp-26574,Bi(PO3)4,
mp-504468,Bi3Ru3O11,
mp-21667,CeZn(BO2)5,
mp-21703,Na3TiP3NO9,
mp-23623,B5Pb2BrO9,
mp-23666,AsH8CN3O4,
mp-27312,Nb2SeF14,
mp-504937,SbSe9Cl7,
mp-27339,Sb2(SO4)3,
mp-505141,Cs2SnS14,
mp-28990,Bi2Te4O11,
mp-27473,Sb2TeF14,
mp-24072,AgH5S2O9,
mp-27618,Na8Ga2O7,
mp-3680,Er2Fe14B,
mp-24277,KGdP2H4O9,
mp-24283,PH9C3Br3N,
mp-30524,Ti6O11,
mp-4023,Dy2Fe14B,
mp-4164,Nd2Co14B,
mp-31610,Co3P3O11,
mp-567027,Y2(MoO4)3,
mp-567026,K2Sr3Mn2(P2O7)3,
mp-542611,Tl2S7N8,
mp-556905,GdMg(BO2)5,
mp-567121,CsBaCr3F12,
mp-567151,K4Cr(NO5)2,
mp-567152,MoP3Pb2O11,
mp-554954,Fe2(SO4)3,
mp-567185,SnHg6(As2Br3)2,
mp-534863,CaMg2TiAl2SiO10,
mp-567184,Nd4Ni3O10,
mp-554986,ZnS,
mp-540050,Fe3P3O11,
mp-540077,Fe(PO3)4,
mp-540079,Ni(PO3)4,
mp-540082,Mo2(PO4)3,
mp-542782,H8C3(NO)3,
mp-540301,Ni(PO3)4,
mp-559325,Ba7Sc6Al2O19,
mp-771368,Mn2(SO4)3,
mp-685513,Pr6MnS10,
mp-651048,Ag9(BiO3)2,
mp-767435,P3(WO6)2,
mp-773174,LiCr4O12,
mp-769111,Sc3Bi3O11,
mp-772189,Bi3Ir3O11,
mp-650049,SbC(N3Cl2)3,
mp-650029,Fe3WC14(SO7)2,
mp-685317,Ca5Cu19As10,
mp-686084,Nb12I21Br,
mp-685265,Nd6MnS10,
mp-850773,Li2Mn3(BO3)3,
mp-780939,Mn(NO3)4,
mp-850493,P4WO12,
mp-775184,Sc2(PO4)3,
mp-623058,Ti2Ag2P2S11,
mp-684096,Bi(PO3)4,
mp-720410,K2NaCa2TiSi7HO20,
mp-774483,Zr2(PO4)3,
mp-780764,LiCuP4O11,
mp-707532,NaH8SeNO6,
mp-772920,Li8Ti2O7,
mp-772826,K2LiTi2(AsO5)2,
mp-707226,H8Se2N2O5,
mp-779015,SmHIClO13,
mp-770516,Tb2(WO4)3,
mp-1020147,Na2Mg2P3NO9,
mp-772686,Ga2(WO4)3,
mp-706653,H8S2N2O5,
mp-770389,V2(SO4)3,
mp-567446,La23Cd4Pt7,
mp-5434,Y2Fe14B,
mp-567618,Si5Pt12,204.9704855
mp-567910,CdHg6(As2Br3)2,
mp-567623,Er2Fe14C,
mp-569425,Pr23Mg4Ni7,
mp-569428,Pr2Fe14B,
mp-567900,Lu2Fe14C,
mp-567916,Nd23Cd4Rh7,
mp-540485,Mn(PO3)4,
mp-557103,B5Pb2ClO9,
mp-559440,V2(CuO2)5,
mp-561405,SnH8(CO)4,
mp-571621,Ba3Na2(CN2)4,
mp-553918,Eu2B5ClO9,
mp-568386,Ag10Te4Br3,
mp-568392,Ag10Te4Br3,
mp-569576,La5(SiN3)3,
mp-559551,Cu4Bi4S9,
mp-572805,Cs2I4O11,
mp-557330,Sr2B5ClO9,
mp-554056,Ca2B5BrO9,
mp-31766,Fe2(MoO4)3,
mp-557379,P2H6C4N2Cl2O,
mp-568485,Nd23Mg4Rh7,
mp-568488,Mo15Se19,
mp-554249,Bi6Cl3O7F,
mp-559613,K6Se2O9,
mp-559628,NaNp3F13,
mp-574580,Tl4Pd3Cl10,
mp-5759,Tb2Fe14B,
mp-557758,LaMg(BO2)5,
mp-540714,NaH8SNO6,
mp-557802,K2Be(Si2O5)2,
mp-554631,Sb2(PO4)3,
mp-568644,K9InSe7,
mp-558105,LiB6O9F,
mp-559771,Pr6O11,
mp-568729,Nd2Fe14C,
mp-581533,Cs7(In2Bi3)2,
mp-558354,H10C3S3N,
mp-558358,Ca(B3O5)2,
mp-558370,Ca3TiBe2Si2(As3O10)2,
mp-568612,SnHg6(P2Cl3)2,
mp-555478,Ba(Mo3O5)2,
mp-558475,K4Nb2S10O,
mp-581781,La23Mg4Ni7,
mp-568785,NaAl3NiCl12,
mp-558687,AsC2S2(OF3)3,
mp-558834,Eu2B5BrO9,
mp-32039,Bi2(MoO4)3,
mp-679999,Re3(SeCl)7,
mp-773715,Er2(WO4)3,
mp-679984,Cs4Ru2Cl10O,
mp-722472,C6S3(N3Cl)2,
mp-722378,CaZnP2H5O8,
mp-645655,TeMo3Se7I6,
mvc-15167,Y7Cu3(GeSe7)3,
mp-769232,Dy2(SeO4)3,
mp-769147,Y2(SeO4)3,
mp-721013,ZnGaP2H4NO8,
mp-770163,Cr2(SO4)3,
mp-773398,Tm2(WO4)3,
mp-773374,Mn7V(PO4)12,
mp-770783,Fe7P12WO48,
mp-779838,Na7(FeO4)2,
mp-763385,Li2Co(Si2O5)2,
mp-781076,Li8Fe2O7,
mp-698480,Sb4H2SO10,
mp-601241,Na3YH12(CO5)3,
mp-763195,MnAlP2(HO)15,
mp-850239,Mn2V3O12,
mp-624196,Ba(Mo3O5)2,
mp-707772,TeP2H16N2O13,
mp-707543,H6C(N3O2)2,
mvc-15165,Y7Cu3(SiSe7)3,
mp-769023,Ba2Y7Cl25,
mp-673069,Sb(PO3)4,
mp-778765,Mn7Sn(PO4)12,
mp-768957,Ba3Y2Cl12,
mp-745166,Sr2Fe2H2OF10,
mp-771299,Co2(SO4)3,
mp-558938,Zn4SiTePbO10,
mp-555566,Rb7(FeO4)2,
mp-555568,K2Zn(Si2O5)2,
mp-559937,UTe3Pb2O11,
mp-541026,CaMg3Si3O10,
mp-558998,K2Cu(Si2O5)2,
mp-32117,Mo(PO3)4,
mp-5861,Tm2Fe14B,
mp-570170,Mo15Se19,
mp-565283,Sr2MnP3O11,
mp-541157,EuCd(BO2)5,
mp-555742,Ba2B5ClO9,
mp-565386,Y2(MoO4)3,
mp-570297,La23Mg4Rh7,
mp-555787,Na8Fe2O7,
mp-565447,ThV4O12,
mp-541297,Fe2(SeO4)3,
mp-570414,Tm2Fe14C,
mp-32519,V(PO3)4,
mp-32518,V2(PO4)3,
mp-32520,V(PO3)4,
mp-565530,Mo9O25,
mp-32633,Dy6Se11,
mp-541410,Co2P2H4O9,
mp-541415,KH5S2O9,
mp-541466,GdNi(BO2)5,
mp-565650,Ba2V3BiO11,
mp-555942,Er3SiSe2O10F,
mp-505639,Rb3Ti3Te11,
mp-565679,Hg4Se4O9,
mp-8825,Pr6O11,
mp-9612,La3Ir3O11,
mvc-10876,Cr2(SiO4)3,
mp-541954,Fe2P2H4O9,
mp-560373,Bi3Pt3O11,
mp-542038,Er3Si3O10F,
mp-532405,MgAl6O10,
mp-566861,Na2TiFe5(Si3O10)2,
mp-566398,Al2(WO4)3,
mp-566954,VH9C3O4,
mp-566989,NpV4O12,
mp-556467,Rb4Nb2S10O,
mp-5182,Nd2Fe14B,
mp-561176,Sb2POF13,
mp-510266,Fe2Te4O11,
mp-556151,H9C3N3O2,
mp-556505,Al2(WO4)3,
mp-566756,Ba4Fe3(S3F2)2,
mp-556521,KNa7Pb2O7,
mp-530216,MgAl6O10,
mp-530233,MgAl6O10,
mp-556206,Rb3Y2(BO3)3,
mp-571165,Dy2Fe14C,
mp-560899,CaB3H5O8,
mp-566035,K2Mo2P2O11,
mp-566040,In2(WO4)3,
mp-560926,Tl2Cr3O12,
mp-556287,NaBi2Sb3O11,
mp-571245,Ho2Fe14C,
mp-560581,LiBeH8CNOF4,
mp-566066,NaFe3Si3O10,
mp-530870,Tb6CdS10,
mp-530910,La6YbSe10,
mp-19536,La4Mo2O11,
mp-19546,Zr2Mo(PO6)2,
mp-19575,Cr5O12,58.92236426
mp-19588,Sc2(WO4)3,
mp-19594,Sc2(MoO4)3,
mp-554558,Gd2(MoO4)3,
mp-707538,CdRe2(H2O5)2,
mp-556393,RbBe4(BO3)3,
mp-21918,Ba(Co5As3)2,
mp-556714,BaCu6(GeS4)2,
mp-765584,Sb(PO3)4,
mp-669333,Ba5Si8O21,
mp-772566,Ho2(WO4)3,
mp-765519,Li5(CoO2)4,
mp-795607,V2N4O11,
mp-762562,Li2Fe(Si2O5)2,
mp-654199,Ta8NiSe8,
mp-776667,Cr3(FeO6)2,
mp-765283,Li5TiV3O8,
mp-648469,SbP2SN3Cl10,
mp-641987,Sb8Pb7S19,
mp-23476,Cd7(P2Cl3)2,
mp-764630,Cr3(CuO6)2,
mp-768512,Cu2(SO4)3,
mp-768490,Bi2(SO4)3,
mp-695843,SbH7(Br2O)3,
mp-851021,Mn7P12WO48,
mp-744534,VH8N2O5F,
mp-767891,Li2Si4NiO10,
mp-624474,Ru(SCl3)4,
mp-675130,Tb6PbSe10,
mp-777292,Ba3Y2Br12,
mp-768459,Ti2(SO4)3,
mp-768457,Sb2(SO4)3,
mp-849392,Li9V2P4HO18,
mp-778430,K8Al2O7,
mp-667343,Re2(HgO2)5,
mp-652274,Ge2RuC4(Cl3O2)2,
mp-778356,Na8V2O7,
mp-765278,Li5Cr3FeO8,
mp-768979,Ba3Y2Cl12,
mp-776463,Ba3(YI6)2,
mp-699555,Cr2C13SN3(O2F)5,
mp-762923,Li4Mn3F10,
mp-768095,KV13O20,
mp-778252,V5O12,
mp-13758,Nd4Re2O11,
mp-505323,P2W7O25,
mp-14127,La2Fe14C,
mp-14577,Rb4Ta2S11,
mp-14578,Cs4Ta2S11,
mp-16302,Tb6O11,
mp-531376,Li4Mn3Cl10,
mp-19465,HoCo(BO2)5,
mp-19468,YCo(BO2)5,
mp-19495,NdCo(BO2)5,
mp-531782,MgAl6O10,
mp-19516,Al2(WO4)3,
mp-19534,Tb2(MoO4)3,
mp-540054,Fe(PO3)4,
mp-566222,Mo2P2PbO12,
mp-571312,Ce5(SiN3)3,
mp-707509,CuH6Se2NClO6,
mp-738611,LiAsH20(C2O)4,
mp-743270,Mo15Se19,
mp-778086,Ba3Y2F12,
mp-778074,Mn7Cr(PO4)12,
mp-768402,Ba3Y2Br12,
mp-778446,Cr2(PS4)3,
mp-778021,Mn7Fe(PO4)12,
mp-765109,LiVCrP2(HO5)2,
mp-1019968,LaZn(BO2)5,
mp-1019730,EuZn(BO2)5,
mp-1019718,CsBe4(BO3)3,
mp-772916,Ba3(LaI6)2,
mp-772980,Li6Te2O9,
mp-704890,Ba8Co7O19,
mp-773130,Co(NO3)4,
mp-776703,Cr3(NiO6)2,
mp-776579,Ba3(YI6)2,
mp-776750,Mn7Nb(PO4)12,
mp-16164,Dy3Si3O10F,
mp-16165,Ho3Si3O10F,
mp-11673,Sc2(SeO4)3,
mp-13772,Li3Pr2(BO3)3,
mp-14555,LaCd(BO2)5,
mp-14556,SmCd(BO2)5,
mp-14630,Y3Si3O10F,
mp-15362,Li3Nd2(BO3)3,
mp-15371,Yb15C19,
mp-15519,NdZn(BO2)5,
mp-15520,TbZn(BO2)5,
mp-16025,Y2(SO4)3,
mp-14698,Ho2Fe14B,
mp-32833,Ho6Se11,
mp-24302,CdAs2HF13,
mp-24308,AlSiH9C3Cl2O,
mp-4214,Lu2Fe14B,
mp-14941,Al2Pb3F12,
mp-15148,K4Nb2S11,
mp-28005,As2(SO4)3,
mp-15315,Ca4Ti3O10,
mp-15957,Sc15C19,
mp-4361,K4Ta2S11,
mp-19489,SmCo(BO2)5,
mp-19520,NdNi(BO2)5,
mp-19521,Al2(MoO4)3,
mp-19559,Y2(WO4)3,
mp-29599,Re3(SBr)7,
mp-4459,Ce2Fe14B,
mp-19618,Zr2P2WO12,
mp-22827,Er15C19,
mp-3361,Ba3Al2F12,
mp-743948,MnH9CNCl3O2,
mp-849554,Li2Mn3(BO3)3,
mp-781053,LiFeP3(HO5)2,
mp-730691,CaU2Si2H12O17,
mp-776832,Mn7Sb(PO4)12,
mp-27790,BaTi5O11,
mp-583606,H9C2(NO)3,
mp-560550,BaBi2(B2O5)2,
mp-704234,Ni(PO3)4,
mp-722605,Nd2Fe14B,
mp-31257,Mo15S19,
mp-778073,TiMn7(PO4)12,
mp-532273,Ba2(Mo2S3)3,
mp-850464,Li5Cr4O8,
mp-767002,Ti5PO11,
mp-566883,Cr2(Hg2O3)3,
mp-763234,Li3Mn2P2(O4F)2,
mp-762189,Li3Mn2(CO5)2,
mp-849609,Li2Mn3(BO3)3,
mp-560266,Na3B5SO8,
mp-585435,Ni3P3O11,
mp-26150,Sb(PO3)4,
mp-26550,Nb(PO3)4,
mp-31866,Fe2(PO4)3,
mp-26286,Bi2(PO4)3,
mp-540025,Mo2(PO4)3,
mp-19475,LaCo(BO2)5,
mp-26390,Nb2(PO4)3,
mp-565885,Ca4Mn3O10,
mp-540294,Cr2(PO4)3,
mp-540211,Cr2(PO4)3,
mp-26100,Bi2(PO4)3,
mp-31573,Co(PO3)4,
mp-540345,Cr2(PO4)3,
mp-580680,Rb3Ti3Te11,
mp-585210,Co3P3O11,
mp-622174,Ca4Mn3O10,
mp-704253,Mo2(PO4)3,
mp-705032,Fe3P3O11,
mp-641416,Fe2(SO4)3,
mp-634459,Fe2P2H4O9,
mp-647875,Rb7(FeO4)2,
mp-27603,Ho6(Ga3Co)7,
mp-680350,Er2(SO4)3,
mp-690161,Li9Mn20O40,
mp-686346,Ca17(Y7S19)2,
mp-703302,Cd9(InSe2)20,
mp-777937,Li3Mn4(BO3)4,
mp-777944,Li3Mn4(BO3)4,
mp-777784,Li3Mn4(BO3)4,
mp-675360,Yb22Fe7S40,
mp-777612,Li3Mn4(BO3)4,
mp-757571,Ba13Nb14O42,
mp-765276,Li5Mn5CoO12,
mp-781619,Li3Mn4(BO3)4,
mp-781079,Li3Mn4(BO3)4,
mp-780182,Li3Mn4(BO3)4,
mp-780180,Li3Mn4(BO3)4,
mp-762419,Li4Mn7O12,
mp-997521,Li4Ni7O12,
mp-767498,Li10Ti11Nb6O42,
mp-779341,Li3Mn4(BO3)4,
mp-705563,Co29O40,
mp-761078,Na9Ti20O40,
mp-684985,Zr5I18,
mp-778867,Li3Mn4(BO3)4,
mp-679927,Rb2Sc(NO3)5,
mp-767604,Li12Nb14ZnO42,
mp-561251,Rb2Y(NO3)5,
mp-761869,Sr3Li3La5O12,
mp-685224,Sc22Fe7S40,
mp-567443,Sc4Si7Ni12,
mp-572149,Cs2Al(NO3)5,
mp-759244,Li12Nb14ZnO42,
mp-705409,Cr3(PO4)4,
mp-32089,Mo3(PO4)4,
mp-565644,Cs2Cr(NO3)5,
mp-530826,Mg7Al22O40,
mp-867150,CeMo12(NO27)2,
mp-694629,V3(PO4)4,
mp-531358,Sr17(Ta5S21)2,
mp-531687,Nd6F17,
mp-532315,Sr17(Ta5S21)2,
mp-707703,Th8Al4H11,
mp-690962,Nb24(CuS8)5,
mp-849992,La20Cu9O40,
mp-868382,La14Mn13O42,
mp-1100877,Zn7(Ga11Te20)2,
mp-698680,Fe21Ni9O40,
mp-850955,LiFeP3(H7O8)2,
mp-767308,Mn21Sn9O40,
mp-698649,Al2NiO4,
mp-850437,Li5Mn6(BO3)6,
mp-761448,Mn6Cr9O20,
mp-782820,Li5Mn6(BO3)6,
mp-850434,Li5Mn6(BO3)6,
mp-850264,Li5Mn6(BO3)6,
mp-850244,Li5Mn6(BO3)6,
mp-850243,Li5Mn6(BO3)6,
mp-850242,Li5Mn6(BO3)6,
mp-697842,Mn(FeO2)2,
mp-778500,Li5TiMn9O20,
mp-778406,Zn9Fe21O40,
mp-781082,SrCrO3,
mp-868928,Li6Mn9O20,
mp-684887,Fe24N11,
mp-771512,InFe29O40,
mp-774722,LiLa20Cu9O40,
mp-777016,LiFeF3,
mp-694940,MnAl2Sb2(PO4)6,
mp-554511,Cu7P12S9Cl7,
mp-861634,NiH16(ClO8)2,
mp-743547,Zn(FeO2)2,
mp-765282,Li16Mn15(CuO12)3,
mp-707285,CuH16(IO8)2,
mp-781828,NiH18(I5N3)2,
mp-764260,Na9Mn21O40,
mp-705846,CuH16(ClO8)2,
mp-705646,Al2NiO4,
mp-769440,Li7Mn8O20,
mp-769075,Li2CuH14C4(N3O4)2,
mvc-12253,Y8Cu3(GeS7)3,
mp-769427,Li5Fe6(BO3)6,
mp-780313,LiVP3(H7O8)2,
mp-707219,K2Zr2ZnH12(OF2)6,
mp-771355,Li5Ti2Mn8O20,
mp-706529,Co5RuO8,
mp-779806,Li5V6O5F19,
mp-762376,Ti11Fe17O42,
mp-779755,Li5Mn7Fe3O20,
mp-769567,Li10Ti11Cr9O40,
mp-705895,BaNb2Fe2(PO4)6,
mp-774285,Li2Zr7Fe(PO4)12,
mp-705729,Mn9(Cu3O10)2,
mp-863767,Fe13(SnO10)2,
mp-705625,MgMn2O4,
mp-738612,ZnH16C3N8O7,
mp-779179,Li5Mn6(BO3)6,
mp-779226,Li5Mn6(BO3)6,
mp-735481,CoH17C(NO)8,
mp-769418,Ti6Fe8O21,
mvc-14430,Y8Cu3(SiS7)3,
mvc-14431,Y2Cu3(WO4)6,
mvc-14380,Y8Cu3(SnS7)3,
mp-853270,Li5Mn6(BO3)6,
mp-699378,Fe2NiO4,
mp-759291,Ba17U11O42,
mp-626574,Fe8H10O17,
mp-607960,Cd27Pd8,
mp-759342,Nb9AsO25,
mp-758233,Nb9PO25,
mp-28539,Rb3Mo15Se17,
mp-504245,Ni4P7O24,
mp-504312,Fe4P7O24,
mp-23409,Pr12C6I17,
mp-28733,Sc3C4,
mp-694863,Al2CoO4,
mp-532676,LiMgAl3(SeO4)6,
mp-567113,BaCrO3,
mp-542783,Ba2H14C4O15,
mp-540336,V4P7O24,
mp-685982,MgIn2O4,
mp-763782,Li2Zr7Fe(PO4)12,
mp-735603,CaH16C4N8(ClO2)2,
mp-720100,NaH18C9I(NO)3,
mp-763133,LiMnF3,
mp-684020,Ce12C6I17,
mp-680322,Bi17P5Pb5O43,
mp-540414,Mn4P7O24,
mp-555105,Ta9Pb12O20F29,
mp-553982,K4In2Si8O21,
mp-554071,Na8Nb2Cu4S21,
mp-581635,Cs3Te17Mo15,
mp-569969,Sc6Ni18Ge11,
mp-849675,Li5Mn6(BO3)6,
mp-722787,K4P4H7(RuO9)2,
mp-677680,LiMgAl3(SO4)6,
mp-766411,H16PdC4S4(N4Cl)2,
mp-758327,Sr7Bi23O40,
mp-867542,Ba8(Bi2O7)3,
mp-676752,Li2FeCl4,
mp-676683,Li2FeCl4,
mp-622136,MnAs2S4(NF6)4,
mp-675069,LiNbO3,
mvc-15166,Y8Cu3(GeSe7)3,
mvc-15157,Y8Cu3(SiSe7)3,
mp-686587,Yb9(Fe3S10)2,
mp-686377,Lu2FeS4,
mp-583278,Cs3Mo15Se17,
mp-570147,Sc6Si11Ni18,
mp-32099,Mo4P7O24,
mp-560159,B6H21C5N2O,
mp-555866,K6Be4C6O19,
mp-565732,Ba2V5(PO6)4,
mp-532423,Li18Fe5N12,
mp-532426,Al2CuO4,
mp-566443,Sn5(W4O11)2,
mp-566621,Li2U4W4O25,
mp-565930,Ti4Fe(PO4)6,
mp-560872,Mg10Ge3(H2O9)2,
mp-560880,Mo9O26,
mp-530925,Fe6Ni9S20,
mp-705040,Bi2W3(CO)15,
mp-765516,Li8Mn9O18,
mp-849503,Li5Mn6(BO3)6,
mp-648394,CrCo3C16NO14,
mp-849498,Li5Mn6(BO3)6,
mp-761678,Ti13(Fe5O14)3,
mp-680284,Rb6Ta4S25,
mp-766361,Nb2O5,
mp-676920,K7(Si2Te5)4,
mp-656852,Ti13O22,
mp-744239,Fe5P4(H3O10)2,
mp-697946,Cs2Zr2ZnH12(OF2)6,
mp-744002,CoH16C3N8O7,
mp-768142,Li13Nb14ZnO42,
mp-765100,Li8Mn6(FeO6)3,
mp-657308,Mo2H12C4N2O15,
mp-531811,Ho2CdS4,
mp-19528,MnSiO3,
mp-532059,Er2CdS4,
mp-571309,Nd12C6I17,
mp-627349,Si2H2O3,
mp-627334,Si2H2O3,
mp-627314,Si2H2O3,
mp-627206,Si2H2O3,
mp-744001,Fe2H13C6NCl2O11,
mp-627141,Si2H2O3,
mp-627123,Si2H2O3,
mp-627114,Si2H2O3,
mp-626977,Si2H2O3,
mp-765167,Li13Mn17O40,
mp-776365,Li9Mn21O40,
mp-694995,LiMgCr3(SO4)6,
mp-530852,Mg2SiO4,
mp-850168,Li5Mn6(BO3)6,
mp-850178,Li5Mn6(BO3)6,
mp-585323,Cr4P7O24,
mp-695890,Mg10Si3(H2O9)2,
mp-531530,MgAl2O4,
mp-769439,Li5Mn6(BO3)6,
mp-767924,Li15(FeO4)4,
mp-705869,Mn2CuO4,
mp-768114,Li6Ti9O20,
mp-743836,NiH16C2S3N6O7,
mp-850245,Li5Mn6(BO3)6,
mp-677659,SrLaCuRuO6,
mp-706412,Co2SnO4,
mp-571323,La12C6I17,
mp-567858,Dy12C6I17,
mp-530074,B4C,218.6463581
mp-1096839,B4C,
mp-649328,Mo9O26,
mp-531201,Ho2CdSe4,
mp-690039,Mn4P7O24,
mp-768040,Li11Mn12(BO3)12,
mp-767849,Li11Mn12(BO3)12,
mp-685431,Na11Ti20O40,
mp-777111,Li11V12(OF)24,
mp-694910,Fe35O36,
mp-765382,Li15Mn8P8(O4F)8,
mp-685906,Li7(Ga3Te5)8,
mp-684978,Sc29S42,
mp-868889,La18Ni12O41,
mp-743837,K3Nb4Mo4(PO4)12,
mp-769446,Li11Fe12(BO3)12,
mp-769445,Li11Fe12(BO3)12,
mp-532427,Li47Mn5As19,
mp-534982,Al13Si5H14Cl(O17F2)2,
mp-772038,Nb18P3O50,
mp-684876,Te40Rh31,
mp-568048,Hf54Os17,
mp-678,Mg54Ag17,
mp-560564,Ti6In2Si2P12O49,
mp-1019529,Ba8Al10B12O41,
mp-1096869,C,
mp-768185,Ba4Li4Ti19O44,
mp-762032,Ba4Li4Ti19O44,
mp-704193,Rb6U5V2O23,
mvc-13226,FeSiO4,
mp-768757,LiCu2(SO4)3,
mp-768756,Li2Bi(BO2)5,
mvc-12186,CoSiO4,
mvc-12177,MnSiO4,
mp-703521,Na5P3(H3O4)4,
mp-850960,LiMn(PO3)4,
mp-850868,NbH8N2O2F5,
mp-850930,Li3MnF5,
mp-850532,LiSn2(PO4)3,
mvc-4519,SiNiO4,
mp-850377,LiFeP2H5O9,
mp-758457,LiTi(PO3)4,
mp-1080355,CeSe2,
mvc-4354,SiWO4,
mvc-4331,VSiO4,
mvc-4329,SiMoO4,
mvc-4345,CrSiO4,
mp-782648,LiMn(PO3)4,
mp-703461,GeH8N2OF6,
mp-698706,NaCoP2HO7,
mvc-4096,SiSnO4,
mvc-4074,SiBiO4,
mvc-4059,TiSiO4,
mvc-4057,SiSbO4,
mp-773375,Li2V3O7,
mp-698580,Co7Re17O48,
mp-758895,Ta2Tl2P7HO24,
mp-764410,MnFeCo(PO4)3,
mp-758313,BaZn2As3HO11,
mp-777980,LiCr2(PO4)3,
mp-766635,VCu2HO5,
mp-695783,LiNi(PO3)4,
mp-745087,CoPH3O4,
mp-757597,LiSn(PO3)4,
mp-686293,Yb15Mg5Ge16,
mp-761444,Li2CrSiO5,
mp-694937,Na3V2P2O8F3,
mp-850144,LiMn(PO3)4,
mp-694557,LiMn(PO3)4,
mp-767450,CoPO4,
mp-767436,P3W2O13,
mp-767141,Sn(PO3)2,
mp-764446,LiV3(CoO6)2,
mp-778553,LiMnF4,
mp-767085,P3W2O13,
mp-696500,Nb6HI11,
mp-764392,MnFeCo(PO4)3,
mp-6741,NaLa(PO3)4,
mvc-12285,CaCr2(SiO4)3,
mvc-12282,MgV2(SiO4)3,
mvc-12281,MgCr2(SiO4)3,
mp-775266,LiCr(PO3)4,
mp-780869,Tm2WO6,
mp-6585,CaMgB2O5,
mp-722270,ZrH7CN4F5,
mp-780842,Li24TiCr11O36,
mp-777949,LiCr(PO3)4,
mp-849446,LiMn3P3O11,
mp-761773,LiSb(PO3)4,
mp-849369,Li3VOF4,
mp-763747,LiFe(PO3)4,
mp-680721,GaSe2,
mp-777714,Na4CoO4,
mp-763451,LiP4WO12,
mp-777617,LiV2OF5,
mp-763407,LiP4WO12,
mvc-12198,Fe(SiO3)2,
mp-744458,MnPH2(CO)4,
mp-779077,Li24TiCr11O36,
mp-777029,LiV2(PO4)3,
mp-697813,LiCr2(PO4)3,
mp-697807,LiMn4P7O24,
mp-761248,LiCu3P3O11,
mp-697800,LiFe4P7O24,
mp-770622,Li24Mn11CrO36,
mp-759869,LiBi(PO3)4,
mp-762522,LiFe(PO3)4,
mp-759345,LiTi(PO3)4,
mp-705007,LiMo(PO3)4,
mp-759251,LiSb(PO3)4,
mp-778530,LiCr2(PS4)3,
mp-685712,Na2PrO3,
mp-669523,USb2F15,
mp-706986,PH4NO3,
mp-617834,Sn5W8O23,
mp-772534,LaSCl,
mp-780171,HgH10N2Cl4O,
mp-867968,NaHo4Ge2O11,
mp-863012,CdH10C3NCl3,
mp-867936,BaAl2O6,
mp-764171,NaV2(PO4)3,
mp-770366,Li24Mn7Cr5O36,
mp-770363,Li24Mn5Cr7O36,
mp-770313,Li24Mn5Cr7O36,
mp-770312,Li24Mn7Cr5O36,
mp-770302,Li24Mn5Cr7O36,
mp-770301,Li24Mn5Cr7O36,
mp-770300,Li24Mn5Cr7O36,
mp-770281,Li24Mn7Cr5O36,
mp-770259,Li24Mn5Cr7O36,
mp-770250,Li24Mn7Cr5O36,
mp-770232,Li24Mn7Cr5O36,
mp-5859,AlPO4,
mp-722353,UH12C2S2N6O13,
mp-770089,Li24Mn7Cr5O36,
mp-8796,Sr2LiSc(B2O5)2,
mp-779478,Na9Cu2O7,
mp-865136,Li2MnPO5,
mp-868755,LiNi(PO3)4,
mp-779388,Li24Mn5Cr7O36,
mp-763626,LiFe(PO3)4,
mp-763585,LiV(PO3)4,
mp-779100,Li24Mn7Cr5O36,
mp-763496,MnFeCo(PO4)3,
mp-763461,LiP3(WO6)2,
mp-778973,Zn(NO3)2,
mp-762191,LiV(PO3)4,
mp-778889,Li24Ti11CrO36,
mp-763402,LiP4WO12,
mp-778840,InP2H6NO8,
mp-763383,LiP4WO12,
mp-778764,Li24Mn7Cr5O36,
mp-694899,Ba8(CoO3)7,
mp-1016078,CrN2,
mp-601287,CuH2(CO2)2,
mp-868377,LiNi(PO3)4,
mp-1012103,V2NiO6,
mp-762891,LiFe(PO3)4,
mp-780505,LiVP4(H2O3)6,
mp-780488,LiCrP2H5O9,
mp-780441,Li24Mn7Cr5O36,
mp-24834,H4N2O3,22.00289351
mp-762823,LiMn(PO3)4,
mp-978595,Si(H3C)2,
mp-775457,Cr(PO3)2,
mp-1094146,PC2,
mp-704184,LiMn(PO3)4,
mp-768776,LiBiB2O5,
mp-707852,CuH8CN5Cl3,
mp-772439,Li3AlFeO4,
mp-762578,LiFe(PO3)4,
mp-762536,LiFe(PO3)4,
mp-707317,ErP4HO12,
mp-780306,Na2V2O5,
mp-642234,NaEu(PO3)4,
mp-29746,Cd4P2Cl3,
mp-705430,MnO2,
mp-640556,SiO2,
mp-771390,In2WO6,
mp-706676,KPH3NO3,
mp-767481,P4WO13,
mp-771354,Li24Ti7Cr5O36,
mp-771353,Li24Ti5Cr7O36,
mp-767449,Li2VSiO5,
mp-770985,Li24MnCr11O36,
mp-779940,Li4CoO4,
mp-650943,MnTeC5O6F5,
mp-770973,Li24MnCr11O36,
mp-779847,Rb2CoO3,
mp-861176,Li2FePO5,
mp-779825,LiV2(OF)3,
mp-779849,La2WO6,
mp-770894,Li2CrPO4F,
mp-779799,Li24Mn5Cr7O36,
mp-779784,Li6MnFe5(BO3)6,
mp-770853,Li2CoPO4F,
mp-762336,LiSb(PO3)4,
mp-762319,Li4TiO4,
mp-642318,Ba2Tl(NO2)5,
mp-684506,LiBi(PO3)4,
mp-746778,MnHC3O4,
mp-705864,Mg2Fe2O5,
mp-684093,LiBi(PO3)4,
mp-779361,Li24Ti11CrO36,
mp-779775,Li24Ti11CrO36,
mp-683956,SbSNF6,
mp-770667,Li24MnCr11O36,
mp-779227,Li24Ti11CrO36,
mp-770624,Li2CoPO4F,
mp-770619,Li24Mn11CrO36,
mp-639733,SiO2,
mp-639506,SiO2,
mp-558374,SiO2,
mp-762190,LiP4WO12,
mp-779092,Li24Ti11CrO36,
mp-760231,LiSn2(PO4)3,
mp-770668,Li24Mn11CrO36,
mp-763748,Li2CrPO4F,
mp-766947,Sn(PO3)2,
mp-763745,Li2FePO4F,
mp-763737,Li3Mn2P2O8F3,
mp-14213,Sr4GeP4,
mp-763730,Li2VPO4F,
mp-762058,Na2Ti2O5,
mp-770504,Li24MnCr11O36,
mp-763720,Li3V2P2O8F3,
mp-770591,Li3MnAlO4,
mp-863917,LiNi(PO3)4,
mp-5680,Ca(PO3)2,
mp-773843,LiTi2(PO4)3,
mp-3765,Sr(PO3)2,
mp-759793,LiTi2(PO4)3,
mp-680181,Bi2Pb2S5,
mp-770416,Dy2WO6,
mp-707961,KB3(H3O4)2,
mp-722980,Hg4HN3O10,
mp-759254,LiBi4P7O24,
mp-770492,Li24Mn11CrO36,
mp-770491,Li3AlNiO4,
mp-730585,LiBH2OF4,
mp-778752,In2WO6,
mp-763603,LiP3(WO6)2,
mp-604209,H6SN2,
mp-685798,Yb7Mg3Ge8,
mp-781788,K2LiNb6(PO8)3,
mp-770339,LiVB2O5,
mp-704199,FePO4,
mp-759360,LiBi(PO3)4,
mp-677617,KMgP2H5O9,
mp-1019736,CsEu(PO3)4,
mp-770308,Li24Mn5Cr7O36,
mp-778748,Li3FeBO4,
mp-1016212,Sn3H6CNO7,
mp-1014565,CrN2,
mp-766596,Ti(SiO3)2,
mp-766480,LiCuS,
mp-766467,LiCuS,
mp-778634,Tb2WO6,
mp-780442,Li6Mn5Fe(BO3)6,
mp-764774,LiTi2V3O12,
mp-571286,SiC,
mp-770229,Li3CoBO4,
mp-721182,PH11(NO2)2,
mp-758844,Li3CuSiO4,
mp-721081,KUP(H2O3)3,
mp-758597,K2TiSi3(HO5)2,
mp-720847,BH2NCl2,
mp-764415,MnFeCo(PO4)3,
mp-764383,MnFeCo(PO4)3,
mp-630859,Mn2C7S2O7,
mp-720703,NaUHOF5,
mp-628768,In4SnSe4,
mp-705470,Li3Mo4P5O24,
mp-705089,LiFe3P3O11,
mp-720643,K2ZrSi3(HO5)2,
mp-763400,LiV2(PO4)3,
mp-15502,Ba4TiP4,
mp-780053,Na2Ge2O5,
mp-25840,LiTi2(PO4)3,
mp-25881,LiBi(PO3)4,
mp-25907,LiSn(PO3)4,
mp-26113,LiTi(PO3)4,
mp-26157,LiSb(PO3)4,
mp-504149,FePO4,
mp-504212,Mo2P3O13,
mp-26541,LiSb(PO3)4,
mp-26675,LiSb(PO3)4,
mp-26702,LiSn2(PO4)3,
mp-504382,MnPO4,
mp-27094,LiSn2(PO4)3,
mp-27122,LiSn2(PO4)3,
mp-23453,Hg6Sb5Br7,
mp-27198,Cd(NO3)2,24.26597927
mp-504665,P2W3O13,
mp-27212,Sb2IF15,
mp-21767,Si2Pb3O7,
mp-31251,Ga(SbCl)4,
mp-27278,P(HO)4,
mp-23621,NaBi(PO3)4,
mp-28808,TlReO4,
mp-3476,P2PbO6,
mp-23668,H9C4NO4,
mp-23685,CaH2(CO2)2,
mp-504924,Cs2Te2O5,
mp-30213,Sb2BrF15,
mp-15500,Sr4TiP4,
mp-31287,Tl3PdBr5,
mp-27353,SbCl2F3,
mp-21960,K9Fe2Se7,
mp-27486,BN3Cl2,
mp-24053,AgH2ClO5,
mp-24058,AgBH2OF4,
mp-31370,Na2S2O5,
mp-27674,K5As3O10,
mp-29186,La(SiP3)2,
mp-29310,Si2H6Se,
mp-29309,Si2H6S,
mp-27892,B5H11N2,
mp-542480,Na9Co2O7,
mp-532526,Li2PdO3,
mp-567056,Er2WO6,
mp-556904,KSbN(OF)3,
mp-532768,YZr5Si5PO24,
mp-567133,Na2V3O7,
mp-567163,K2UMo(IO6)2,
mp-559273,SiO2,
mp-561254,NaLi3GeO4,
mp-542814,SiO2,
mp-540147,LiV2(PO4)3,
mp-556954,Ba5Ru2Cl2O9,
mp-567352,Ga(SbBr)4,
mp-567368,Zr3(VGa2)2,
mp-571478,SnHg7(As2I3)2,
mp-667418,As5Pb3S10,
mp-771367,Li24Ti7Cr5O36,
mp-771365,Li24Ti5Cr7O36,
mp-771358,Li24Ti5Cr7O36,
mp-771305,Li24Ti5Cr7O36,
mp-622170,V(SeO3)2,
mp-621926,Na2TiSiO5,
mp-779872,Li2V2P7HO24,
mp-770010,LiCrB2O5,
mp-707104,H4N2O3,
mp-777094,Li3LaNiO4,
mp-764107,Na4CoO4,
mp-743636,NaNiP2HO7,
mp-684508,LiSb2(PO4)3,
mp-642284,CsVSO6,
mp-684497,LiBi(PO3)4,
mp-622602,NaMoAsO6,
mp-559835,BaTaF7,
mp-684427,LiSb(PO3)4,
mp-708961,BeH8SeO8,
mp-779378,Na4NiO4,
mp-779366,LiCr(PO3)4,
mp-683984,Al(SeCl)4,
mp-773129,LiSn2(PO4)3,
mp-683918,RbC2N3,
mp-774579,LiTi2(PO4)3,
mp-763858,Ta2MnO6,
mp-735584,Rb2FeH2C5(N3O)2,
mp-776903,Li3MgNiO4,
mp-651121,Cs3HgI5,
mp-770593,LiCo2(SO4)3,
mp-762824,Li2MnPO4F,
mp-763776,LiFe3P3O11,
mp-707277,AgH2C2N3O,
mp-672984,LiCu(PO3)4,
mp-763742,Li2FePO4F,
mp-672958,LiSb(PO3)4,
mp-777105,LiFeB2O5,
mp-531297,Ga4GeS4,
mp-770490,LiCr2(SO4)3,
mp-770484,LiMn2(SO4)3,
mp-778860,LiNi2(SO4)3,
mp-723082,Na5Te2H36AuO28,
mp-772638,Ho2WO6,
mp-647590,As5Pb3S10,
mp-543036,KDy(PO3)4,
mp-555030,NaY(PO3)4,
mp-567472,CuP4I,
mp-567511,H8PtCN8,
mp-571502,Ga(BiBr)4,
mp-569349,Rb2HgPSe5,
mp-571511,HgH10C3Br3N,
mp-31652,LiCr2(PO4)3,
mp-559360,SiO2,
mp-569378,Rb3Ta2AgSe12,
mp-569456,TiHg6As4Br7,
mp-770764,Li2Fe(BO2)5,
mp-569390,FeTe2ClO5,
mp-559376,Na2CaPO4F,
mp-561346,Na2ZrGeO5,
mp-561351,SiO2,
mp-567743,AlSb2(TeCl2)2,
mp-567823,KC2N3,
mp-31688,LiCr2(PO4)3,
mp-540528,Cr2P3O13,
mp-568107,AlGe2P(H3C)8,
mp-559480,Sn5W8O23,
mp-31714,LiCr(PO3)4,
mp-31717,LiCr2(PO4)3,
mp-568923,Ba2BN2Cl,
mp-569533,HgH10C3I3N,
mp-557177,Li2Al(BO2)5,
mp-568287,Li5VP2(O4F)2,
mp-555178,Rb5H5(OF3)2,
mp-568343,KPr6OsI10,
mp-572441,Cs3AuO2,
mp-553922,K2Mo15S19,
mp-572543,CsPr(PO3)4,
mp-557211,SiO2,
mp-561474,K3LiSiO4,
mp-572597,SbPS4,
mp-572634,Al2AgCl5O,
mp-553976,CsTaPS6,
mp-572702,CsAlF4,
mp-540611,RbNd(PO3)4,
mp-557319,InH8C4NO10,
mp-572951,CsNaSi2O5,
mp-573001,CsGd(PO3)4,
mp-554129,Br3N(O2F5)2,
mp-561529,KEu2Si4O10F,
mp-559590,PrGeBO5,
mp-31778,LiFe2(PO4)3,
mp-573635,Ba2In2Se5,
mp-557512,LaH4C4NO8,
mp-557562,TiH8C4NO10,
mp-574224,Cs4SiTe4,
mp-568545,Cd4P2I3,
mp-574367,CuAsSe,
mp-557672,Ga2Pb2S5,
mp-557757,AlPO4,
mp-557775,PSN(Cl2O)2,
mp-557798,K5Li2NdF10,
mp-561712,CsEr(PO3)4,
mp-557853,TiH8C4NO10,
mp-21946,K9Co2S7,
mp-554615,KEr(PO3)4,
mp-557858,Cs3U2Ge2O11,
mp-540736,BaCd(PO3)4,
mp-554636,Gd2B(OF)3,
mp-31869,LiFe(PO3)4,
mp-557877,C2SeS2O7F6,
mp-555336,Sr(PO3)2,
mp-540742,NdTl(PO3)4,
mp-568611,KCuPSe3,
mp-31873,LiFe(PO3)4,
mp-540753,KCe(PO3)4,
mp-557933,SiO2,
mp-557955,Ca3Al4ZnO10,
mp-569826,K2Ge2Se5,
mp-569830,Te2PdBr6,
mp-559711,Rb2Na2SiO4,
mp-580161,Na3InBi2,
mp-561886,CsNd(PO3)4,
mp-555416,Na2V3O7,
mp-558152,GdAg(PO3)4,
mp-558169,NaCaAlF6,
mp-568778,CuTeBr,
mp-554849,Ta4Mn11O21,
mp-581425,ZnS,
mp-554850,Mn2O7,
mp-568757,Hg6MoAs4Cl7,
mp-558323,SrBi2B2O7,
mp-559799,KGd(PO3)4,
mp-2718,C2N,
mp-554887,KUNbO6,
mp-558465,LaAg(PO3)4,
mp-558469,Ag2PS3,
mp-581868,NaY(IO3)4,
mp-581877,Cs2Zr(Si2O5)3,
mp-562345,Cs2Si2O5,
mp-555497,SiO2,
mp-558569,SiO2,
mp-32004,LiMn2(PO4)3,
mp-558588,BaPt2S3,
mp-582126,LaNi5As3,
mp-570035,ErNi3Ge2,
mp-568828,Hg6BiSb4Br7,
mp-558697,Rb3U2Ge2O11,
mp-562572,CsU2O6,
mp-568847,K4GeSe4,
mp-558792,K2Hg3S3O10,
mp-32031,LiMn2(PO4)3,
mp-559904,NaLi3SiO4,
mp-32041,NaMoPO6,
mp-582680,ZnS,
mp-568872,InSi2As(H3C)8,
mp-568873,GaSi2As(H3C)8,
mp-541005,CsH5O3,
mp-15501,Sr4TiAs4,
mp-646283,As9Pb7S20,
mp-722501,SnH3S4N4Cl5O,
mp-759377,LiTi2(PO4)3,
mp-762630,LiV2(PO4)3,
mp-853180,ZnFe2(PO4)3,
mp-677482,LaAl2Si5N9O,
mp-763556,LiV(PO3)4,
mp-646878,In4SnS4,
mp-766600,Li4TiS4,
mp-758944,LiBi(PO3)4,
mp-776691,Li3VF5,
mp-771900,Li3AlCoO4,
mp-770180,LiFe2(SO4)3,
mp-763468,LiV3P3O11,
mp-997548,LiFe2(PO4)3,
mp-763460,LiP4WO12,
mp-763446,MnFeCo(PO4)3,
mp-758496,LiTi(PO3)4,
mp-699587,MnSi6Pb8O21,
mp-699482,Na2H20CO13,
mp-637062,AsXe2F9,
mp-720245,CsKNaLi13(SiO4)4,
mp-675771,AlPO4,
mp-850500,Mn11Fe(PO4)12,
mp-781015,La2WO6,
mp-570405,TiHg6P4Cl7,
mp-779264,Cs2HfO3,
mp-776064,Li2VPO4F,
mp-776063,Li2MnPO4F,
mp-776062,Li2FePO4F,
mp-603334,HC2,
mp-767887,V(SiO3)2,
mp-707396,Na3As3(HO5)2,
mp-673702,Na2CeO3,
mp-705375,LiNi4P7O24,
mp-705367,LiV4P7O24,
mp-673023,LiBi(PO3)4,
mp-762150,LiTi2V3O12,
mp-705113,LiMo4P7O24,
mp-14215,Ba4GeP4,
mp-761451,Li2CrPO5,
mp-672209,RbCS(OF)3,
mp-757997,LiSn(PO3)4,
mp-686590,Sr16Cu8BC7O40,
mp-771300,Li24Ti7Cr5O36,
mp-616490,KYb(PO3)4,
mp-679947,Os(CO)4,
mp-541024,CsTmP4(H2O3)6,
mp-559020,KBi(PO3)4,
mp-570135,SnHg7(P2Br3)2,
mp-570652,Hg6BiAs4Cl7,
mp-559962,SiO2,
mp-541041,NdAg(PO3)4,
mp-32097,LiMo(PO3)4,
mp-585241,LiBi2(PO4)3,
mp-32104,LiMo2(PO4)3,
mp-559987,LiAl(PO3)4,
mp-585397,LiCo3P3O11,
mp-32115,MoP4O13,
mp-570167,Rb3SnP3Se11,
mp-565287,KNi3As3O11,
mp-585963,Rb7Th2(P2Se7)3,
mp-560026,Mg5B3O9F,
mp-6168,K3Nb2CuSe12,
mp-569070,InSi2P(H3C)8,
mp-570227,BeCl2,
mp-541167,RbHo(PO3)4,
mp-555721,Sr4GaN3O,
mp-570248,NaC2N3,
mp-541168,RbTm(PO3)4,
mp-555727,RbTb(PO3)4,
mp-565363,Nd2Te3MoO12,
mp-555728,H6C3SN3O2F3,
mp-32419,LiV2(PO4)3,
mp-565440,La2Te3MoO12,
mp-565522,KMoIO6,
mp-541338,AlPO4,
mp-541367,SrCd(PO3)4,
mp-565590,Cu4GeS4,
mp-555915,S,
mp-565633,CaMnB2O5,
mp-8333,RbNaSnF6,
mp-565639,CrHg3O5,
mp-555939,Li2Te2O5,
mp-565674,HfNi5(BO5)2,
mp-541636,KEr(PO3)4,
mp-555955,LaSeO3F,
mp-570583,P4N3Cl11,
mp-555982,Si2Ge3P6O25,
mp-505734,Cs2SiO3,
mp-19676,K9Ni2O7,
mp-505771,K2NaH5(CO4)2,
mp-505772,Rb2NaH5(CO4)2,
mp-27341,BH4N,
mp-542148,Sb2N5F11,
mp-505798,Na4TiSe4,
mp-542176,CuH8C4O5,
mp-565811,Rb2UCr(IO6)2,
mp-556051,Rb2GeO3,
mp-565833,K3VH2(CO5)2,
mp-556068,SiO2,
mp-565850,La2WO6,
mp-565849,TbCu(WO4)2,
mp-566807,FeTe2BrO5,
mp-566286,Na2MnPO4F,
mp-556436,Sb2BrF15,
mp-556791,K5V3O10,
mp-561131,NaGd(PO3)4,
mp-566868,RbV3Cd3O11,
mp-566368,K2Te(WO4)3,
mp-566372,K2UCr(IO6)2,
mp-561138,RbGd(PO3)4,
mp-570995,TiHg6As4Cl7,
mp-566982,KV4P7O24,
mp-556122,BaCa(PO3)4,
mp-570757,Nb2Tl3CuSe12,
mp-566629,Li2NiPO4F,
mp-566624,Ag2Mo3SeO12,
mp-1019715,CsLi(B3O5)2,
mp-560809,SiO2,
mp-566760,LaBMoO6,
mp-560818,Sr5B3O9F,
mp-560832,CaH2CO4,
mp-556578,Cd(IO3)2,
mp-565991,Ni5Sn(BO5)2,
mp-556269,S,
mp-571240,KLa5(CCl5)2,
mp-556290,SrMgF4,
mp-530850,Ta2CuO6,
mp-556654,SiO2,
mp-566107,K6U5V2O23,
mp-19551,RbMo2(PO4)3,
mp-19563,Na2CoPO4F,
mp-19569,AgMoPO6,
mp-19572,TlMo2(PO4)3,
mp-550470,Ba8(CoO3)7,
mp-772440,Li2Mn(BO2)5,
mp-32534,NaPWO6,
mp-556423,Na2Si2O5,
mp-556431,PH10C2NO4,
mp-556709,Na2ZrSiO5,
mp-600028,SiO2,
mp-776889,LiMn2(PO4)3,
mp-705743,Ta2MnO6,
mp-651728,VSb2NCl14,
mp-762548,LiFe(PO3)4,
mp-686280,Nd4AlSi5(NO)7,
mp-609229,Co(CO)4,
mp-764739,MnFeCo(PO4)3,
mp-764732,LiCo2(PO4)3,
mp-704189,CoPO4,
mp-685291,AlPO4,
mp-761746,LiCo2(PO4)3,
mp-764688,Li4CoO4,
mp-681911,Sm4AlSi5(NO)7,
mp-774539,LiTi2(PO4)3,
mp-647116,ReNCl4O3,
mp-768754,LiBi2(SO4)3,
mp-637982,As5Pb3S10,
mp-768678,LiSn2(SO4)3,
mp-733790,SiO2,
mp-774324,Li6MnFe5(BO3)6,
mp-771229,LiMnB2O5,
mp-680185,CsRe6Se8I3,
mp-680058,InTeI7,
mp-605176,GaCoPH18C9NCl2O3,
mp-759607,LiSb4P7O24,
mp-771918,Li2MnPO4F,
mp-781067,Li6MnFe5(BO3)6,
mp-677612,Nd4AlSi5(NO)7,
mp-662553,B2Pb2S5,
mp-744576,CoH8SO8,
mp-600061,SiO2,
mp-774303,Li6Mn5Fe(BO3)6,
mp-600050,SiO2,
mp-780885,LiMn3P3O11,
mp-771302,Li24Ti5Cr7O36,
mp-757974,LiSn(PO3)4,
mp-600029,SiO2,
mp-771301,Li24Ti5Cr7O36,
mp-600027,SiO2,
mp-600015,SiO2,
mp-600014,SiO2,
mp-771286,Li24Ti7Cr5O36,
mp-771285,Li24Ti7Cr5O36,
mp-771284,Li24Ti7Cr5O36,
mp-771283,Li24Ti7Cr5O36,
mp-757845,LiNb(PO3)4,
mp-771282,Li24Ti7Cr5O36,
mp-655052,CuH2(CO2)2,
mp-608653,As2Pb2S5,
mp-771277,Li24Ti5Cr7O36,
mp-1020587,SrMg3SiN4,
mp-1020107,LiCaAl3N4,
mp-600507,MnH10CNCl3O2,
mp-771274,Li24Ti5Cr7O36,
mp-771273,Li24Ti5Cr7O36,
mp-771266,Li24Ti5Cr7O36,
mp-776567,NaTi2(PO4)3,
mp-774186,LiVP2H5O9,
mp-757658,LiTi(PO3)4,
mp-757578,LiSn(PO3)4,
mp-765093,LiSb(PO3)4,
mp-1019726,EuMg3SiN4,
mp-600063,SiO2,
mp-849421,LiV2(PO4)3,
mp-777927,Li24TiCr11O36,
mp-757142,LiNb(PO3)4,
mp-14380,CsNaSnF6,
mp-14504,Hf6Cr5Si7,
mp-571341,InHg6As4Cl7,
mp-561008,Ca(PO3)2,
mp-561022,SrMgF4,
mp-561049,NaCe(PO3)4,
mp-531826,Li2PtO3,
mp-532007,Li47Cu7N18,
mp-531968,K2Ba3Sb4,
mp-566185,Rb2Mo15S19,
mvc-6739,Ti(SiO3)2,
mvc-6795,Si2SnO6,
mvc-6867,Si2BiO6,
mvc-6896,Si2SbO6,
mvc-7046,Si2MoO6,
mvc-7131,Si2WO6,
mvc-7082,Co(SiO3)2,
mvc-7256,Mn(SiO3)2,
mvc-7086,Cr(SiO3)2,
mp-14001,Ba4SiAs4,
mp-556528,In4GeS4,
mp-743860,VZn2HO5,
mp-695308,CaGdTh(PO4)3,
mp-695305,NaCS(OF)3,
mp-757431,LiSn(PO3)4,
mp-757967,LiSn4P7O24,
mp-744193,Ca2CrH2I2O11,
mp-1020723,Sr2Ga2O5,
mp-530545,In4GeSe4,
mp-1020109,LiMg3P3O11,
mp-1019579,CaMg3SiN4,
mp-662720,P2SN3Cl5O,
mp-1020656,RbY(PO3)4,
mp-1019512,AlPO4,
mp-1019737,KEu(PO3)4,
mp-1019728,RbEu(PO3)4,
mp-1019725,CsY(PO3)4,
mp-1016092,Re2O7,
mp-1019542,BaCaB2O5,
mp-773017,LiTi2(PO4)3,
mp-773040,As5Pb3S10,
mp-776410,Mg(NO3)2,
mp-776683,Li3FeF5,
mp-10499,LiZr2(PO4)3,
mp-12226,NaNd(PO3)4,
mp-14691,NaEr(PO3)4,
mp-14854,Sr2LiIn(B2O5)2,
mp-11165,Na2MgPO4F,
mp-15994,Hg(PO3)2,
mp-27528,Cd4As2I3,
mp-28789,Na4Cu2S3,
mp-29043,Hg4Sb2I3,
mp-29044,Cd4Sb2I3,
mp-14680,Sr2Ga2S5,
mp-14890,Rb9Fe2S7,
mp-14722,NaSrAlF6,
mp-14892,Rb9Fe2Se7,
mp-29449,Rb4Cu5Cl9,
mp-24363,PH10N2O4F,
mp-29460,Tl3PdCl5,
mp-15379,K2SiO3,
mp-24397,MgH8SO8,
mp-15515,BaNaAlF6,
mp-16167,Na2Sn2Se5,
mp-16194,Rb2SiO3,
mp-19523,Na9Fe2O7,
mp-28134,Ba2As2S5,
mp-29594,La5B4N9,
mp-24708,ZnH8SO8,
mp-22841,Ba2In2S5,
mp-556627,K4GeS4,
mp-4659,Cd(PO3)2,
mp-28292,Na4GeSe4,
mp-29739,Na5SnSb3,
mp-28399,H2CS3,
mp-25744,CaCrH2O5,
mp-29820,Ca3(AlN2)2,
mp-25771,MnH8SO8,
mp-29834,Cs4SiSe4,
mp-1080375,CeSe2,
mp-1080361,CeSe2,
mp-1080374,CeSe2,
mp-1080362,CeSe2,
mp-1080365,CeSe2,
mp-1080638,CeSe2,
mp-1080636,CeSe2,
mp-1080632,CeSe2,
mp-1080852,CeSe2,
mp-1087552,CeSe2,
mp-14214,Ba4SiP4,
mp-767833,MnFe(PO4)2,
mp-1094154,Ca3(MgZn2)5,
mp-600514,V3H6CNO7,
mp-762717,LiMn2(PO4)3,
mp-28590,Hg4As2I3,
mp-15503,Ba4TiAs4,
mp-30230,Rb4SnS4,
mp-567301,YbHg6As4Br7,
mp-567329,CrHg6As4Br7,
mp-556968,RbNa3SnO4,
mp-14002,Ba4GeAs4,
mp-1097042,CrN2,
mp-1096931,CrN2,
mp-1096951,CrN2,
mp-1096432,CeSe2,
mp-31845,LiFe2(PO4)3,
mp-5990,CsLi(B3O5)2,
mp-554892,K9Co2S7,
mp-769374,Li2B5SbO10,
mp-772429,Li2V(BO2)5,
mp-1019516,Ba4GaN3O,
mp-14889,K9Fe2S7,
mp-28914,Cd4P2Br3,
mp-768795,LiBiB2O5,
mp-763733,Li2CrPO4F,
mp-25795,BaVP2(H2O5)2,
mp-29078,Hg4As2Br3,
mp-28856,Na7Au5S6,
mp-600039,SiO2,
mp-763322,Li4CoO4,
mp-733729,RbInPHO5,
mp-698558,SiHC3O,
mp-639478,SiO2,
mp-777853,Na9Cu2O7,
mp-763311,Li4CoO4,
mp-1096957,CrN2,
mp-772433,Li2Cr(BO2)5,
mp-22846,In5S4,
mp-504134,LiNi3P3O11,
mp-573150,Cs2GeO3,
mp-770267,Li24Mn5Cr7O36,
mp-705154,LiCr4P7O24,
mp-557591,SiO2,
mp-770669,Li24Mn11CrO36,
mp-567609,AlSn2P(H3C)8,
mp-27202,B9H8S,
mp-771280,Li24Ti7Cr5O36,
mp-761840,Zr5Ti7O24,
mp-849509,Li2VPO4F,
mp-861492,LiNi3P3O11,
mp-600065,SiO2,
mp-698125,NpH16C4N8ClO6,
mp-540078,LiNi(PO3)4,
mvc-7342,Si2NiO6,
mp-32118,LiMo2(PO4)3,
mp-585184,Mo2P3O13,
mp-26549,LiNb(PO3)4,
mp-26389,LiNb2(PO4)3,
mp-31667,LiCr2(PO4)3,
mp-26856,LiSn(PO3)4,
mp-554708,Cs2Mo15S19,
mp-540495,LiCo(PO3)4,
mp-32007,LiMn(PO3)4,
mp-26285,LiBi2(PO4)3,
mp-774321,LiCr(PO3)4,
mp-32492,LiV(PO3)4,
mp-31602,LiCo2(PO4)3,
mp-26301,LiBi2(PO4)3,
mp-704225,Mo2P3O13,
mp-669564,CsRe6S8Br3,
mp-585234,LiCo2(PO4)3,
mp-25936,LiTi2(PO4)3,
mp-761823,Na9(WO3)16,
mp-698682,Sr16Fe16O41,
mp-706448,Mn14Al56Ge3,
mp-759817,Cd3(Pt3O4)10,
mp-685078,K11B62,
mp-684620,Nb25S48,
mp-705549,Sr18Ni13O42,
mp-767393,Li15Ti11Nb5O42,
mp-853222,Li2Mg11(WO4)12,
mp-735475,CoB12H28(NO15)2,
mp-685209,Sc39N34,
mp-677499,Na5Ti7Al(PO4)12,
mp-863907,V18Ag7O48,
mp-530274,Al23B50,185.6159862
mp-530670,Li34(YSb2)13,
mp-683616,Li5Ti7In(PO4)12,
mp-531291,Ta16(Cu3O16)3,
mp-767511,Ba4Li6Ti19O44,
mp-698160,Al3P2H14(O5F)3,
mp-768047,Li3Cr4(PO4)6,
mp-652101,Zn10Fe(B4Rh9)2,
mp-685942,Ti2(Mo3Se4)5,
mp-781555,CaMgB6H12O17,
mp-684003,Ti9Fe2(B4Ru9)2,
mp-764069,Na2V13O22,
mp-650285,Mn14Si23,
mp-761187,Li4Cu5(P3O11)2,
mp-705894,RbSi2Mo3P6O25,
mp-676894,Nb40(NO)17,
mp-721789,CuH18C4N10(ClO)2,
mp-694894,LiMn12O24,
mp-684053,Sn6P7O24,
mp-704915,Na2Ni2(B4O7)3,
mp-767585,Li3Cr4(PO4)6,
mp-780109,Li4Cr5(P3O11)2,
mp-706336,Na4Be2Si6Sn(HO5)4,
mp-743697,MgZr3Tl10(MoO4)12,
mp-743680,K5HfIn(MoO4)6,
mvc-15173,Sr6YGa3(Cu2O7)3,
mp-705347,Co6P7O24,
mp-743728,Li3Ti3Fe(PO4)6,
mp-704266,Mn6P7O24,
mp-743387,Li2Ti2MnCr2(PO4)6,
mp-684007,Ba19(InN)9,
mp-766572,Mg3P2(HO)16,
mp-720835,Mg5H10(C2O9)2,
mp-735662,Fe4As10PbO22,
mp-28507,La8Nb7S22,
mp-504168,Mn6P7O24,
mp-504359,Cr6P7O24,
mp-504372,Ni6P7O24,
mp-28790,Al13(TlS7)3,
mp-28917,Ba2Ti13O22,
mp-31615,Li4Co5(P3O11)2,
mp-532701,Na3Mg3In(SO4)6,
mp-540032,Li4Mn5(P3O11)2,
mp-685129,Co17Se20,
mp-685088,Sc12I25,
mp-680722,As2Pb14Cl4O17,
mp-567491,Rb4Ti2P6Se25,
mp-553948,Tl4Hg3Sb2(As2S5)4,
mp-568452,Ce3Si11Pt23,
mp-31812,Li4Fe5(P3O11)2,
mp-568617,Tb8Ni18P11,
mp-705900,Hf3Tl10Mo12PbO48,
mp-680086,Bi34Ir3Br37,
mp-772150,Li2Ti13O22,
mp-699558,K10Zr3Cd(MoO4)12,
mp-676840,Ag13(PbO3)6,
mp-763355,Li4V5(P3O11)2,
mp-706238,Na3Zr3Fe(PO4)6,
mp-643797,K10Hf3Mo12PbO48,
mp-708038,H18Se3(NO3)4,
mp-570240,La14C14Cl9,
mp-569093,U3Si11Pt23,
mp-32423,V6P7O24,
mp-541317,KTi3Si2P6O25,
mp-541318,CsTi3Si2P6O25,
mp-566429,Rb5ErHf(MoO4)6,
mp-566578,Na4Ni5(P3O11)2,
mp-571125,Ce8Ni18P11,
mp-605125,Rb4CeH12C3O17,
mp-686541,Al2Cd(Si5O12)2,
mp-604440,K2NaV5H10O19,
mp-653460,Co4Sn(CO)16,
mp-698164,Rb2B10H6O19,
mp-696994,Zr2H16SN3(O2F3)3,
mp-704577,Na2Co2(B4O7)3,
mp-776755,Mn5(SeO3)8,
mp-29774,Ho14Ge23,
mp-1080217,CaMn12O24,
mp-647350,Rb5HfFe(MoO4)6,
mp-767970,Li3Mn4(PO4)6,
mp-767957,Li3Mn4(PO4)6,
mp-774832,Ba10Li2Bi4O21,
mp-780300,Li2VP4(H2O3)6,
mp-779945,Li2CrP4(H2O3)6,
mp-1080220,Mn12HO24,
mp-504233,Li4Ni5(P3O11)2,
mp-705425,Ni6P7O24,
mp-585331,Li4Co5(P3O11)2,
mp-705405,Cr6P7O24,
mp-850888,LiV2P4(HO8)2,
mp-850766,LiV2P4(HO8)2,
mp-767825,Cr22Ni50Mo3,
mp-694895,Ge(WO3)6,
mp-766895,Cr8Ni50Mo17,
mp-685901,K4Pt2I9,
mp-698613,La14Mn16O45,
mp-675061,Sr24Ta8O43,
mp-853186,Li35(FeO4)8,
mp-767372,Cr8Ni50Mo15W2,
mp-685320,Li20B54O,
mp-680163,CdI2,
mp-1006594,Ta36B4C35,
mp-758289,Th4Ta18O53,
mp-766364,La19(RuO6)8,
mp-766955,K6Na2MnH24(WO6)6,
mp-780479,LiV2P4(HO8)2,
mp-695113,P4H35C4(NO)16,
mp-706657,Al13Si5H18ClO38,
mp-677563,ZnCuHg4As7S12,
mp-720989,Na9Zr8Si4(P4O23)2,
mp-674522,K6U4O15,
mp-530696,Ca8H3N4,
mp-531773,Li28Mg22N25,
mp-765173,LiVCrP2(O4F)2,
mp-704185,Fe4(PO4)3,
mp-768755,Li2Sn2(SO4)3,
mp-700156,Eu4Mo4O11,
mp-686294,Ce4Si4N7ClO3,
mp-850772,Li8CoNi9O20,
mp-851000,Li9Mn7Cr12O48,
mp-758551,K3EuSi3(HO5)2,
mp-775731,Li9(NiO4)2,
mp-677733,K2TiAl(PO4)3,
mp-850774,Li3V4(OF3)3,
mp-850928,Li9Nb7V12O48,
mp-698691,K4Ti3Ni(PO4)6,
mp-767488,Li2ZrFe(PO4)3,
mp-778555,Li2Mn2(SO4)3,
mp-778400,Li2Fe2(SO4)3,
mp-775291,Li2Mn2Cr3O12,
mp-778232,Li2V3Cr2O12,
mp-775129,Li2Cr3(FeO6)2,
mp-766284,Sr4(RuO4)3,
mp-849311,MgSb2H2F14,
mp-697850,Li2Cr(PO3)4,
mp-850893,Li9V12Fe7O48,
mp-684977,Zr27O49,
mp-744206,Fe3P2H3O11,
mp-776874,Li2V3(FeO6)2,
mp-776871,Li2V5O12,
mp-697754,Li2V(PO3)4,
mp-743835,MnH4(SO6)2,
mp-776792,NaV3P2O13,
mp-851285,Li2Fe2(PO4)3,
mp-773797,Li2Cr5O12,
mp-743574,K3LiMn4(MoO4)6,
mp-772468,Li2Cr3(CoO6)2,
mp-673849,Si6O13,
mvc-12287,Mg2Fe2(SiO4)3,
mvc-12271,Ca2Fe2(SiO4)3,
mvc-12258,Ca2Mn2(SiO4)3,
mvc-12796,AlFe3(SiO4)3,
mp-654223,Mn11Ge8,
mvc-11377,Ca2Cr2(SiO4)3,
mvc-11375,Mg2Mn2(SiO4)3,
mp-652683,Ba2Fe6O11,
mp-944271,K2Fe2(SO4)3,
mp-763403,LiP4WO13,
mp-777509,Li2Cr(PO3)4,
mp-761497,Li2Ni(PO3)4,
mp-744240,CaFe2P3HO12,
mp-774367,Li2Cr(PO3)4,
mp-694934,Li2TiFe(PO4)3,
mp-743880,K4Hf3Mn(PO4)6,
mp-676829,Li49Cu8N19,
mp-851269,V4Cr2O13,
mp-743671,K4Ti3Mn(PO4)6,
mp-743604,K4NbFe3(PO4)6,
mp-780453,Tb4Nb4O11,
mp-773635,Li8Mn2O9,
mp-759278,Li2Cu(PO3)4,
mp-781789,Li4NbIn3(PO4)6,
mp-772619,Li8Te2O9,
mp-707020,H10S(NO)4,
mp-677082,Ce4Si4N7ClO3,
mp-16699,Li6Gd(BO3)3,
mvc-15182,Mg2Cr2(SiO4)3,
mp-780911,Li2Mn(PO3)4,
mvc-13578,Mg2V2(SiO4)3,
mp-770191,Li2V2(SO4)3,
mp-771778,Tm2P4O13,
mp-652901,Cs2Mn(PO3)4,
mp-652224,Rb2Cu2(MoO4)3,
mp-684707,Fe7S12,
mp-763555,Li2V(PO3)4,
mp-763539,LiP3W2O13,
mp-778041,Li9Mn7(PO4)12,
mvc-12907,Al4(BiS4)3,
mvc-12845,Al4(BiSe4)3,
mp-763480,LiP3W2O13,
mp-763452,LiP3W2O13,
mp-778760,Ni4(PO4)3,
mvc-13593,MgFe2(SiO3)4,
mp-708965,H8C3(NO)4,
mp-780676,Na2Cr4O13,
mp-780667,CaSb2H2F14,
mp-769458,Li6Ti(BO3)3,
mp-935267,Li4UC3O11,
mp-762825,Li2Mn(PO3)4,
mp-766403,Mg3Cu9(SiO3)16,
mp-780190,Li2Cr3(NiO6)2,
mp-762642,Li2Fe(PO3)4,
mp-645487,Na2Co(NO3)4,
mp-849282,Li9V12Te7O48,
mp-643125,Cs2Co(PO3)4,
mp-780377,Lu2P4O13,
mp-780361,La2P4O13,
mp-642578,K2Mn2(SO4)3,
mp-707239,H8C2SeS2(BrN2)2,
mp-707208,H8C2SeS2(N2Cl)2,
mp-707177,HC5N3(OF4)2,
mp-771392,LiMn3(PO4)3,
mp-777579,Li8Fe7Sn(PO4)12,
mp-780003,La2P4O13,
mp-779989,Gd2P4O13,
mp-770561,Mn2P4O13,
mp-777316,Li8MnNi7(PO4)12,
mp-867237,KB6(HO)6,
mp-6696,K2Ti2(PO4)3,
mp-777217,Li8TiFe7(PO4)12,
mp-779737,Ho2P4O13,
mp-777033,Li9V19O48,
mp-777017,Li8Mn7Ni(PO4)12,
mp-777004,Li9Fe7(PO4)12,
mp-694930,Na2FeSn(PO4)3,
mp-770782,Li6V(BO3)3,
mp-776829,Li8Mn7Cr(PO4)12,
mp-706228,K4Ti3Co(PO4)6,
mp-761169,Zn2Hg2H2S2O11,
mp-705889,Cs4Zr3Mn(PO4)6,
mp-705887,Li2TiCr(PO4)3,
mp-779463,Dy2P4O13,
mp-779420,Dy2P4O13,
mp-774848,H10SeO8,
mp-763865,V6O5F8,
mp-19543,Rb2Mn2(SO4)3,
mp-779147,Ho2P4O13,
mp-705524,CuH7C3SN3O4,
mp-705520,Sn3H4(NO5)2,
mp-734124,H8C2(N2O)3,
mp-705400,LiCr2P3O13,
mp-705398,LiFeP4O13,
mvc-14467,Sr6Y2Co3(Cu2O7)3,
mp-760133,Li6Ag3F10,
mp-766957,FeBP2H5NO9,
mp-705345,Cs2Cr4O13,
mp-851274,Li9Cr19O48,
mp-705277,Li2Co(PO3)4,
mp-677179,BaNaIn2(PO4)3,
mp-853258,Li2V2(PO4)3,
mp-556867,K2PrZr(PO4)3,
mp-759928,K3TbSi3(HO5)2,
mp-759925,Zn2Hg2H2Se2O11,
mp-770410,Li2Cr2(SO4)3,
mp-622214,Cs2Co2(MoO4)3,
mp-722382,PH11C(NO2)2,
mp-677703,Nd4Si4N7ClO3,
mp-770331,Li2Ni2(SO4)3,
mp-13614,Rb2Be3Cd2F12,
mp-759242,InH10N2Cl5O,
mp-772658,Li9Mn7V12O48,
mp-772575,Li9V12Cr7O48,
mp-772560,Li9V12Cr7O48,
mp-667545,Ir3(CO)8,
mp-735924,Pr16Si16N27Cl3O14,
mp-778578,Li2Co2(SO4)3,
mp-775466,K2InSi4HO11,
mp-780240,Gd2P4O13,
mp-763467,LiPW4O13,
mp-780181,Na2Cr4O13,
mp-758527,K3ErSi3(HO5)2,
mp-776850,Li2Mg2(WO4)3,
mp-720712,Cr2H24(IN3)3,
mp-772323,Li2Cr4O13,
mp-705306,K2Co2(MoO4)3,
mp-685586,Ag3(Bi2Br3)7,
mp-677714,K2YbSn(PO4)3,
mp-25798,VBP2H5NO9,
mp-26267,Li2Cu(PO3)4,
mp-26271,Li2Sn(PO3)4,
mp-504167,LiMn6P7O24,
mp-504251,Mn4(PO4)3,
mp-504315,LiV6P7O24,
mp-504357,Cr4(PO4)3,
mp-504358,LiCr6P7O24,
mp-504371,LiNi6P7O24,
mp-28643,H9CN9,
mp-27141,P2H8O9,
mp-27169,KTa5O13,
mp-30105,Ba2B4Se13,
mp-21742,Ba5AlIr2O11,
mp-23777,H8C3SN(OF)3,
mp-505288,CaAl2Si2(H2O5)2,
mp-27657,Ca2B6O11,
mp-29215,Te4P2O13,
mp-705240,Cr4(PO4)3,
mp-31523,K2Co2(SO4)3,
mp-31557,LiCo6P7O24,
mp-559070,Li2Hg(PO3)4,
mp-567022,K3Bi5(AsO4)6,
mp-532491,EuZr3F15,
mp-542517,Co2Hg2H2S2O11,
mp-571397,Cs3Tb10C4Cl21,
mp-561240,Mo5O14,
mp-567194,Mn2Nb9Ge8,
mp-542719,Na3Ca(BO2)5,
mp-540135,Li2Mn(PO3)4,
mp-542813,K2BeH4(SeO5)2,
mp-540171,Li2Ni(PO3)4,
mp-569292,ZrCuH8C2NCl6,
mp-542884,Rb2BeH4(SO5)2,
mp-764174,Na2V2(PO4)3,
mp-15599,K2Ca2(SO4)3,
mp-781112,Li8Fe7Co(PO4)12,
mp-781083,Li8Mn7V(PO4)12,
mp-770861,Li8Cr2O9,
mp-684534,LiNbP4O13,
mp-779405,Li3V4(OF3)3,
mp-684052,LiSn6P7O24,
mp-763859,Li8MnCo7(PO4)12,
mp-738684,K5YH8(CO2)8,
mp-763533,Li8Mn7Co(PO4)12,
mp-735589,CaV2P3HO12,
mp-763453,Ca3V10O25,
mp-558752,Rb2Ca2(SO4)3,
mp-760370,Bi6O5F8,
mp-760332,Sb6O5F8,
mp-743573,KBaFe2(PO4)3,
mp-680460,Rb2Cd2(SO4)3,
mp-733481,B8H10N,
mp-849987,FeH10N2Cl5O,
mp-707014,P2H10S4N2O,
mp-706624,H9OsN7Cl2,
mp-772644,Li6Cr(BO3)3,
mp-770390,Li2Cr4O13,
mp-31639,Na2TiCr(PO4)3,
mp-559398,Tm4Mo4O11,
mp-540522,Mn4(PO4)3,
mp-699888,Na2TiFe(PO4)3,
mp-561414,K3Hg3S2Br5O6,
mp-562057,Cs2Ca2Be3F12,
mp-557285,Ho11Te16ClO48,
mp-31773,Li2Fe2(MoO4)3,
mp-573727,Bi8SbAuBr9,
mp-19704,Mg2Tl2(MoO4)3,
mp-554296,Er4Mo4O11,
mp-555282,Ga2S5N5Cl7,
mp-568580,Na10(Ga2Sn)3,
mp-579722,K3Fe5(PO4)6,
mp-559715,Li2Cd(PO3)4,
mp-561944,Ba(RuO2)6,
mp-580925,P(W2O7)2,
mp-555436,S5N2(O2F)4,
mp-554863,KNb5O13,
mp-562181,Cr2P4O13,
mp-558422,Ho4Mo4O11,
mp-555507,Sr10Al2ClF25,
mp-554928,H12C3NF3,
mp-570053,Bi8AsAuCl9,
mp-5599,U5Re5Si9,
mp-32040,Tb4Mo4O11,
mp-582794,Nd3Ti4O12,
mp-762743,Li2Mn2(PO4)3,
mp-776979,Li9(CoO4)2,
mp-769636,Li2Cu2(SO4)3,
mp-706285,Na2H4PtC4Br2(N2O)2,
mp-762604,Li8VFe7(PO4)12,
mp-772526,Li6Mn(BO3)3,
mp-773577,Li8Fe2O9,
mp-772525,Li6Fe(BO3)3,
mp-758929,Li2Cu(PO3)4,
mp-649616,Pd(XeF8)2,
mp-703376,UP3H7O8,
mp-997544,Li2V2(PO4)3,
mp-770674,Li9V12Fe7O48,
mp-699390,Pr4Si4N7ClO3,
mp-603725,V2CoH4C4(NO3)2,
mp-772959,Er2P4O13,
mp-772958,Er2P4O13,
mp-769070,BaY4Cl14,
mp-769036,Li8Nb2S9,
mp-853223,Li9Cr19O48,
mp-853217,Li9Mn7Cr12O48,
mp-617233,Rb2Cr4O13,
mp-601830,BaTe2Mo2(HO6)2,
mp-565204,K2Ni2(MoO4)3,
mp-32076,LiMoP4O13,
mp-32080,LiMo2P3O13,
mp-583762,Na3W3Cl13,
mp-555612,Sb4IrC5ClO5F22,
mp-565253,VH16C6N6O7F2,
mp-32125,LiMo2P3O13,
mp-6046,Na4UC3O11,
mp-565334,VH10N2(OF2)2,
mp-6578,Ba3B(PO4)3,
mp-6724,K2Cd2(SO4)3,
mp-6796,Ca5Si2CO11,
mp-560158,Na3Zn(BO2)5,
mp-565471,K2Mn2(SO4)3,
mp-32521,Li2V2(PO4)3,
mp-565529,V4Fe2O13,
mp-565692,K3Bi5(PO4)6,
mp-505685,Nb2Te4O13,
mp-566293,K3Gd5(PO4)6,
mp-677014,K2ErTi(PO4)3,
mp-556813,Y4Mo4O11,
mp-556819,Tl2Cd2(SO4)3,
mp-560777,K3Hg3S2Cl5O6,
mp-560785,K2Y4Sn2S11,
mp-566596,Lu4Mo4O11,
mp-530027,Si6O13,
mp-566653,Fe3(TeO3)4,
mp-566678,Rb2Mo3SO13,
mp-566704,RbMn6As7O24,
mp-566720,Rb2Mn(PO3)4,
mp-566727,NaMo2P3O13,
mp-556518,K2Pd(NO3)4,
mp-530217,PrZr3F15,
mp-571123,Cr11Ge8,
mp-570836,K5Ag2(AsSe3)3,
mp-530429,YZr3F15,
mp-530524,Zr3TlF15,
mp-530695,GdZr3F15,
mp-530728,Sc11Nb3O24,
mp-510545,K2BeH4(SO5)2,
mp-19562,KMn6P7O24,
mp-550254,Cs2Co(NO3)4,
mp-19661,Rb2Ni2(MoO4)3,
mp-707471,ZnH12(IN2)2,
mp-556341,Ti4S8Br6O,
mp-29905,Mn9(NbGe4)2,
mp-29906,Mn4Nb7Ge8,
mp-10771,Dy4(SiS4)3,
mp-778485,Ba2Ga6O11,
mp-706279,Li2ZrFe(PO4)3,
mp-695209,KNb4AsO13,
mp-560328,Ag15P4S16Cl3,
mp-765463,ErH3(SO4)3,
mp-704198,LiMo2P3O13,
mp-649982,Sb8(Pb3S7)3,
mp-600278,CoH18C4N7O8,
mp-684015,Bi9AuBr9,
mp-738675,CuH9C4S4N,
mp-757666,CaB5H3O10,
mp-604964,PH9C(NO)4,
mp-600167,CuH6(CO2)4,
mp-851270,Li9Mn7V12O48,
mp-6115,K2Zn2(SO4)3,
mp-603609,AlH20Ru(Cl3O5)2,
mp-745139,Na2Cr(HO)8,
mp-697260,CdH8C2S2(BrN2)2,
mp-6372,K2Be3Zn2F12,
mp-697957,ZnH8C2I2(N2O)2,
mp-781113,Li8Fe7Ni(PO4)12,
mp-781111,Li8Mn7Nb(PO4)12,
mp-13613,K2Mg2Be3F12,
mp-13792,KTaP4O13,
mp-560687,Nb3Te8I7O,
mp-560724,Na4UC3O11,
mp-531125,Ag7(PbO3)3,
mp-531484,Y5U2O12,
mp-531533,YbZr3F15,
mp-531792,LuZr3F15,
mp-532178,Yb4Zr3O12,
mp-532290,Zr3BiF15,
mp-566178,NaZnFe2(PO4)3,
mp-19525,K2Mn2(SO4)3,
mp-757483,Y6O5F8,
mp-1020716,Rb3B(SO4)3,
mp-1020740,YBe2B5O11,
mp-1020024,Li6B4O9,
mp-1019789,K3B(SO4)3,
mp-757138,Li2Sn(PO3)4,
mp-849438,Li8CrFe7(PO4)12,
mp-744440,Co3C7S2O7,
mp-1020643,Rb3Zn(BO2)5,
mp-1019806,KMg6P7O24,
mp-1019787,K2NaZn(BO2)5,
mp-1019786,K3Zn(BO2)5,
mp-1019539,BaB2S3O13,
mp-704534,K4Zr3Mn(PO4)6,
mp-776113,Li8TiMn7(PO4)12,
mp-776163,Li8NbFe7(PO4)12,
mp-776491,Lu2P4O13,
mp-773157,Li9Cr12Co7O48,
mp-776668,Li8Mn7Fe(PO4)12,
mp-690929,Cs4MgZr3(PO4)6,
mp-776746,Li8Fe7Sb(PO4)12,
mp-12160,Li6Ho(BO3)3,
mp-14646,Li2Mg2(SO4)3,
mp-14704,Li6Y(BO3)3,
mp-23592,Ag2Hg7(As2I3)2,
mp-28227,Ni11As8,
mp-28271,Sn5BF13,
mp-28030,Li8Nb2O9,
mp-15600,K2Ca2(SO4)3,
mp-15750,TaAgP4O13,
mp-16382,KCd6P7O24,
mp-16402,Tb4(SiS4)3,
mp-24603,CaAl2Si2(H2O5)2,
mp-19550,AgMo2P3O13,
mp-19555,RbMo2P3O13,
mp-19564,NaMn6P7O24,
mp-19577,K2Ni2(SO4)3,
mp-19589,Mn6AgP7O24,
mp-24757,AlBP2H5NO9,
mp-19635,Sm4Mo4O11,
mp-19669,Dy4Mo4O11,
mp-19693,K2Zn2(MoO4)3,
mp-28238,Ba4Sb4Se11,
mp-30906,Sr2Al6O11,
mp-6623,Rb2Cd2(SO4)3,
mp-6276,K2Cd2(SO4)3,
mp-622186,K2Mn2Be3F12,
mp-532541,CsBaIn2(PO4)3,
mp-24618,AlH10N2OF5,
mp-866308,CaB2(H7N)2,
mp-758284,ZnP2H7NO8,
mp-567044,K3Sc(MoO4)3,
mp-770280,Li6Bi(BO3)3,
mp-557613,K2Mn2Be3F12,
mp-15363,Li6Yb(BO3)3,
mvc-15102,Mn3Al(SiO4)3,
mp-600941,SrCo2As2(H2O5)2,
mvc-15114,AlCo3(SiO4)3,
mp-25753,FeH10N2OF5,
mp-6299,K2Mg2(SO4)3,
mp-694868,Rb2ZrFe(PO4)3,
mp-6067,Tl2Cd2(SO4)3,
mp-600220,InH6(CO3)3,
mp-677250,K2LuZr(PO4)3,
mp-769411,Li6B3SbO9,
mp-744747,V2P2H4O11,
mp-672176,K3Sc(MoO4)3,
mp-532727,K2YZr(PO4)3,
mp-683941,Nb14S5,
mp-540149,Li2Fe(PO3)4,
mp-705369,LiCo6P7O24,
mp-654187,Ho4Mo4O11,
mp-699665,Cs2Co(NO3)4,
mp-705406,LiNi6P7O24,
mp-705403,LiCr6P7O24,
mp-773959,Cr4(PO4)3,
mp-703320,Sr16Fe6Co2Mo8O45,
mp-686724,Sr2La14Mg4(Ga4O15)3,
mp-686367,Sr2La14Mg4(Ga4O15)3,
mp-685767,Ta24Ti5Se48,
mp-698611,Bi28Mo2O47,
mp-697830,Zn(FeO2)2,
mp-762377,Mn3(Ni17O20)2,
mp-677305,Li17Ti20O40,
mp-570148,Y11(Ni10C)6,
mp-761961,Rb5(WO3)18,
mp-705753,Fe38O39,
mp-685674,Nb40N21O16,
mp-767798,Ni17(AsO4)12,
mp-746343,NiH44C12N8(ClO5)2,
mp-720460,Na9Zr8Si4(PO6)8,
mp-578781,BaP4(W2O7)8,
mp-705798,La14Mn15O48,
mp-686382,Sr2La14Mg2Ga14O45,
mp-530018,Ta27S50,
mp-677246,Ba6Ti2Nb10Si8O51,
mp-720112,Sr5Al10(Si7O24)2,
mp-705619,Cr2Bi28O47,
mp-531103,Y2Zr24O51,
mp-531572,Sr25Cl52,
mp-763810,Li17Fe6(Si2O7)6,
mp-1097708,Fe65(BN)6,
mp-14326,Tm11(Ni10C)6,
mp-8792,Yb11(Ni10C)6,
mp-532092,Ba16Bi16O45,
mp-768329,LiFe2(PO4)2,
mp-686097,Li7Nb8O24,
mp-765420,Li11V4F24,
mp-698628,La8Mn7O24,
mp-696089,ZnH20S2(NO7)2,
mp-703276,Ca5Al11TlSi13O48,
mp-617548,Cs3Mo5P7O24,
mp-763814,Mn(Ni9O10)2,
mp-743741,Co5P4(HO2)10,
mp-652144,Cs3Mo5P6O25,
mp-778589,Ba4Ce2O7,
mp-767732,BaMn4O8,
mp-722963,CuH20S2(NO7)2,
mp-662590,U5(B12Mo5)2,
mp-766643,K4Fe2O7,
mp-721635,FeH20S2(NO7)2,
mp-680437,K3GdSi2O7,
mp-762463,Li3CrSi2O7,
mp-744309,NiH20Se2(NO7)2,
mp-997543,Li3FeSi2O7,
mp-773893,SnSb2H24C8(SCl)2,
mp-764294,Na5V4(PO4)6,
mp-780871,LiFe2(SiO4)2,
mp-637436,Tm10In20Co9,
mp-706284,ZnH20S2(NO7)2,
mp-771905,Mn(PO3)3,
mp-771870,LiMn2(PO4)2,
mp-705834,BaFe15O23,
mp-771654,LiMn2(PO4)2,
mp-771544,LiMn2(PO4)2,
mp-691065,K6Ba2CaU6O24,
mp-706869,La2ThTa(ClO2)3,
mp-771281,Li5V4(PO4)6,
mp-780126,Li3MnSi2O7,
mp-770652,LiCr3O9,
mp-779544,Ba4Y2O7,
mp-762151,Sr21Co14O43,
mp-853263,Li5V4(PO4)6,
mp-733849,Li2P2H2O7,
mp-699445,K2P2H2O7,
mp-630852,Sr2Co(PO4)2,
mp-722275,CuH20S2(NO7)2,
mp-1020704,Sr2Ge(S2O7)4,
mp-850962,LiFe2(SiO4)2,
mp-504189,Li3Fe3(PO4)4,
mp-504236,Li3Ni3(PO4)4,
mp-27111,Li3Sb3(PO4)4,
mp-504531,CuH20S2(NO7)2,
mp-30179,Mn6Al31Ni2,
mp-30198,Ba4Ga2O7,
mp-21922,Te3(PbO4)2,
mp-505199,Ti(PO3)3,
mp-23911,MgH20S2(NO7)2,
mp-559177,Mg7Si8(O11F)2,
mp-542659,CoH20S2(NO7)2,
mp-30729,Ho10In20Ni9,
mp-559292,P6Pb3Xe11F58,
mp-556809,Sr11(OsO6)4,
mp-685266,LiMg7N5,
mp-707284,H24PdC8(NCl2)2,
mp-707249,H24C8S(NO2)2,
mp-763894,Li3Fe3(PO4)4,
mp-763523,Li3V3(PO4)4,
mp-735514,MnH18C4N8(ClO)4,
mp-720249,Ba6Yb6Al13Si11N29O13,
mp-707039,ZnH20S2(NO7)2,
mp-557040,Lu(PO3)3,
mp-31644,Li3Cr3(PO4)4,
mp-567795,Tm10In20Rh9,
mp-569514,Zn49Pt29,
mp-559484,Ba11(OsO6)4,
mp-540549,Al(PO3)3,
mp-557423,Na2B4O7,
mp-557544,Fe(PO3)3,
mp-554463,Na3LuSi2O7,
mp-557743,KCaAl2F9,
mp-557764,Sr2Ni(PO4)2,
mp-540731,MgB4(H9O8)2,
mp-569806,K5Na(Ti2Se9)3,
mp-554749,P3IrO9,
mp-554808,SnH22(Cl3O5)2,
mp-555421,Na3TmSi2O7,
mp-570021,Ti6Tl5AgSe27,
mp-558754,Sb4OsC6(O3F11)2,
mp-558857,K3(Mo7O11)2,
mp-677203,H24C8Se(NO2)2,
mp-783904,NiH20S2(NO7)2,
mp-698475,K4ErP6H6ClO21,
mp-703398,CuH20Se2(NO7)2,
mp-997545,Li3Mn3(PO4)4,
mp-720494,K4TeP4(HO2)10,
mp-686718,Sr5Al11TlSi13O48,
mp-705775,La5Mn5O16,
mp-779385,Li3Cr3(PO4)4,
mp-705750,La2(WO3)19,
mp-705613,Bi14MoO24,
mp-778730,LiMn2(PO4)2,
mp-32060,Li3Mo3(PO4)4,
mp-565245,Dy2Hf2(MoO4)7,
mp-585338,Li3Mn3(PO4)4,
mp-559996,Al(PO3)3,
mp-555822,W10O29,
mp-32511,Li3V3(PO4)4,
mp-565587,V3Cd5P6O25,
mp-570535,NiH20(C4N5)2,
mp-541532,Cr(PO3)3,
mp-8614,K3NdSi2O7,
mp-555952,Sb4RuC6(O3F11)2,
mp-566452,K8Hf(MoO4)6,
mp-566495,Na8Hf(MoO4)6,
mp-566531,K8Th(MoO4)6,
mp-566599,La(IO3)3,
mp-565913,K8Zr(MoO4)6,
mp-556281,Sc(PO3)3,
mp-571298,SiC,
mp-531036,Ba8Nb7S24,
mp-699265,BH6Ru3C6O19F4,
mp-29532,Ca11(ReO6)4,
mp-757466,Li3Si2BiO7,
mp-745047,CrH20S2(NO7)2,
mp-677520,KBa6Zn4(GaO3)7,
mp-767929,Li3VSi2O7,
mp-758651,Li3Sb3(PO4)4,
mp-695434,Li7Zr3Nb(TeO6)4,
mp-720205,Sr3Tm3Al4Si8N17O4,
mp-767862,MnCu4H14(SO9)2,
mp-1020009,Li2Ca2Si2O7,
mp-744629,CoH18C4N8(ClO)4,
mp-14535,In(PO3)3,
mp-531071,NaTa4O8,
mp-531409,Li7Nb8O24,
mp-542766,Mo(PO3)3,
mp-757551,Li3Sn3(PO4)4,
mp-1020612,Sr2Si(S2O7)4,
mp-1019808,KBe2B3O7,
mp-14935,P3RhO9,
mp-24436,Ca5As4(HO2)10,
mp-15560,Ga(PO3)3,
mp-16000,Cs5Ti6AgSe27,
mp-16001,Rb5Ti6AgSe27,
mp-16457,Tl2B4O7,
mp-16594,K3TbSi2O7,
mp-16595,K3DySi2O7,
mp-16596,K3HoSi2O7,
mp-16597,K3ErSi2O7,
mp-16598,K3TmSi2O7,
mp-16599,K3YbSi2O7,
mp-19590,FeSb4C6(O3F11)2,
mp-24759,ZnH20Se2(NO7)2,
mp-25725,VH20S2(NO7)2,
mp-25732,Be2CoH20N2(O3F4)2,
mp-25735,CoH20Se2(NO7)2,
mp-25776,NiH20S2(NO7)2,
mp-698566,La7Mn8O24,
mp-774527,Na2Ti12O25,
mp-758234,P2Pb3O8,
mp-29908,Sr11(ReO6)4,
mp-744430,Mn5P4(HO2)10,
mp-558268,Ca4Si6Pb6Cl2O21,
mp-554562,Ti2Cu9(B3O11)2,
mp-759665,ZnH20S2(NO7)2,
mp-771259,LiMn2(PO4)2,
mp-707876,Ca3Be2P4(HO2)10,
mp-698329,ZnH16C6(N3O5)2,
mp-532358,CaNb4O8,
mp-622112,K3(Mo7O11)2,
mp-700136,Fe(PO3)3,
mp-703370,Ca13Si10H12(O17F5)2,
mp-686088,Nb8P15O56,
mp-698592,Li10Mn21O48,
mp-698703,Li15Mn21O43,
mp-774838,Li2Y14Ti14(S2O5)7,
mp-758162,Sr16(Ru5O16)3,
mp-774554,Li2Y14Ti14(S2O5)7,
mp-694887,Li9Mn22O48,
mp-773695,La16Mn15O48,
mp-695096,La16Mg2Ga14O47,
mp-761068,Na11Ti8(PO4)12,
mp-773935,La15Mn16O48,
mp-758374,Ta7(P2O7)8,
mvc-13252,Ca5La10Mn14(NiO24)2,
mp-763257,La16Mn15O48,
mp-28618,Y3(Fe31B7)2,
mp-677528,Na11Zr8Si7P5O48,
mp-686702,Ca4Al11Si13(AgO16)3,
mp-863933,La16Mn15O48,
mp-706658,Mg3P2(H22O15)2,
mp-530846,Li15Nb16O48,
mp-530905,Ba23U8O48,
mp-530885,Rb16Sn16F47,
mp-677550,Ca5Al12Si12(AgO24)2,
mp-685295,Sr22Nb10O47,
mp-677636,Sr22Nb10O47,
mp-675957,Sb26O53,
mp-698183,Mg3P2(H22O15)2,
mp-695286,Li11Sc7Ti(PO4)12,
mp-849384,Li11V8(PO4)12,
mp-775380,Fe19(SiO4)12,
mp-699377,MnSiO3,
mp-698491,NaCa2Al4H8C4ClO20,
mp-768553,Li3Cu2(SO4)3,
mp-645157,Dy3Fe5O12,
mp-686203,Y40Si13S27,
mp-699466,ZnPH7C2N4O5,
mp-850909,Li3Mn2(PO4)3,
mp-863912,Li3Mn2(PO4)3,
mp-686102,Tl3In2Se5,
mp-780218,Na5LaO4,
mvc-3916,Zn3Fe2(SiO4)3,
mp-777683,LiFeF3,
mp-757419,LiTi(SiO3)2,
mp-782665,LiVF3,
mp-16108,Cs3P6N11,
mp-775817,Li5SbS4,
mp-744259,Ca3Mn2(GeO4)3,
mp-764970,Li6MnV3(PO4)6,
mp-694896,NaCa2V3(CuO6)2,
mp-6073,Mg3Al2(SiO4)3,
mp-743703,NaCa2V3(CoO6)2,
mp-743702,Ca2V3Co2AgO12,
mp-743696,Ca3Zr2Fe2SiO12,
mp-764560,Na5CrO4,
mp-758812,Li3Sb2(PO4)3,
mvc-4097,Al2Si3(SnO4)3,
mp-695987,MgH10CO8,
mp-780241,Na5GdO4,
mp-772412,MgSiO3,
mp-761776,LiMn(SiO3)2,
mp-849480,LiMn4(PO4)3,
mp-774963,Na5VO4,
mp-849455,LiMn4(PO4)3,
mp-761767,LiFe(SiO3)2,
mvc-4466,V2Zn3(GeO4)3,
mp-849367,LiFeF3,
mp-686312,Na3Zr2Si2PO12,
mp-686311,Na7Bi3P12(Pb5O24)2,
mvc-4292,Y2Fe3(SiO4)3,
mp-777628,LiMnF3,
mp-774715,Ba4LiNb3O12,
mp-849256,LiCrPH2O5,
mp-697828,NaLaCoWO6,
mp-566555,Li3Nd3(WO6)2,
mp-744605,CoPH4ClO3,
mp-850892,Li12Mn5V3(PO4)12,
mp-775682,Na9Li7V16O48,
mp-761494,LiNi4(PO4)3,
mp-744212,NiPH4ClO3,
mp-774376,Na5VO4,
mp-764655,Li6MnV3(PO4)6,
mp-775642,Li3Mn2V3O12,
mp-775639,Li3MnV(PO4)3,
mp-850104,Li3P3(WO6)2,
mp-775597,Li3Cr2(PO4)3,
mp-759943,Al2O3,196.9018375
mp-6527,Na3Li3In2F12,
mp-776797,Li5FeS4,
mp-759657,Li3CuF6,
mp-776781,Li5FeS4,
mp-775490,NaLi7Fe8(SiO3)16,
mp-775486,Li3Sb2(PO4)3,
mvc-3905,Zn3Cr2(SiO4)3,
mp-851016,LiFePH2O5,
mp-764485,Li6MnV3(PO4)6,
mp-775374,Li3MnV(PO4)3,
mp-775325,Li6MnV3(PO4)6,
mvc-4297,Y2Co3(SiO4)3,
mp-685445,Nb20(O13F7)3,
mp-778288,SrLi4NiO4,
mp-775234,Li3V3(FeO6)2,
mp-556143,Na3Ga3(TeO6)2,
mp-775186,Li8Sc5Fe3(SiO3)16,
mp-764143,Na5FeO4,
mp-662818,Ni5Ge2P3,
mp-762992,LiMnF3,
mp-772918,Sr3TeO6,
mvc-3630,Mg3Si3(SnO6)2,
mp-745155,Na2Ca6Mg7Fe(SiO3)16,
mp-774954,Li3MnV(PO4)3,
mp-763800,Li3Mn2(PO4)3,
mp-695571,Na5Ca6Nd5Zr16O48,
mp-777767,Li3Cu2(SO4)3,
mp-763764,LiMnPH2O5,
mvc-3679,Ca3Si3(SbO6)2,
mvc-14977,Ca3Fe2(SiO4)3,
mp-849349,Li3Fe3(WO6)2,
mp-763538,LiV4(PO4)3,
mp-761597,Li7Mn2P7O24,
mp-761591,Li3Mn2(PO4)3,
mp-651332,SeBr4,
mp-763404,LiV4(PO4)3,
mp-683943,Na2MoC3SeN3,
mp-761522,Li7Fe2P7O24,
mp-774474,Li3Y14Ti14(S2O5)7,
mp-697835,Ca10V5Fe15(BiO24)2,
mp-780259,Li5LaO4,
mp-565213,Lu3Fe5O12,
mp-3538,Hg3TeO6,
mp-566529,Fe5(SiO4)3,
mvc-12090,Al5(BiS4)3,
mvc-12088,Al5(BiSe4)3,
mp-694966,Li3V2(PO4)3,
mp-777032,Li3V5O12,
mp-694948,TiFeO3,
mp-774351,Li3Cr3(CuO6)2,
mp-776910,Li3V3(CoO6)2,
mp-744094,Ba2La6Mg4Ti3WO24,
mvc-4223,Ti2Zn3(GeO4)3,
mp-761374,Li3V2(PO4)3,
mp-761376,Li3V2(PO4)3,
mvc-4189,Y2Si3(SnO4)3,
mp-774311,Li3MnV(PO4)3,
mp-774301,Li3Cr3(NiO6)2,
mp-694913,CaTa2Ga2(CuO4)3,
mp-770641,LiMn7O12,
mp-647391,CeP5O14,
mp-647244,KNi4(PO4)3,
mp-764743,Li6MnV3(PO4)6,
mp-743917,Ca11YAl15Cr4SiO48,
mp-762826,Li3Fe2(PO4)3,
mp-3800,Yb3Al5O12,
mp-646599,KCo4(PO4)3,
mp-646110,Y14(InRh)3,
mp-773942,Li3Fe2(PO4)3,
mp-776790,BaLi4NiO4,
mp-764585,Li6MnV3(PO4)6,
mp-762547,LiFe4(PO4)3,
mp-743726,NaCa3AlFe3(SiO3)8,
mp-693463,NaCa3ScZn3(SiO3)8,
mp-706292,NaMn2V3(PbO6)2,
mp-773727,Li3Mn2(PO4)3,
mp-773702,Li7Cr2P7O24,
mp-759390,Li3Bi2(PO4)3,
mp-643577,MnGeO3,
mp-743266,CaNdMn2O6,
mp-780337,LiCr4(PO4)3,
mp-705890,Ca2V3Ni2AgO12,
mvc-4290,Y2V3(SiO4)3,
mp-642228,MgSiO3,
mp-861635,LiNi4(PO4)3,
mp-780265,Sm3B5O12,
mp-780258,Na5LaO4,
mp-641497,KFeCo3(PO4)3,
mp-677468,Ba16Tb8Nb5(SnO16)3,
mp-780220,Na5CuO4,
mp-696633,Ca10TaTi8Al(SiO5)10,
mvc-3920,Ca3Co2(SiO4)3,
mp-780173,Na5GdO4,
mp-997536,Li3V2(PO4)3,
mp-778433,Li3Cr2(PS4)3,
mp-770780,MnP2O7,
mp-667362,Ce3NCl6,
mp-771293,Mg3WO6,
mp-772147,LiNb7O12,
mp-685385,Tl2In3Se5,
mp-779915,LiVPH2O5,
mp-779893,DyP5O14,
mp-764132,Na3Fe2(PO4)3,
mp-764131,Na3V2(PO4)3,
mp-764128,Na3Fe2(PO4)3,
mp-768986,Li5BiO4,
mvc-4085,Y2Cu3(SiO4)3,
mp-562499,Yb3Ga5O12,
mp-766780,Li3Fe2(PO4)3,
mp-779720,Li5LaO4,
mp-779571,La3B5O12,
mp-775267,Li3MnV(PO4)3,
mp-721905,B5H4NO10,
mp-705804,LiMnO2,
mp-762274,LiCu4(PO4)3,
mp-630331,FeSiO3,
mp-779350,LiCr4(PO4)3,
mp-720505,SrLa7TiGa7O24,
mp-763736,LiMn4(PO4)3,
mp-763606,Li3P3(WO6)2,
mp-763604,Li3Mn(CO3)4,
mp-763477,Li7V2P7O24,
mp-1013864,Na3Fe2(GeO4)3,
mp-780769,LiCu(PO3)2,
mp-778877,Li5InO4,
mp-649521,Si2Ni5P3,
mp-1012670,Na3Ti2(GeO4)3,
mp-1008228,SnPOF7,
mp-762887,LiFe4(PO4)3,
mvc-11380,V2CoO7,
mp-762864,Li3Mn2(PO4)3,
mp-707942,B5H2Pb2O11,
mvc-3646,Zn3Si3(AgO6)2,
mvc-4363,Al2Si3(WO4)3,
mp-1013796,Li3Ni2(GeO4)3,
mp-761336,Li3V2(PO4)3,
mp-780206,LiFePH2O5,
mp-861715,Li3Mn2(PO4)3,
mp-744910,Ca3Y9Al18CrSiO48,
mp-861753,LiNi4(PO4)3,
mp-695427,Na13Zr7Si5P7O48,
mp-776842,SrLi4NiO4,
mp-643029,NiSeO3,
mp-695390,Na13Zr7Si5P7O48,
mp-868151,Li7Ni2P7O24,
mp-707307,Nd2P3(HO2)5,
mp-780333,Li3Bi2(PO4)3,
mvc-4249,Mg3Ge3(SbO6)2,
mp-695070,Ca3Ga2Si(SnO6)2,
mvc-15130,Ca3Fe2(GeO4)3,
mp-998880,H9C8NO2,
mp-780151,Li3Cr2(PO4)3,
mp-695154,Na7Bi3P12(Pb5O24)2,
mp-695112,Na3Zr2Si2PO12,
mvc-4828,Mg3Fe2(GeO4)3,
mp-770670,MnP2O7,
mp-764147,KLiH2WO5,
mvc-5151,Mg3Mn2(GeO4)3,
mp-694988,Na3Ca10Mn7V12O48,
mp-779907,LiMnPH2O5,
mp-779889,Li5FeO4,
mp-761416,LiFe(SiO3)2,
mp-779876,Li3MnV(PO4)3,
mp-649756,AgAsS6N4(OF3)2,
mp-770329,Rb5FeO4,
mp-770305,Rb5FeO4,
mp-561330,Na3Li3Cr2F12,
mp-779830,Li3MnV(PO4)3,
mp-779850,Li5NiO4,
mp-779826,Li3MnV(PO4)3,
mp-779773,Na5GdO4,
mp-762329,Li7Sb2P7O24,
mp-779650,Na5CuO4,
mp-781609,Ho3Fe5O12,
mvc-3609,Mg3Cu2(SiO4)3,
mp-14565,K3P6N11,
mp-775157,Li6MnV3(PO4)6,
mp-705828,Li23Ni17O40,
mp-770726,Li9Al(CoO4)2,
mvc-4480,Y2Si3(WO4)3,
mvc-4340,Al2V3(SiO4)3,
mp-867524,KH4O4F,
mp-770680,Li9Mn2AlO8,
mp-774753,Li5GaO4,
mp-774732,Li5BiS4,
mp-743862,Ca2YFe4SbO12,
mp-557953,Hg3TeO6,
mp-743575,Ca3Hf2Fe2SiO12,
mp-694869,Ca2YFe3(SnO6)2,
mp-743786,Mg7VFeMo15O56,
mp-779125,DyP5O14,
mp-743787,Na3Mg4CrSi8(O11F)2,
mp-735504,KVPHO6,
mvc-4316,Y2Cr3(SiO4)3,
mp-778914,Li6MnV3(PO4)6,
mvc-4333,Y2Si3(NiO4)3,
mp-14049,Ba3Al2(SiO4)3,
mvc-4445,Mg3Ge3(WO6)2,
mp-566912,Er3Fe5O12,
mp-705397,Li3Ni2(PO4)3,
mp-733613,H6AuBrN2,
mp-770517,Li9Al(NiO4)2,
mp-770514,Li5MnO4,
mp-733581,PrH(SeO3)2,
mp-770510,Li5MnO4,
mp-694049,NaCa4TaTi4(SiO5)5,
mp-762044,Li3Sb2(PO4)3,
mp-778701,Li6MnV3(PO4)6,
mp-743704,Ca4Y2Al7Cr2SiO24,
mvc-4256,Zn3Ge3(SbO6)2,
mvc-13572,Mn2Be3(SiO4)3,
mp-693409,Ca10Ti8NbAl(SiO5)10,
mvc-4236,Mg3Ag2(GeO4)3,
mp-649524,K3Fe2(PO4)3,
mp-770528,Li5MnO4,
mp-773691,LiFe(SiO3)2,
mp-723054,CdHSeNO6,
mp-679986,Ce3Br6N,
mp-722862,CdH3NO5,
mp-557327,Na3Li3Co2F12,
mvc-5319,Ca3Mn2(GeO4)3,
mp-2921,Gd3Ga5O12,
mp-766728,LiV(SiO3)2,
mp-722369,Na3B5(HO5)2,
mvc-4440,Zn3Ge3(MoO6)2,
mp-677573,NaCa2Mg2(AsO4)3,
mp-721328,CaAsH3O5,
mp-764756,Li6MnV3(PO4)6,
mp-677095,Na2CaSn2(GeO4)3,
mp-758841,LiCu2F7,
mp-567109,Mn2Fe3(SiO4)3,
mp-720861,H13ClO6,
mp-769262,K5YO4,
mp-720859,VH11N3Cl5,
mp-758536,KAl2P2H4O11,
mp-28161,Na3P6N11,
mp-695000,LiMg6Sc(SiO3)8,
mp-705527,ReH(CO)4,
mp-762116,LiCu4(PO4)3,
mp-775435,Li3MnV(PO4)3,
mp-28476,SrBiSe3,
mp-30443,Be17Ru3,153.4991375
mp-504139,Li3Ni2(PO4)3,
mp-504186,Li3Fe2(PO4)3,
mp-504250,LiMn4(PO4)3,
mp-504257,Li3Ni2(PO4)3,
mp-504260,LiCu4(PO4)3,
mp-504271,Li3Ni2(PO4)3,
mp-26701,Li3Sn2(PO4)3,
mp-28597,Na5InTe4,
mp-504356,LiCr4(PO4)3,
mp-29990,La3B2N5,
mp-504385,Li3Fe2(PO4)3,
mp-504397,LiMn4(PO4)3,
mp-30001,Ba16Nb5N19,
mp-27069,Li3Bi2(PO4)3,
mp-27093,Li3Sn2(PO4)3,
mvc-4352,Al2Si3(NiO4)3,
mp-27147,Rb3BiBr6,
mp-28707,PrNb5O14,
mvc-3917,Zn3Si3(MoO6)2,
mp-3457,ErP5O14,
mp-23549,Bi3B5O12,
mp-21757,Eu3Al5O12,
mvc-3903,Mn2Zn3(SiO4)3,
mp-23682,KH3(CO2)2,
mp-23688,RbH3(CO2)2,
mp-30233,Na3As7,
mp-21989,Ca3Sc2(GeO4)3,
mp-23806,BaAsH3O5,
mp-1020161,Na3Al2(PO4)3,
mp-31194,Li13(Ga7Cu2)3,
mp-30330,UP2O7,
mp-30369,Ca7Au3,
mp-27483,Li5TlO4,
mp-19686,Sm3Fe5O12,
mp-768967,Li5BO4,
mp-24228,Na2CuH6C2O9,
mp-29183,LaNb7O12,
mp-29197,La3Br6N,
mp-569900,Sc3Zn17,
mp-1013808,Na3Ni2(GeO4)3,
mp-30537,TbP5O14,
mp-27925,KEr2F7,
mp-29377,K5GaSe4,
mp-31522,Na5CoO4,
mp-31595,Li3Co2(PO4)3,
mp-542541,CsPH3O4F,
mp-561216,CuGeO3,
mp-532565,SrLa7TiGa7O24,
mp-559096,Rb2TeH6SO10,
mp-559103,Na7Y2P7O24,
mvc-3700,Zn3Si3(SnO6)2,
mp-559115,P2RhClF6,
mp-532695,Na3Zr2Si2PO12,
mp-532789,Li6Nd6Sb(TeO8)3,
mvc-3925,Ca3Si3(MoO6)2,
mp-559142,KLi(PO3)2,
mp-554951,GaH20C2S2NO14,
mp-5800,Sm3Ga5O12,
mp-567143,Lu14(InCo)3,
mp-534838,Ca10Ta3Ti4Al3(SiO5)10,
mp-534850,NaCa9Ti9Nb(SiO5)10,
mp-559182,P2IrClF6,
mp-559251,K3Cr2(PS4)3,
mp-556940,MgSiO3,
mp-559281,Na3Cr2(PS4)3,
mp-567268,GdH8C10N(O2F3)4,
mp-540113,Li3Cr2(PO4)3,
mp-540121,LiMn6PO12,
mp-540129,Li3Cr2(PO4)3,
mp-540140,Li3Mo2(PO4)3,
mp-559300,KLi(PO3)2,
mvc-4242,Zn3Cu2(GeO4)3,
mp-555016,CS3NO2F3,
mvc-3663,Ca3Si3(AgO6)2,
mp-652048,OsC4ClO4,
mp-720376,H4SeO5,
mp-720295,UH10N2O7,
mp-720283,K2H6PtC4N4O3,
mp-6008,Ca3Al2(SiO4)3,154.2072396
mvc-4071,Al2Cu3(SiO4)3,
mp-767448,Li4ScFe3(SiO3)8,
mp-781130,Li12MnV7(PO4)12,
mp-557852,Na3Li3V2F12,
mp-777230,P8W3O29,
mvc-3885,Mg3Si3(MoO6)2,
mp-650538,W2C7Br4O7,
mp-650178,Se5SO3F,
mp-775203,Li8ScFe7(SiO3)16,
mvc-3612,Mg3Si3(AgO6)2,
mp-707105,Li3B5(HO5)2,
mp-643154,Li3V2(PO4)3,
mp-642938,RbCr4BiO14,
mp-743769,Mg5Al4Fe(SiO4)6,
mp-775132,NaLi3Fe4(SiO3)8,
mp-684539,Li3Sb2(PO4)3,
mp-684504,Li3Bi2(PO4)3,
mp-779407,Li6MnV3(PO4)6,
mp-743545,CrP3H18C6(SO)6,
mp-775021,NaLi3Fe4(SiO3)8,
mp-562920,CsAl(SiO3)2,
mp-738714,LiHCO2,
mp-640883,VBi(PbO3)2,
mp-774742,Li3Sc2(PO4)3,
mp-683660,MnC4BrO4,
mp-720519,KCd2H8C10N15O4,
mp-706239,NaCa2Mg2V3O12,
mp-706235,NaCa2V3Zn2O12,
mp-777254,Li9Y(NiO4)2,
mp-720394,Ca5TaTi3Al(SiO5)5,
mp-763846,LiMnPH2O5,
mp-779207,Li6MnV3(PO4)6,
mp-720204,NaCa4Ti4Nb(SiO5)5,
mp-762839,LiFe4(PO4)3,
mp-720079,Ba2Na7Ti16Bi7O48,
mp-684467,Rb2EuGa(SiO3)4,
mp-19597,Ca3Mn2(SiO4)3,
mp-619034,ZnSiO3,
mp-707202,ErP2H7O10,
mp-777140,Li4CaNiO4,
mp-780675,Li3MnV(PO4)3,
mvc-4201,Mg3Ti2(GeO4)3,
mp-759874,LiCu(PO3)2,
mp-759734,Li3Bi2(PO4)3,
mp-772671,Li5CrO4,
mp-567532,Sr8(MnN3)3,
mp-566314,Na3Fe2(AsO4)3,
mp-567661,MoPCl5O3,
mp-559375,CsKTeH6SO10,
mp-569421,Hg9P5I6,
mvc-4030,Ti3Al2(SiO4)3,
mp-571580,Er14(InPd)3,
mp-567917,TlBi(PSe3)2,
mp-31672,Li3Cr2(PO4)3,
mp-31681,Li3Cr2(PO4)3,
mp-705377,Li3Ni2(PO4)3,
mp-559474,La5Ti2CuS5O7,
mvc-4436,Zn3Co2(GeO4)3,
mp-1013916,Li3V2(GeO4)3,
mp-669331,Ca3Y2(GeO4)3,
mp-568240,Zn3As2,
mp-559493,TiPCl7O,
mp-553903,KNa9In2O8,
mp-540575,ZnHg2H14C4N6O13,
mp-568365,Li6Br3N,
mp-557268,KLi4AlO4,
mp-553984,AsP3H18C6(SO)6,
mp-572726,SbSeCl7O,
mp-554016,K4Ti2PO4F9,
mp-559558,Cu3P8(S2Cl)3,
mvc-4482,Mg3Ni2(GeO4)3,
mp-555230,Rb2YGa(SiO3)4,
mp-554113,LuP5O14,
mp-573109,Sm2Se5O13,
mp-31774,V2Fe3(SiO4)3,
mp-554193,NaGa(TeO3)2,
mp-568508,CsRb(MnCl3)2,
mp-555253,La5Ti2AgS5O7,
mp-573631,Cs3As7,
mp-31788,Li3Fe2(PO4)3,
mp-554282,Lu3B5O12,
mp-559610,Rb2NaAl2(PO4)3,
mp-554433,KAl(SiO3)2,
mp-557711,K3Nb3(BO6)2,
mp-565259,Cu3WO6,
mp-574684,Na2SnAs2,
mp-574909,K2NbS7,
mp-557769,CaH2C2O5,
mp-554549,CaGeO3,
mp-554583,DyP5O14,
mp-561700,LaP5O14,
mp-557844,KMg4(PO4)3,
mvc-4268,Ca3Ge3(BiO6)2,
mp-554776,PNF2,
mvc-4503,Mg3Cr2(GeO4)3,
mp-580307,Mn7SiO12,
mvc-3638,Ti2Zn3(SiO4)3,
mp-555419,Te6As4C3(NF8)3,
mp-558238,KEr2F7,
mp-555443,PNF2,
mp-562074,CsK4TlO4,
mp-31958,Li3Mn2(PO4)3,
mp-558318,Rb2TbGa(SiO3)4,
mp-31969,Li3Mn2(PO4)3,
mp-555482,KZrH2OF5,
mp-558463,NaTeH12(CO)3,
mp-555485,Rb2GdGa(SiO3)4,
mp-558487,GdP5O14,
mp-559833,Na2YC(OF)3,
mp-558534,Tm3B5O12,
mp-570017,MgAu3,111.0110297
mp-582134,Y3Ni2,
mp-582081,Cs3NdCl6,
mvc-4247,Zn3Ag2(GeO4)3,
mvc-4248,Ca3Ag2(GeO4)3,
mp-570061,Nd3NCl6,
mp-582587,SbH6C2I,
mp-558863,H9C5NO5,
mp-722780,Pr2P3(HO2)5,
mvc-4588,Zn3Cr2(GeO4)3,
mp-759441,LiCu(PO3)2,
mp-759424,Li7Bi2P7O24,
mp-766730,Li3Cr3(CoO6)2,
mp-706273,KH(IO3)2,
mp-645605,CsMo4(PO4)7,
mvc-13324,Ca3Cr2(GeO4)3,
mp-721552,Rb2TeH6SO10,
mp-766390,Li5BiS4,
mp-704544,ThV2O7,
mp-721294,NaB5(H2O5)2,
mp-769171,SiGeO3,
mvc-3939,Ca3Si3(WO6)2,
mp-704186,LiFe4(PO4)3,
mp-769040,Li5BiO4,
mp-703550,LiZnPH2O5,
mp-720987,Na3CaSc3Zn(SiO3)8,
mp-861145,Sm27Y5O48,
mp-606691,KU2P3O14,
mp-758376,Li3Sn2(PO4)3,
mp-758362,Li3Ti2(PO4)3,
mp-695511,Na2CaTi2(GeO4)3,
mp-699575,CoSiO3,
mp-699570,VTe4Cl4O,
mp-758310,Li3Ti2(PO4)3,
mp-779860,Li3MnV(PO4)3,
mp-720407,KH(IO3)2,
mp-779802,Li3MnV(PO4)3,
mp-651155,TeI4,
mp-761619,LiMn(SiO3)2,
mp-776255,Li5SbS4,
mp-705898,Ca2VFe4BiO12,
mp-781073,Li5CoO4,
mp-705853,NaCa8SmTi10(SiO5)10,
mp-771876,Li5NiO4,
mp-566538,Eu3Fe5O12,
mvc-3891,Mg3Si3(NiO6)2,
mp-779387,Li6MnV3(PO4)6,
mp-585960,Gd3Fe5O12,
mp-761561,LiCr(SiO3)2,
mp-779368,Li3MnV(PO4)3,
mp-779367,Li3MnV(PO4)3,
mp-644828,AuXe2F17,
mvc-4467,Ca3Ge3(MoO6)2,
mp-621953,ReC4IO4,
mp-780916,Na5CrO4,
mp-761496,LiNi4(PO4)3,
mp-705502,NaCa9TaTi9(SiO5)10,
mp-685272,InSnBr3,
mp-762846,Li3Fe2(PO4)3,
mvc-4394,Ca3V2(GeO4)3,
mvc-3636,Mg3Si3(BiO6)2,
mp-616581,TlCr4BiO14,
mp-565203,Mn2O3,150.1147697
mp-558954,Na2Sr2Al2PO4F9,
mp-558964,S,
mp-5834,MgSiO3,
mp-561280,Na3Li3Fe2F12,
mp-559034,H18PbC6S4N2O9,
mp-568950,Na3AlH6,
mp-585308,Li3Co2(PO4)3,
mp-32111,Li3Mo2(PO4)3,
mvc-14507,MgFe(SiO3)2,
mp-560004,Na2USiO6,
mp-5965,Tb3Ga5O12,
mp-555644,Al2Tl3(PO4)3,
mp-19552,Al2Co3(SiO4)3,
mp-6255,Ca3Sc2(SiO4)3,
mp-32318,Na5NiO4,
mp-555711,H2CO,
mp-6565,Li3Sc2(PO4)3,
mp-6569,K3HgN5O11,
mp-19581,Mg3Cr2(SiO4)3,
mp-6607,Ca5Si2SO12,
mp-6711,Na3Li3Al2F12,
mvc-5366,Mn2Zn3(GeO4)3,
mp-565446,CaMn6SiO12,
mp-6805,K3Ga2(PO4)3,
mp-560168,VXe2F17,
mp-541298,KHfH2OF5,
mp-32530,Li3V2(PO4)3,
mp-32591,Al2O3,
mp-7588,CdGeO3,
mp-7652,Na5TlO4,
mp-570486,NbP2Se2Cl5,
mp-7656,Na5GaO4,
mp-541431,Ca2SiH2O5,
mp-560278,Er3B5O12,
mp-570539,Rb3As7,
mp-541668,SbP2O7,
mvc-4240,Mg3Sn2(GeO4)3,
mp-565738,RbMn4(PO4)3,
mp-570634,Cd3As2,
mp-560419,KZn4(PO4)3,
mp-565843,BaCu(SiO3)2,
mvc-4282,Y2Mn3(SiO4)3,
mp-510709,SrAsH3O5,
mp-556086,Na5FeS4,
mp-1013842,Na3Mn2(GeO4)3,
mp-556099,Yb3B5O12,
mp-566534,EuP5O14,
mp-556836,Na2EuC(OF)3,
mp-3050,Y3Al5O12,171
mvc-3611,Mg3Ti2(SiO4)3,
mp-19710,Tb3Fe5O12,
mp-560833,B3Pb6ClO10,
mp-556531,LiSi2BO6,
mp-565935,Na2V3P2O13,
mp-1012686,Na3V2(GeO4)3,
mp-565956,NaFe(TeO3)2,
mp-570884,TeI4,
mp-565983,Na4Cu(MoO4)3,
mp-556589,GaH20C2S2NO14,
mp-530588,Dy(CrS2)3,
mp-556256,Li3Fe2(AsO4)3,
mp-556273,S4N5Cl,
mp-556622,Tl2OsCBr2OF3,
mvc-3650,Ca3Ti2(SiO4)3,
mp-556297,FeS3(NCl2)2,
mp-571250,TaP2Se2Cl5,
mp-560981,NaMg4(PO4)3,
mp-556676,Na3Al2(AsO4)3,
mp-19549,Mn3V2(SiO4)3,
mp-542926,KNa2LiTi2Fe2(SiO3)8,
mp-19561,Mn3Cr2(SiO4)3,
mp-19570,Li3Fe2(PO4)3,
mp-19614,KMn4(PO4)3,
mvc-3648,Ca3Cu2(SiO4)3,
mvc-3906,Ca3V2(SiO4)3,
mp-19631,Cr2Fe3(SiO4)3,
mp-19650,Mn7SiO12,
mp-556335,YP5O14,
mp-19675,Mn5(SiO4)3,
mp-710070,K5Ce2H2S6O25,
mp-723480,BaZn3P4(H7O9)2,
mp-556425,SbF4,
mp-556728,TaP2S2Cl5,
mp-12236,Er3Ga5O12,
mp-12210,YbP5O14,
mp-677716,RbAl3Cd(SiO4)3,
mp-695254,Ca10La6Mg3Ti13O48,
mvc-4269,Zn3Ge3(BiO6)2,
mp-761594,LiFe(SiO3)2,
mp-652364,PNCl2,
mp-776855,Li3CrH12(CO3)6,
mp-761439,LiMn(SiO3)2,
mp-686296,CaGd2Zr(GaO3)4,
mp-769176,K5YO4,
mp-677223,NaCaAl3(SiO4)3,
mp-704114,VBi(PbO3)2,
mp-778558,Li3MnV(PO4)3,
mp-780432,La3Al5O12,
mp-757747,LiSn4(PO4)3,
mp-738686,SbH24C6(NCl2)3,
mp-774100,Dy29Y3O48,
mp-680422,CBr4,
mvc-3675,Zn3Si3(BiO6)2,
mp-761630,Li3Cr2(PO4)3,
mp-679987,NbP2S2Cl5,
mp-679930,Cu3P15I2,
mp-605047,P2H6C5N2Cl4O,
mp-776253,Li5SbS4,
mvc-4434,Mg3Ge3(MoO6)2,
mp-677269,Ca16Zr9Ta7N7O41,
mp-720849,Na2H6PtC4N4O3,
mp-603414,Rb2TeH6SeO10,
mp-758224,Li3Sn2(PO4)3,
mp-758033,Y13Ho19O48,
mp-667447,TeAs(SeF3)2,
mp-657338,MgSiO3,
mp-16107,Rb3P6N11,
mp-757899,Li3Sn2(PO4)3,
mp-698191,NaCaB5H16O17,
mp-19566,Na3Sc2V3O12,
mp-649091,MoPNCl6O,
mp-662919,SbTe(SeF3)2,
mp-774352,Li3Co2(PO4)3,
mp-662789,Te3As2(SF4)3,
mp-662721,TcC4IO4,
mp-600181,LuH24C4N4Cl7,
mp-645326,Al3Bi5I12,
mp-1019719,CsSi2BO6,
mp-765070,Li5CoO4,
mp-12237,HoP5O14,
mp-13563,YP5O14,
mp-560629,K3Al2(PO4)3,
mp-13718,NaCd4(PO4)3,
mp-13771,Sc2Cd3(GeO4)3,
mp-13753,SmP5O14,
mp-13998,Na5AlO4,
mp-14047,Al2Cd3(SiO4)3,
mp-14048,Sr3Al2(SiO4)3,
mp-14052,Ca3In2(SiO4)3,
mp-14133,Gd3Al5O12,
mp-14134,Lu3Ga5O12,
mp-14155,HoP5O14,
mp-677627,Li3Nd3(TeO6)2,
mp-14428,KNa4GaO4,
mp-14429,CsK4GaO4,
mp-560667,CsLi(PO3)2,
mp-14439,K5TlO4,
mp-14457,Na3Li3Ti2F12,
mp-14493,Na5InO4,
mp-14488,Li3In2(PO4)3,
mp-560681,NdP5O14,
mp-14678,Y3Sc2Al3O12,
mp-19573,Mg3V2(SiO4)3,
mp-560703,Te3As2S(OF6)2,
mp-650473,Na3Li3Cr2F12,
mp-561057,SbP2O7,
mp-19511,Li5FeO4,
mvc-4351,Al2Cr3(SiO4)3,
mp-1013807,Li3Co2(GeO4)3,
mvc-12269,CaMn3O6,
mvc-4025,Y2Ti3(SiO4)3,
mvc-3872,Mg3Co2(SiO4)3,
mvc-6468,CaTi(SiO3)2,
mvc-6469,CaCu(SiO3)2,
mvc-6492,CaSi2SnO6,
mvc-6878,MgCo(SiO3)2,
mvc-6876,MgMn(SiO3)2,
mvc-6879,ZnCo(SiO3)2,
mvc-6886,MgV(SiO3)2,
mvc-6882,ZnSi2NiO6,
mvc-6880,MgCr(SiO3)2,
mvc-6877,ZnCr(SiO3)2,
mvc-6890,MgSi2WO6,
mvc-6881,MnZn(SiO3)2,
mvc-6883,ZnFe(SiO3)2,
mvc-6893,VZn(SiO3)2,
mvc-6892,ZnSi2WO6,
mvc-6885,MgSi2NiO6,
mvc-6891,CaV(SiO3)2,
mvc-6901,CaCo(SiO3)2,
mvc-6888,CaMn(SiO3)2,
mvc-6897,CaFe(SiO3)2,
mvc-6906,CaCr(SiO3)2,
mvc-6913,CaSi2WO6,
mvc-6922,CaSi2NiO6,
mvc-7566,Ta2CoO7,
mvc-7611,CoTe2O7,
mvc-7644,CoW2O7,
mvc-7643,CoSb2O7,
mvc-7802,CoBi2O7,
mvc-10240,Ti2Be3(SiO4)3,
mvc-10260,Be3Si3(AgO6)2,
mvc-10246,Be3Cu2(SiO4)3,
mvc-6441,MgCu(SiO3)2,
mvc-6434,TiZn(SiO3)2,
mvc-6430,MgTi(SiO3)2,
mvc-6443,ZnCu(SiO3)2,
mvc-6482,MgSi2SnO6,
mvc-6472,ZnSi2SnO6,
mvc-10294,Be3Si3(BiO6)2,
mvc-10349,Be3Si3(SbO6)2,
mvc-10373,Be3Si3(SnO6)2,
mvc-10558,Be3Si3(MoO6)2,
mvc-10559,Be3Fe2(SiO4)3,
mvc-10597,Be3Cr2(SiO4)3,
mvc-10616,Be3V2(SiO4)3,
mvc-10633,Be3Si3(WO6)2,
mvc-10663,Be3Si3(NiO6)2,
mp-698364,P3H18RuC6(SO)6,
mp-698354,P3H18OsC6(SO)6,
mp-734142,Al2Si3(HO4)3,
mp-746355,FeP3H18C6(SO)6,
mvc-4441,Ca3Ni2(GeO4)3,
mp-695597,NaMg3Si4O11F,
mp-695354,Na3Zr2Si2PO12,
mp-654129,GaAg(PSe3)2,
mp-757327,Li7Ti2P7O24,
mp-1020125,MgSiO3,
mp-1020118,MgSiO3,
mp-653788,MnC4IO4,
mp-757587,Dy5Bi11O24,
mp-744567,Na2NiH6C4N4O3,
mp-1020661,NaAl(SiO3)2,
mp-1020655,NaB(S2O7)2,
mp-1020613,Rb5GaO4,
mp-1020361,MgSiO3,
mp-1020124,MgSiO3,
mp-1020123,MgSiO3,
mp-1020115,MgSiO3,
mp-1020117,MgSiO3,
mp-1019805,KB(S2O7)2,
mp-695979,AlH18(BrO6)3,
mp-1019716,CsLi4(BO2)5,
mp-1004532,CCl4,
mp-1019604,Cs2B2S3O13,
mp-765164,Li3Ti2V3O12,
mp-773020,LuP5O14,
mp-765248,LiMn2F7,
mp-773158,Li3Fe2(PO4)3,
mp-776637,Li3P3(WO6)2,
mp-776650,Na5CoO4,
mvc-11615,Mg3V2(SiO4)3,
mp-14132,Lu3Al5O12,
mp-14387,Tb3Al5O12,
mp-19574,Mg3Fe2(SiO4)3,
mp-15960,Li5AlO4,
mp-27525,K3TlF6,
mp-27526,K3InF6,
mp-28880,W3Br7,
mp-28840,Y4RuI5,
mp-29063,ThZrF8,
mp-14817,PrP5O14,
mvc-3940,Zn3Si3(WO6)2,
mp-15239,Nd3Ga5O12,
mp-15382,TmP5O14,
mp-15575,Ho3Ga5O12,
mp-15576,Dy3Ga5O12,
mvc-16246,Al2Fe3(SiO4)3,
mp-28125,H11NF8,
mp-19537,Na5FeO4,
mp-19542,Na3Cr2(AsO4)3,
mp-19544,RbMn4(AsO4)3,
mp-28155,LaNb5O14,
mvc-3898,Mg3Si3(WO6)2,
mp-19578,KMn4(PO4)3,
mvc-3644,Zn3Cu2(SiO4)3,
mp-19615,Li3V2(PO4)3,
mp-1013797,Na3Ge3(MoO6)2,
mp-19649,Sr4MoN4O,
mp-29629,Be3P2,
mp-4575,MgGeO3,
mp-4657,Li5GaO4,
mp-4736,NdP5O14,
mvc-3900,V2Zn3(SiO4)3,
mp-3384,Er3Al5O12,
mp-4871,ErP5O14,
mp-28426,B2PCl2,
mp-28437,RuClF8,
mp-780370,Sm3Al5O12,
mp-768960,Li5BO4,
mvc-4492,Zn3Ni2(GeO4)3,
mp-19541,Mg3Mn2(SiO4)3,
mvc-3709,Ca3Si3(SnO6)2,
mp-1094149,NaTi2BiO6,
mp-1013749,Li3Ti2(GeO4)3,
mp-685014,In2Br3,
mp-861171,LiCr(SiO3)2,
mp-720340,Ca5Ti3NbAl(SiO5)5,
mp-28585,Nb3ICl6,
mp-560045,H5CSN2Cl,
mp-560121,H5CNO3,
mp-645014,Yb3Fe5O12,
mvc-13139,Ca3Cr2(SiO4)3,
mvc-11959,Mg3Cr2(SiO4)3,
mp-19535,Ca3Fe2(SiO4)3,
mvc-11958,Mg3Fe2(SiO4)3,
mp-19553,Mn3Al2(SiO4)3,
mp-565355,Tb3Fe5O12,
mp-650475,Na3Li3V2F12,
mp-566387,Na3Li3Co2F12,
mp-19599,Ca3Cr2(SiO4)3,
mp-565957,Y3Fe5O12,
mp-650926,Na3Li3Fe2F12,
mp-540385,Li3Cr2(PO4)3,
mp-19533,Al2Fe3(SiO4)3,
mp-5444,Y3Ga5O12,
mvc-10895,Mg3Mn2(SiO4)3,
mp-640879,Ca3Fe2(GeO4)3,
mvc-4220,Ca3Cu2(GeO4)3,
mp-768966,Li5BO4,
mvc-4258,Ca3Sn2(GeO4)3,
mvc-4501,Zn3Ge3(WO6)2,
mp-757914,Li3Ti2(PO4)3,
mp-1012879,Li3Cr2(GeO4)3,
mvc-4402,Mg3V2(GeO4)3,
mvc-4469,Ca3Ge3(WO6)2,
mp-566000,SrCr2O7,
mp-27612,BH7N2,
mvc-3687,Ca3Si3(BiO6)2,
mvc-16245,Al2Co3(SiO4)3,
mp-764740,Li6MnV3(PO4)6,
mp-745044,VH8C2N2O6F,
mp-779404,Li3Cr2(AsO4)3,
mp-19684,K5FeO4,
mp-581405,ZnS,
mvc-4270,Ca3Ge3(SbO6)2,
mp-772195,Dy3Al5O12,
mp-774738,MgTi14O25,
mp-1013794,Na3Co2(GeO4)3,
mvc-4227,Zn3Sn2(GeO4)3,
mp-708992,AlH20C2S2NO14,
mvc-4265,Mg3Ge3(BiO6)2,
mp-1013795,Li3Ge3(MoO6)2,
mvc-3927,Ca3Si3(NiO6)2,
mp-650598,U(PbO2)3,
mp-780561,La3Ga5O12,
mp-23662,LiB(HO)4,
mvc-3923,Zn3Si3(NiO6)2,
mp-776268,Li5SbS4,
mp-19648,Y3Fe5O12,
mvc-4438,Mg3Co2(GeO4)3,
mp-1013849,Li3Fe2(GeO4)3,
mp-555961,Ca3Zn3(TeO6)2,
mp-555835,Gd3Sc2(GaO4)3,
mp-1019565,Ca3Ga2(GeO4)3,
mvc-3660,Zn3Si3(SbO6)2,
mvc-5144,Zn3Fe2(GeO4)3,
mvc-3915,Zn3Co2(SiO4)3,
mvc-3633,Mg3Si3(SbO6)2,
mvc-4251,Mg3Cu2(GeO4)3,
mp-706654,HS3N,
mp-6563,TbAl9(Fe2Si3)2,
mvc-4198,Ca3Ti2(GeO4)3,
mp-569739,ErAl9(Fe2Si3)2,
mp-15103,Sr3Y2(GeO4)3,
mvc-4409,Ca3Co2(GeO4)3,
mp-669526,HgB(CN)4,
mvc-16244,Mn3Al2(SiO4)3,
mp-14023,Na3Li3Sc2F12,
mp-14778,Ca3Zn3(TeO6)2,
mvc-11962,Ca3Mn2(SiO4)3,
mp-19626,Mn3Fe2(SiO4)3,
mp-559807,Sb2BrF17,
mp-25839,Li3Ti2(PO4)3,
mp-567554,Ce2(Al5Ru)3,
mp-559349,Sb2ClF17,
mp-25935,Li3Ti2(PO4)3,
mp-585382,Li3Co2(PO4)3,
mp-705382,Li3V2(PO4)3,
mp-695845,Li3Mn2(PO4)3,
mp-705422,Li3Fe2(PO4)3,
mp-704207,Li3Ni2(PO4)3,
mp-14388,Ho3Al5O12,
mp-14050,Ca3Ga2(SiO4)3,
mp-868280,LiNi4(PO4)3,
mp-757674,Mg17(SiO3)16,
mp-674509,W43N38,
mp-675021,Nd16Zr16O49,
mp-705903,Li10Mn23O48,
mp-705640,Li20Co21O40,
mp-567204,Ho8Mg12Zn61,
mp-677080,K6Ba3Ta12(Si2O13)4,
mp-734733,Ca19(Mg4H27)2,
mp-695095,Ca19Si6S6(ClO24)2,
mp-30218,Ti2P,
mp-685511,Ti14O7F60,
mp-677292,Cs2CaAl4(SiO4)4,
mp-558886,K2Ce(NO3)6,
mp-776148,Li20Co21O40,
mp-777491,Li3V2P4(HO8)2,
mp-705426,Mn9(P2O7)8,
mp-31506,Mg32Al36Ag13,
mp-740759,Yb19(Mg4H27)2,
mp-530411,Cu4Sn7S16,
mp-530613,Li4Mg23B54,
mp-530787,Y6Zr22O53,
mp-707406,Rb6Te3P6(H13O20)2,
mp-706809,Ca2Al11Si13Ag7O48,
mp-695515,Na13Zr8Si9(PO16)3,
mp-559141,Ba5Cu4ClF17,
mp-704226,Co5(P2O7)4,
mp-19531,Li6Ca12W4N16O3,
mp-703426,MgH20C4Br2(N4O3)2,
mp-850954,Li21(CoO4)4,
mp-849796,NaZn4H18SClO16,
mp-775734,Li5V6(CuO4)6,
mp-850445,Na3Zn4As3H12O19,
mp-850292,Dy2H16S3O20,
mp-774530,Ba4Ti11O26,
mp-868020,Nb6Cd(Br8O9)2,
mp-762970,Ba3V2P6(HO4)6,
mp-762677,Li8(NiO2)11,
mp-772517,Li7Fe4(PO4)6,
mp-707983,Ca2MgB2H16(CO9)2,
mp-745203,Li9Mg12Fe(PO4)12,
mp-608239,Cu8Ge5C4(S2N)8,
mp-762858,Li4CrP6(H4O11)2,
mp-690987,Na7Al10Si14(AgO16)3,
mp-744682,Cr8Bi4O29,
mp-744651,Li9FeCo12(PO4)12,
mp-763732,Li3Fe4P3H12O19,
mp-705742,Li13Mn21O48,
mp-774271,Sr21Fe14O47,
mp-735488,RbNa3Mo2H18O17,
mp-1016214,Bi2H18C3(IN)9,
mp-540042,Mn5(P2O7)4,
mp-686464,Ca10P6SO24,
mp-722674,K4Tc2H6C8O21,
mp-734299,Ce2H16S3O20,
mp-763725,MnAl2P2(HO)18,
mp-723175,K4CuP6(H4O11)2,
mp-554262,Ba9(RhO3)8,
mp-569918,K13Na2W7N19,
mp-677454,P6(Pb2O5)5,
mp-721699,CaH16C4(NO)10,
mp-677618,Ca6Al6Si3(HO12)2,
mp-766250,Er2H16S3O20,
mp-677030,Ba9La9Cu9Ru9O46,
mp-705871,Ca7Al3Si10N21,
mp-705436,Ni5(P2O7)4,
mp-705433,Fe5(P2O7)4,
mp-642535,Cs4Sb14S23,
mp-686681,Ca6Ga6Si3(HO12)2,
mp-565354,LaP5Cl18O17,
mp-752,Mn15Si26,
mp-32715,B36O5,
mp-542222,Tb2H16S3O20,
mp-542271,Y2H16S3O20,
mp-510226,U2CuAs2(H4O5)4,
mp-565943,U3Ag6Mo5O27,
mp-530738,Li10Mg7Cl24,
mp-19567,Li6Ca12Mo4N16O3,
mp-685300,Ti4P8S29,
mp-676668,Bi8(P2O9)3,
mp-709031,Al4P4H11C3NO18,
mp-699483,U2CuP2(H4O5)4,
mp-695608,Rb8BaNaAl11Si13O48,
mp-1020725,Sr4Li2B12O23,
mp-1029965,K15Os7N19,
mp-1029869,K15Mo7N19,
mp-1029863,K15Re7N19,
mp-1029862,Na15Mo7N19,
mp-1029850,K15Cr7N19,
mp-1029705,Na15Cr7N19,
mp-1029650,Na15Re7N19,
mp-1030950,K15W7N19,
mp-1030704,Na15W7N19,
mp-1029967,Rb15W7N19,
mp-1470,Nb12O29,
mp-24445,Nd2H16S3O20,
mp-1087549,Cs15W7N19,
mp-1094103,NaMgAl3Si8(HO6)4,
mp-567553,Na7Fe4(PO4)6,
mp-762841,Li3Mn4P3H12O19,
mp-775315,Si6Bi9O26,
mp-16181,Li6Ca12Re4N16O3,
mp-704209,Mn5(P2O7)4,
mp-757768,Cu10Bi25O48,
mp-775500,Li11V12(CuO4)12,
mp-766069,Sb3(WO3)20,
mp-685878,Mg9(In13S24)2,
mp-775324,Li11Co12(PO4)12,
mp-686119,Ag13(BiI4)14,
mp-850147,Li10Mg12Fe(PO4)12,
mp-695559,Na13Ca7S12Cl2O48F,
mp-774710,Ba14Y7(Cu10O21)2,
mp-765714,NaV24O58,
mp-765653,Na11Mn24O48,
mp-774528,Li11Ti24O48,
mp-693393,Na13Ca7S12Cl2O48F,
mp-532575,Na13Ca7S12(O16F)3,
mp-534782,Ca18Nd2Si3P9(O16F)3,
mp-746662,NiH44C12(N5O8)2,
mp-721012,Na13Ca7S12(ClO16)3,
mp-720360,Na13Ca7S12Cl(O24F)2,
mp-720217,K3Ca2Mg10Si16(HO12)4,
mp-677016,Ca18Eu2P12(SO16)3,
mp-686588,RbNa10Al11Si13O48,
mp-705525,Yb6H20N8O49,
mp-686232,Na7Al11Si13(AgO12)4,
mp-566863,FeH44C12(N5O8)2,
mp-530165,Li13Ti22O48,
mp-530883,Ce6Y26O51,
mp-677572,Na8Al11Si13(AgO16)3,
mp-686585,K6Al11Si13Ag5O48,
mp-720212,Rb9Na2Al11Si13O48,
mp-705861,Rb10NaAl11Si13O48,
mp-695452,K2Al11Si13(Ag3O16)3,
mp-695373,Na4Al11Si13Ag7O48,
mp-690919,Na8Al11Si13(AgO16)3,
mp-765490,LiV24O58,
mp-530600,Li14Ti21O48,
mp-685871,Pr(FeSb3)5,
mp-686110,Li(ReO3)5,
mp-849286,Ba(GaS2)2,
mp-757254,Mg2Cu5O7,
mp-764804,Li3MnFeCo(PO4)3,
mp-698842,Li19Ni23O42,
mp-698748,Mn2CuO4,
mp-850108,Na3CoO3,
mp-759334,LiCuPO4,
mp-764499,Na3MnO3,
mp-758897,LiCuPO4,
mp-764931,Li3MnFeCo(PO4)3,
mp-775195,Li12Mn11Fe(PO4)12,
mp-775189,Li2MnFe(PO4)2,
mp-764912,Li3MnFeCo(PO4)3,
mp-695709,Li2MnSn3O8,
mp-744814,RbFeP2(HO4)2,
mp-697863,Mn4P4O13,
mp-761578,Li2Cr3(SiO3)4,
mp-761562,LiMnPO4,
mp-774455,Na4P3H3O11,
mp-774444,Li2Mn3(SiO3)4,
mp-764809,Li3MnFeCo(PO4)3,
mp-764708,Li3MnFeCo(PO4)3,
mp-851277,Li4Fe2(PO4)3,
mp-763734,LiFeSiO4,
mp-696992,AgP2H8SN7O2,
mp-764416,Li4Mn2(PO4)3,
mp-775341,Na4CrH8SO7,
mp-772322,Mn3(P2O7)2,
mp-766646,LiNiPO4,
mp-766645,LiNiPO4,
mp-761805,LiCoPO4,
mp-777867,Li2P8W3O29,
mp-762837,LiFeSiO4,
mp-745021,Sr2Mg2V3O14,
mp-849427,Li3ZnFe2(PO4)3,
mp-850432,LiMn2(P2O7)2,
mp-680604,YbCd6,
mp-761548,LiMnPO4,
mp-861615,LiNiPO4,
mp-761546,LiFeSiO4,
mp-761542,LiMnPO4,
mp-761541,LiNiPO4,
mp-761539,LiMnPO4,
mp-761538,LiMnPO4,
mp-774524,Li3La5Ti6Nb2O26,
mp-765660,Li4Mn2V3O12,
mp-649944,Na2Cu3(SiO3)4,
mp-762987,Sr20V15O49,
mp-744148,MnH8(NO5)2,
mp-761400,LiCrPO4,
mp-774269,LiFePO4,
mp-774268,LiFePO4,
mp-762828,LiMnSiO4,
mp-770556,Li3MnO3,
mp-773992,LiCrPO4,
mp-655017,ZnH8C4(NO3)2,
mp-762593,LiFePO4,
mp-759823,LiCuPO4,
mp-775563,Li5Mn5(SeO3)8,
mp-645189,CsKPt6(S3O14)2,
mp-706250,Al2FeO4,
mp-2983,Ba(PN2)2,
mp-759365,LiCuPO4,
mp-773692,LiFePO4,
mp-851075,Li4V5O12,
mp-773673,LiFePO4,
mp-764488,LiMnV(P2O7)2,
mp-764481,LiMnV(P2O7)2,
mp-764480,LiMnV(P2O7)2,
mp-780395,Cd(BO2)2,
mp-865153,LiCoPO4,
mp-851002,Li4Mn2(PO4)3,
mp-6326,LiAlSiO4,113.4003604
mp-1029502,Ba(NbN2)2,
mp-863860,LiCoPO4,
mp-705606,Al2CoO4,
mp-735600,SrCo2H2(SeO3)4,
mp-735566,KFe2P2H5O11,
mp-685437,Ca22H51Rh11,
mp-685439,LiNi3P2,
mp-667286,Re6Te7Se8,
mp-860963,Ag2H4(SO4)3,
mp-780864,LiMn2P2H5O11,
mp-649327,Mo6PbBr14,
mp-720860,H9CSO7F3,
mp-531238,Cd(GaO2)2,
mp-863420,Rb4H4C3O10,
mp-763721,LiV2P2H5O11,
mp-762204,Co25Cu11O48,
mp-853237,Li4Ni2(PO4)3,
mvc-12294,CaV4(CoO7)2,
mp-707987,CuH8(ClO5)2,
mp-762976,LiCoSiO4,
mp-762974,LiCoSiO4,
mp-762943,Fe35SiO48,
mp-1001594,C4O3,
mp-764869,Li3MnFeCo(PO4)3,
mp-762862,LiFeSiO4,
mp-762861,LiFeSiO4,
mp-773320,LiFePO4,
mp-762833,LiFePO4,
mp-707928,H8C2S3(NO3)2,
mp-765136,LiMn8F33,
mp-762501,CaH8(NO5)2,
mp-775185,LiVSiO4,
mp-774711,Ba14LiY7(Cu10O21)2,
mp-693857,NaLi2Al3(SiO4)3,
mp-780263,Ba2GeO4,
mp-997534,LiVP2(HO4)2,
mp-774516,Li8Mg3Cu9(SiO3)16,
mp-767555,LiVSiO4,
mp-770503,Li4V2Si(PO6)2,
mp-706492,Mn19Fe17O48,
mp-779874,Li2MnF4,
mp-866716,RbLiH12Se3N4,
mp-705957,Fe2CoO4,
mp-743542,CoH9C4NO6,
mp-863875,LiCoPO4,
mp-760817,Li2AgF4,
mp-863861,LiCoPO4,
mp-705610,Al2NiO4,
mp-863408,LiSiBiO4,
mp-779231,Gd2W4O15,
mp-770612,Li4CrH8SO7,
mp-734194,BeH8(IO5)2,
mp-734069,BH10C2N5O3,
mp-637295,ZnFeC5N6O,
mp-762159,Mn11In25O48,
mp-762152,LiNiPO4,
mp-600053,SiO2,
mp-761987,LiNiPO4,
mp-853234,Li2FeF4,
mp-761974,LiCoPO4,
mp-730945,KAl2P2H5O11,
mp-773906,KNaZrSi3H4O11,
mp-693612,NaCa3SmP3O12F,
mp-723044,ZnH12N3Cl5,
mp-1029619,Ba(ReN2)2,
mp-601614,H7WC7NO5,
mp-766636,LiNiPO4,
mp-766726,LiCoPO4,
mp-677233,NaAl3Tl2(SiO4)3,
mp-567486,BaSr2(PN2)6,
mp-758886,LiCuPO4,
mp-705069,LiMnPO4,
mp-781498,LiMn(PO3)3,
mp-504210,Mo(PO3)5,
mp-30014,As2Kr3F16,
mp-27379,TeAsF5,
mp-29074,Te7As2F12,
mp-29223,Ba3Si5O13,
mp-31553,LiCoPO4,
mp-569202,Ca10Mg2Sb9,
mp-532554,AlCu2Sb(HO)12,
mp-542553,Cu3As4H18C8Br3(NO2)2,
mp-542554,Cu3As4H18C8I3(NO2)2,
mp-532700,Sr3La21Zn2(Cu5O24)2,
mp-559136,CaH8(NO5)2,
mp-569225,Mo6PbI14,
mp-534901,Sr10P6BrO24F,
mp-569282,LiCa10MgSb9,
mp-651707,SiO2,
mp-720254,Li2H4(SO4)3,
mp-686572,NaPr9Si6(SO12)2,
mp-1029616,Ba(TaN2)2,41
mp-686543,NaSm9Si6(SO12)2,
mp-850495,Li2Si4(NiO4)3,
mp-709027,H20RuC6NO14,
mp-850220,Si6BiO14,
mp-651706,Cu6AgBi12PbS22,
mp-30958,Ca(BS2)2,
mp-720230,Ba4Na3Nd3P6(O12F)2,
mp-707470,Na2H4(SO4)3,
mp-620058,PbN6,
mp-677001,SrAl7Tl5Si5O24,
mp-762975,Li4V(CO3)4,
mp-616425,MnC6S2NO5F6,
mp-557022,Sb8Cl2O11,
mp-559423,AgH8C5S2O2F3,
mp-555121,MgAs2S2(OF3)4,
mp-540517,LiMn5(P2O7)4,
mp-571637,K2Cd2Te3,
mp-555164,Ca5P3ClO12,
mp-568348,P,
mp-568350,Rb2ZnCl4,
mp-540591,Na2FeH4C5(N2O)3,
mp-572722,Cs11Rb7O3,
mp-554006,SrCaSiO4,
mp-561487,Te4As2S(OF6)2,
mp-572864,Rb5Th(PS4)3,
mp-559583,BiP3Pb4O13,
mp-554187,SnH21C7S4N(O3F)2,
mp-554259,SrAgB7O12,
mp-23929,ZnH8(NO5)2,
mp-554527,H12C4INO3,
mp-554529,Ba2TiO4,
mp-557791,Te4As2S(OF6)2,
mp-559704,PH9C3S2NClO4,
mp-558144,CuH10(CO4)2,
mp-558181,NaSiBO4,
mp-677015,Na3Sm17Si12(O25F)2,
mp-558592,Sb8Br2O11,
mp-559880,K2Ag6Sn3S10,
mp-558845,PH10C3N2O4F,
mp-556301,Li6CaCeO6,
mp-679971,TiSi4(NCl7)2,
mp-721562,K2P3H5O11,
mp-677529,Sr2La18AlSi11O52,
mp-721017,Na2Te(H5O4)2,
mp-708997,H13C3NF4,
mp-695945,Na2H4RuC5(N2O)3,
mp-560378,Ca3Ta4(O6F)2,
mp-778895,Li4V2Si(PO6)2,
mp-705376,LiFe5(P2O7)4,
mp-707182,UAsH9O10,
mp-680173,Bi9Rh2Br3,
mp-706588,Na3NdV2O8,
mp-628817,P2W9O31,
mp-583070,Re2Te5,
mp-558951,K2B6H2O11,
mp-565229,Na3Mn4(TeO6)2,
mp-583553,Mo6PbCl14,
mp-585224,LiCo5(P2O7)4,
mp-569003,Mg2Co12As7,
mp-6249,Sr3Nd2(BO3)4,
mp-6392,NaBePO4,
mp-6446,Ba3La2(BO3)4,
mp-565400,ReAsC5SNO5F7,
mp-6699,NaMgPO4,
mp-6803,Sr3Pr2(BO3)4,
mp-560173,KAlSiO4,
mp-565597,Cu3P4S4I3,
mp-565653,Fe3(P2O7)2,
mp-555965,Li2ZnSn3O8,
mp-541870,KAl2P2H5O11,
mp-566296,SnS8(N2Cl)4,
mp-556787,K2Cu3S3O13,
mp-566301,As3Pb5ClO12,
mp-566933,CrP2Pb5O13,
mp-556103,Cs3Ga2F9,
mp-561157,Sr3Y2(BO3)4,
mp-556826,Ca(BO2)2,
mp-561181,SiO2,
mp-530121,Mg(GaO2)2,
mp-530146,MgAl2O4,
mp-560821,Ca2SiO4,
mp-556884,CaSi2(NO)2,
mp-554696,La2Mo4O15,
mp-19677,Tl2TeMo2(PO7)2,
mp-12295,Sr3La2(BO3)4,
mp-757945,LiSnPO4,
mp-705932,Sr10P6ClO24F,
mp-757890,LiSiBiO4,
mp-667338,PbN6,
mp-601243,ZnH8C4(NO3)2,
mp-686674,Ba2La3Si3O12F,
mp-686614,TaTi9Al3Zn23O48,
mp-698163,BaPHO4,
mp-650336,PCN2Cl3,
mp-647840,Fe2C8SO10,
mp-683910,Ag7P3S11,
mp-647575,K2ZnCl4,
mp-600219,MnH12C2(NCl2)2,
mp-699467,B3H12CN4O,
mp-759958,AsH3C(SF2)3,
mp-759715,KLi2Sb(PO4)2,
mp-677628,Mg2TiO4,
mp-677490,Li4Nd3SbTeO12,
mp-720808,H2Ru6(CO)17,
mp-628680,K5Th(PS4)3,
mp-757541,LiSiBiO4,
mp-720255,Sr20P12Cl(O16F)3,
mp-667383,SiO2,
mp-757901,LiSnPO4,
mp-656241,MnH9C4NO6,
mp-762904,LiCoSiO4,
mp-667360,CsSbOF4,
mp-720110,KRe3Os3(Se4Cl3)2,
mp-600579,MnH9C4NO6,
mp-654900,CuH9C4NO6,
mp-765277,LiSnPO4,
mp-648140,Na2Al2S3(Cl4O3)2,
mp-600228,H8RuC5N(ClO)3,
mp-662706,SiO2,
mp-662599,Ag3AsSe3,
mp-13774,NaNdSiO4,
mp-13827,Ca(BO2)2,
mp-13960,Sr3Er2(BO3)4,
mp-14246,Ba(AlS2)2,
mp-14401,NaCaPO4,
mp-14511,NaAlGeO4,
mp-14648,NaZnPO4,
mp-560708,SiO2,
mp-19530,Rb2TeMo2(PO7)2,
mp-532249,Na11Ti10O21,
mp-532294,Er2CdSe4,
mvc-16566,CaMn2Be3(SiO4)3,
mvc-10530,MgTi2Be3(SiO4)3,
mvc-10526,Ti2Be3Zn(SiO4)3,
mvc-10776,CaTi2Be3(SiO4)3,
mvc-160,CaBe3Co2(SiO4)3,
mp-554801,Ca3Nb4(O6F)2,
mp-695545,TaTi9Al3Zn23O48,
mp-697285,SrH10(SO4)2,
mp-654301,Nb5P7O30,
mp-654165,Tl4Mo(CN)8,
mp-1020648,NaLaSiO4,
mp-1020642,Sr3Y2(BO3)4,
mp-743974,MnH12C2NCl3O2,
mp-667327,Ag2Pb8Cl4O7,
mp-653922,Co2SnC8(ClO4)2,
mp-657300,RhSCl5,
mp-704251,LiFePO4,
mp-765165,LiVCr(P2O7)2,
mp-765166,LiVFe(P2O7)2,
mp-765181,LiVCr(P2O7)2,
mp-765180,LiVCr(P2O7)2,
mp-765188,LiVFe(P2O7)2,
mp-776065,Ni3(P2O7)2,
mp-27779,Hg(Mo3Cl7)2,
mp-14399,LiAlSiO4,
mp-23515,K2CoCl4,
mp-28556,Na3CuO3,
mp-29052,Cd(W3Br7)2,
mp-14901,NaZnAsO4,
mp-6404,BaCa2(PN2)6,
mp-28057,Ba(BiS2)2,
mp-15919,BeAgPO4,
mp-24729,RbGa2P2H5O11,
mp-2963,CaAl2O4,
mp-29717,Ag(W3Br7)2,
mvc-12123,Ca(FeO2)2,
mp-1080371,CeSe2,
mp-1080628,CeSe2,
mp-744831,MnH12C2NCl3O2,
mp-1096966,CrN2,
mp-1096934,CrN2,
mp-1096965,CrN2,
mp-705312,LiFePO4,
mp-1097059,CrN2,
mp-679944,Li4Re6S11,
mp-1020616,RbMgPO4,
mp-761545,LiMnPO4,
mp-686571,Ca10P6ClO24F,
mp-720433,Be2As(HO)9,
mp-764707,Li3MnFeCo(PO4)3,
mp-761338,LiVPO4,
mp-669350,Rb5Mo18S19,
mp-1029505,Ba(MoN2)2,
mp-764969,Li3MnFeCo(PO4)3,
mp-775170,Li2AlCr2SbO8,
mp-565711,P2O2F3,
mp-559658,Na2S2O3,
mp-781739,LiV8F33,
mp-706629,NaB2H5O6,
mp-1019615,Cs3Li4(BO2)7,
mp-569258,Ta4Se9I8,
mp-764870,Li3MnFeCo(PO4)3,
mp-1029918,Ba(VN2)2,
mp-772721,LiSi6Bi9O26,
mp-1029568,Ba(CrN2)2,
mp-766664,LiFeSiO4,
mp-557025,K2SeO4,
mp-553930,B2Pb6SO12,
mp-705824,Cd(FeO2)2,
mp-569124,MnH12C2(NCl2)2,
mp-27748,Be(B3H7)2,
mp-685544,Ga2CuO4,
mp-696012,Mo(PO3)5,
mp-764867,Li3MnFeCo(PO4)3,
mp-8878,Sr(BO2)2,
mp-765022,LiVPO4,
mp-554726,KNaCu3S3O13,
mp-27350,U(BH4)4,
mp-740735,P2H10N2O7,
mp-704252,LiMn5(P2O7)4,
mp-19548,CaMn2Be3(SiO4)3,
mp-585212,LiCoPO4,
mp-775739,LiMn28O56,
mp-863389,Nb16Tl16O53,
mp-743959,Mg21FeSi12(HO16)3,
mp-532626,NdAl6Si30(N15O)3,
mp-853272,Li2Mn3(BO3)3,
mp-686618,YAl6Si30(N15O)3,
mp-759763,La26B8O51,
mp-677140,YAl6Si30(N15O)3,
mp-531564,Ce10Y22O53,
mp-746793,K2Mn7H18(C9O20)2,
mp-690344,Rb5(W4O15)2,
mp-764848,Li14Mn5F24,
mp-764994,Li3V3P8O29,
mp-764993,Li3V3P8O29,
mp-764991,Li3V3P8O29,
mp-766675,Li3V3P8O29,
mp-757751,BaTi14O28,
mp-850246,Li3Mn4(P2O7)4,
mp-850236,Li3V3P8O29,
mp-850234,Li3V3P8O29,
mvc-12194,Al10(Bi2O9)3,
mp-650224,Fe7(P2O7)4,
mp-851070,Li3V3P8O29,
mp-557497,Pr2Nb11O30,
mp-766745,Li3V3P8O29,
mp-766717,Li3V3P8O29,
mp-766718,Li3V3P8O29,
mp-779819,Ni7(P2O7)4,
mp-764075,Li3V3P8O29,
mp-766674,Li3V3P8O29,
mp-779406,Mn7(P2O7)4,
mp-609510,Sb2Mo10O31,
mp-762959,Li3V3P8O29,
mp-849447,Li3V3P8O29,
mp-849434,Li3V3P8O29,
mp-780579,Li3V3P8O29,
mp-766066,Li3V3P8O29,
mp-765976,Li3V3P8O29,
mp-764178,Li3V3P8O29,
mp-779602,Li3Bi3P8O29,
mp-779525,Li3Sb3P8O29,
mp-865197,Li3V3P8O29,
mp-774278,V12Cu2O29,
mp-863866,Li3V3P8O29,
mp-863864,Li3V3P8O29,
mp-705437,Li3Fe3P8O29,
mp-690979,Li9Nd6Sb3TeO24,
mp-720804,K3Na3TeP6(HO4)6,
mp-705314,Li3V3P8O29,
mp-720670,Na10Zn7Sn7H24(S13O6)2,
mp-504373,Li5Ni9(P2O7)8,
mp-28663,Mg14Si5O24,
mp-30217,Ca21(Mn2Sb9)2,
mp-505561,Na2ZnP4(H4O5)4,
mp-532803,YAl3(Si5N8)3,
mp-567146,Si3PH27C9BrN2,
mp-540023,Li5Mn9(P2O7)8,
mp-764263,Li3V3P8O29,
mp-781141,Li3V3P8O29,
mp-761935,Li3V3P8O29,
mp-764139,Li3V3P8O29,
mp-764150,Li3V3P8O29,
mp-685862,Tm10Ti6O27,
mp-764123,Li3V3P8O29,
mp-764122,Li3V3P8O29,
mp-764121,Li3V3P8O29,
mp-764119,Li3V3P8O29,
mp-764118,Li3V3P8O29,
mp-764117,Li3V3P8O29,
mp-764116,Li3V3P8O29,
mp-764077,Li3V3P8O29,
mp-764076,Li3V3P8O29,
mp-764073,Li3V3P8O29,
mp-764071,Li3V3P8O29,
mp-764070,Li3V3P8O29,
mp-764068,Li3V3P8O29,
mp-764067,Li3V3P8O29,
mp-764066,Li3V3P8O29,
mp-764065,Li3V3P8O29,
mp-764032,Li3V3P8O29,
mp-764031,Li3V3P8O29,
mp-684594,Ce16O27,
mp-684454,Li3Bi3P8O29,
mp-763755,Li2VP4(H4O5)4,
mp-733747,CdRe2H16C4S4(NO)8,
mp-763724,Li2CrP4(H4O5)4,
mp-763722,Li2FeP4(H4O5)4,
mp-762966,Li3V3P8O29,
mp-762965,Li3V3P8O29,
mp-762960,Li3V3P8O29,
mp-762955,Li3V3P8O29,
mp-762951,Li3V3P8O29,
mp-559330,Sr4B14O25,
mp-5512,Sr4Al14O25,
mp-581681,Ca21(Mn2Sb9)2,
mp-581814,Ca21(Mn2Bi9)2,
mp-581855,Sr21(Mn2Sb9)2,
mp-582108,Sr21(Cd2Bi9)2,
mp-722867,Ca3Cu5Si9O26,
mp-766731,Li3V3P8O29,
mp-766672,Li3V3P8O29,
mp-686458,Rb11Al14Si10(AgO16)3,
mp-721144,Na4P2H20O17,
mp-777751,Li3Nb3P8O29,
mp-766073,Li3V3P8O29,
mp-676314,Dy10Ti6O27,
mp-865196,Li3V3P8O29,
mp-865189,Li3V3P8O29,
mp-863894,Li3V3P8O29,
mp-863891,Li3V3P8O29,
mp-863890,Li3V3P8O29,
mp-863889,Li3V3P8O29,
mp-707985,K3Na3TeP6(HO4)6,
mp-863876,Li3V3P8O29,
mp-863871,Li3V3P8O29,
mp-863870,Li3V3P8O29,
mp-863865,Li3V3P8O29,
mp-762848,Li2MnP4(H4O5)4,
mp-762847,Na2CoP4(H4O5)4,
mp-705379,Li5Co9(P2O7)8,
mp-762146,Li3V3P8O29,
mp-762033,Li3V3P8O29,
mp-761956,Li3V3P8O29,
mp-761948,Li3V3P8O29,
mp-761946,Li3V3P8O29,
mp-761943,Li3V3P8O29,
mp-761942,Li3V3P8O29,
mp-570266,Sm26Ga6Co11,
mp-560230,CeAg6(NO3)9,
mp-566657,Cd5Mo2(P2O7)4,
mp-530797,Ho10Ti6O27,
mp-706366,K6H6S6N2O23,
mp-695215,Y2Al9Si27(N15O)3,
mp-761945,Li3V3P8O29,
mp-861841,Li3V3P8O29,
mp-680286,Os5(CO)19,
mp-677002,SrZr12B2I5Cl23,
mp-765983,Li3V3P8O29,
mp-695307,K6Sb2H18S8O9,
mp-761830,Li3V3P8O29,
mp-849501,Li3V3P8O29,
mp-695601,Na7Al12Si12H6ClO48,
mp-531302,La10(Si2O9)3,
mp-695967,Ag3P6H12N3O19,
mp-778111,Li3Bi3P8O29,
mp-762962,Li3V3P8O29,
mp-696088,Sb2H20(Cl4O3)3,
mp-762954,Li3V3P8O29,
mp-853245,KV12O30,
mp-697305,K2Na5Al7Si5O24,
mp-773131,BaTi14O28,
mp-776510,Li3Sb3P8O29,
mp-690912,Cd10As6HClO25,
mp-27295,Mg14Ge5O24,
mp-15761,Ba4Ti12O27,
mp-707151,Na2B4H20O17,
mp-567918,Ba2Nd7Si11N23,
mp-734942,Ca3Cu5Si9O26,
mp-850945,Li47(NiO4)8,
mp-685970,Ce14Gd18O55,
mp-680196,CdI2,
mp-774277,V8CuO20,
mp-30142,Be4N6O19,
mp-781126,Li6Mn3(PO4)4,
mp-686077,Er18Ti14O55,
mp-557127,Cs6Na2Nb6H36O37,
mp-568335,Cs2Hg27,
mp-861842,NaV8O20,
mp-531963,Ce14Y18O55,
mp-24303,Mg3P4H48(NO15)2,
mp-1094692,Mg16Al13,
mp-779162,Mg4N6O19,
mp-765011,V7(O2F3)3,
mp-687200,LiFe(PO3)5,
mp-765023,Li5Mn(CO3)4,
mp-765018,Li4V3P8O29,
mp-765043,Li4V3P8O29,
mp-850515,Ni(SO4)2,
mp-850473,Co3P4O15,
mp-699648,Na2CrFeF7,
mp-699582,Na2AlFeF7,
mp-765017,Li4V3P8O29,
mp-765015,Li4V3P8O29,
mp-698617,La8Mn9O27,
mp-559730,KGa(Te3O7)2,
mp-966591,Ca(BH4)2,
mp-849779,LiSi6BiO14,
mp-696193,NiH2(SN)4,
mp-698476,H2C3(N2Cl)2,
mp-27794,BaB8O13,
mp-774458,Li4MnV3(P2O7)4,
mp-774422,LiV(Si3O7)2,
mp-776862,Mn2P2H7NO10,
mp-776861,Na5CoHO4,
mp-744042,FeH12(NF2)3,
mp-760784,Li3Cu4F15,
mp-760091,Nb(SO4)2,
mp-764990,Li4V3P8O29,
mp-851282,Cr(SO4)2,
mp-764989,Li4V3P8O29,
mp-764988,Li4V3P8O29,
mp-758987,Na5CuHO4,
mp-778619,Na4Co2O5,
mp-672208,Ce2Si2O7,
mp-778499,BaSr7V8(Si2O7)8,
mp-696225,K3P2H7O10,
mp-766732,Li4V3P8O29,
mp-766667,Li4V3P8O29,
mp-850466,LiMnP2O7,
mp-766653,V6PbO15,
mp-766652,Li5V(CO3)4,
mp-780928,Li5V3F14,
mp-782726,LiFeP2O7,
mp-766644,Li5Fe(CO3)4,
mp-850459,LiMnP2O7,
mp-777968,Li5Ni2(PO4)3,
mp-850456,LiMnP2O7,
mp-687239,K5YNi2(NO2)12,
mp-695791,LiMo(PO3)5,
mp-763811,Na5MnHO4,
mp-763808,Na5NiHO4,
mp-763802,Li5Mn3F14,
mp-744991,Mn4Si3AsHO13,
mp-766112,Li4MnV3(P2O7)4,
mp-850265,LiMnP2O7,
mp-849265,LiSbP2O7,
mp-763487,Cr3P4O15,
mp-774552,Li11Y14Ti14(S2O5)7,
mp-780724,LiSbP2O7,
mp-757266,BaTi7O14,
mp-850177,LiFeP2O7,
mp-850176,LiFeP2O7,
mp-683963,Gd3RuO7,
mp-762875,Na5FeHO4,
mp-850165,LiFeP2O7,
mp-675046,Rb28(Mg3In17)3,
mp-850161,LiFeP2O7,
mp-615626,Na5Mn3F14,
mp-780570,Ti(SO4)2,
mp-773952,LiP5WO15,
mp-851059,Li4V3P8O29,
mp-775383,Li4V3P8O29,
mp-765290,Li4V3P8O29,
mp-704967,K5CeNi2(NO2)12,
mp-775373,Li4V3P8O29,
mp-866638,KSc(BH4)4,
mp-779594,Zn2As2O7,
mp-779589,Na3Sb5O14,
mp-849692,LiMnP2O7,
mp-865154,LiFe(Si3O7)2,
mp-766673,Li4V3P8O29,
mp-763813,LiV3P2(HO3)4,
mp-766666,Li4V3P8O29,
mp-779294,Na3Sb5O14,
mp-766663,Li4V3P8O29,
mp-763726,LiMn3P2(HO3)4,
mp-651907,Nb6InCl15,
mp-766662,Li4V3P8O29,
mp-779108,Be2P2O7,
mp-766657,Li4V3P8O29,
mp-766655,Li4V3P8O29,
mp-705395,Fe3P4O15,
mp-766648,Li4V3P8O29,
mp-720267,BaB2H10O9,
mp-720266,Re2H6PbC(NO5)2,
mp-853244,Li5Fe3F14,
mvc-12302,Ca8Cr(PO4)7,
mp-766647,Li4V3P8O29,
mp-565395,Na4MoS3O14,
mp-707992,DyP2H9O10,
mp-849550,LiFeP2O7,
mp-775173,Li4V3P8O29,
mp-762967,Li4V3P8O29,
mp-762961,Li4V3P8O29,
mp-707883,CsB6H8O7,
mp-849415,LiFeP2O7,
mp-780534,Rb(BH)5,
mp-776782,Ba6YI15,
mp-680327,K3Ta4F15,
mp-780435,Li5Co2(PO4)3,
mp-680292,Tm7Cl15,
mp-780402,Sc2Ti2O7,
mp-707293,H2S2O7,
mp-705042,Co3C10O9,
mp-707052,CuH12Se(NO)4,
mp-765762,Li4V3P8O29,
mp-867937,Ca2SiB5O14,
mp-706525,NaAl3P2(HO3)4,
mp-774437,Li5La3Nb2O12,
mp-777143,LiMnP2O7,
mp-705892,K2B10H9O,
mp-765414,Li4V3P8O29,
mp-853176,Li3P7W5O29,
mp-765395,Li4V3P8O29,
mp-763812,Li5FeHO4,
mp-763798,Li5MnHO4,
mp-705372,LiCo(PO3)5,
mp-778881,Li5Mn2(PO4)3,
mp-853850,Li4V3P8O29,
mp-705315,LiCr(PO3)5,
mp-853271,Li5Mn2(PO4)3,
mp-851266,Li4V3P8O29,
mp-680247,K3P6S6N7,
mp-760060,Sb(SO4)2,
mp-778915,Ca5W3O14,
mp-853239,Na2Li2V3P2O13,
mp-851256,Li4V3P8O29,
mp-851255,Li4V3P8O29,
mp-851253,Li4V3P8O29,
mp-579665,CeTl5Fe2(NO2)12,
mp-851254,Li4V3P8O29,
mp-851247,Li4V3P8O29,
mp-759798,Bi7(O2F3)3,
mp-686465,Gd2Ti2O7,
mp-680087,ZnS,
mp-680085,ZnS,
mp-699253,K2H2C3S2O7F6,
mp-765355,Li4V3P8O29,
mp-851055,Li4V3P8O29,
mp-704908,K5CeCo2(NO2)12,
mp-600218,SbH12C4NF4,
mp-853215,W(SO4)2,
mp-705281,LiV(PO3)5,
mp-759413,ZnPH4NO4,
mp-759223,Sn(SO4)2,
mp-758945,Li5CuHO4,
mp-778561,Li5CoHO4,
mp-721059,H8AuC2S2N4ClO4,
mp-720615,H4NClO5,
mp-554747,Li5La3Nb2O12,
mp-629080,Fe2C9O7F4,
mp-772389,Ba9Rh8O27,
mp-504206,LiV(PO3)5,
mp-29943,H5NO5,
mp-26652,LiSb(PO3)5,
mp-29968,NbSeCl9,
mp-31229,Na4(BSe)9,
mp-30117,W2CCl8,
mp-30127,Rb3B7O12,
mp-21794,Sm2Si2O7,
mp-21838,Ce(SeO4)2,
mp-31272,P2O9,
mp-27344,Be(BH4)2,
mp-21947,Ce(SO4)2,
mp-3531,Ca2P2O7,
mp-23915,Ca2Al3Si3HO13,
mp-23970,NdP2H9O10,
mp-652788,Na2AlCoF7,
mp-24270,K(BH)5,
mp-29217,Ge3PbO7,
mp-3160,Pr2Si2O7,
mp-567009,K3V3(AsO7)2,
mp-532604,Na2Zr12B2I5Cl23,
mp-559180,Ba2Cu(BO3)2,
mp-556910,Sm3SiS6Cl,
mp-554957,Te3I(OF5)3,
mp-542702,FeH9C3N7O2,
mp-567291,Gd3OsO7,
mp-556951,CuH3C2NO4,
mp-559319,Zn2P2O7,
mp-687247,K5YCo2(NO2)12,
mp-685370,Y2Ti2O7,
mp-764114,Li4V3P8O29,
mp-684119,LiTi(PO3)5,
mp-740717,LiH4SNO4,
mp-738670,H5C2NO3,
mp-762885,Na5CrHO4,
mp-774721,Li5La3Nb2O12,
mp-736261,Sb4H8C2S7N,
mp-684686,Yb43Se45,
mp-763272,Li4V3P8O29,
mp-707324,PH6SN3,
mp-650015,P6N7Cl9,
mp-850087,V(SO4)2,
mp-680254,Yb7Cl15,
mp-707169,CuH4C3ClO2,
mp-773933,Ta2WO8,
mp-759962,PH5NO3F,
mp-707023,H6CN3Cl,
mp-759759,NaGa3P2(HO3)4,
mp-569337,Na4Si2Te5,
mp-561304,KAg3As2S5,
mp-555067,AsC4S4N4Cl2O2F5,
mp-555090,LiBS4(ClO3)4,
mp-561370,S,
mp-568029,Mg15Si2Ir5,
mp-559455,C2SNCl2F5,
mp-557126,NaPr(Si3O7)2,
mp-568060,Na4Ge2Te5,
mp-561440,Fe2Se2O7,
mp-568251,Ni6Se5,
mp-540554,NaH5SO4,
mp-559509,HgSb3XeF17,
mp-568397,CuMo3Cl7,
mp-568396,Ba(FeBr4)2,
mp-683928,K5CeCu2(NO2)12,
mp-557364,CdB2F8,
mp-573058,Na2FeCoF7,
mp-573080,As3H9RhC3(ClO)3,
mp-559776,Li5La3Ta2O12,
mp-578795,Na2FeCuF7,
mp-569822,Bi(W2Cl5)3,
mp-554796,BaSc3AgS6,
mp-558166,Na5Mn3F14,
mp-569883,Rb2(PSe2)3,
mp-558260,Hg6Cl3O2,
mp-559779,Nd3SiS6Cl,
mp-568762,Na4Ge2Se5,
mp-704975,Cs5CeNi2(NO2)12,
mp-562434,Cs3Ta5O14,
mp-559870,V3P4O15,
mp-555525,Sm3RuO7,
mp-558739,RbSb2Au3S5,
mp-558763,Ag2Hg(SeO3)2,
mp-558769,Na3Li4Th6F31,
mp-558865,SeS4(NCl)3,
mp-679991,CuW3Br7,
mp-705801,Sm3MoO7,
mp-680614,LiYb8Ge13,
mp-721624,Ca5P3HO13,
mp-780484,Li5Mn2(PO4)3,
mp-720802,Na6HfH8S5O24,
mp-699468,CsAg(BH)10,
mp-705870,La17Mn17O54,
mp-779434,Li5La3Nb2O12,
mp-709021,CaTi2(HO3)2,
mp-863877,Li4V3P8O29,
mp-707349,RbB6H8O7,
mp-695398,Na3PH24SO15,
mp-762178,Li4V3P8O29,
mp-853242,Li4V3P8O29,
mp-761986,Li5La3Nb2O12,
mp-853208,Li4V3P8O29,
mp-853207,Li4V3P8O29,
mp-30024,Sr(AlCl4)2,
mp-555625,C2SClO4F3,
mp-555639,Sm3OsO7,
mp-5974,La2Si2O7,
mp-570194,Ca(BH4)2,
mp-560040,Ca2Nb2O7,
mp-565368,Na2CrCoF7,
mp-565369,K4WS3O14,
mp-570305,La7Sb11Br4,
mp-541218,GdP2H9O10,
mp-6753,Ca5Si2C2O13,
mp-560182,AgH11C4(SO)3,
mp-560220,Na2ZnFeF7,
mp-555862,CsZr(NO3)5,
mp-560226,NaNd(Si3O7)2,
mp-555975,NaH12C4S2BrO2,
mp-565741,FeH12C2N2F5,
mp-565765,MgV2PbO7,
mp-704795,U(WO4)2,
mp-560412,GdP4H4NO12,
mp-556040,CaS2(ClO3)2,
mp-560425,Sr2Cu(BO3)2,
mp-556055,Na2AlCoF7,
mp-560456,Hg2Te2O7,
mp-532384,Dy2Ti2O7,
mp-556106,SrB2F8,
mp-566656,Sr3V4CdO14,
mp-566719,V2ZnPbO7,
mp-566795,NaLi2Mo2P3O14,
mp-556195,Na2AlB(As2O7)2,
mp-530294,Sm2Zr2O7,
mp-571184,CuMo3Br7,
mp-570909,CuTe4H12C4N,
mp-560919,Na5Y(CO3)4,
mp-530709,TlW3Br7,
mvc-14530,CaV2CoO7,
mp-19664,SrV6O15,
mp-19696,CaMgV2O7,
mp-12146,CaB2F8,
mp-12156,K3Sb5O14,
mp-12193,Nd2Ti2O7,
mp-12192,La2Ti2O7,
mp-706521,K2PH3O5,
mp-775628,Li5La3(SbO6)2,
mp-745118,CoH9(NO)6,
mp-21963,YTl5Cu2(NO2)12,
mp-704546,RbNaCr2O7,
mp-744926,Fe3P2H6O11,
mp-777883,Ba6YCl15,
mp-683936,Ba4LaGe3SbSe13,
mp-774794,Li5Sm3(SbO6)2,
mp-699647,Mn2SnC9ClO9,
mp-734944,CoH2(SN)4,
mp-774335,Sn2P2O7,
mp-680240,Sb2Cl5F4,
mp-776332,Na(BH)5,
mp-605173,As3H9RhC3(BrO)3,
mp-679989,Bi(Mo2Cl5)3,
mp-777731,Ba6YBr15,
mp-745140,VH10SO10,
mp-669462,TeS2N3Cl5,
mp-652744,POs6C18ClO18,
mp-667305,ReN(OF2)3,
mp-777481,Ba6YBr15,
mp-662570,BaB2F8,
mp-605172,Cu3As2H16C16Br3(NO)2,
mp-774283,Re2H6PbC(NO5)2,
mp-560627,TeMo5O16,
mp-531064,KMo3Br7,
mp-560718,TeH12AuC4S3N,
mp-531952,KW3Br7,
mvc-7583,MgCo3O7,
mvc-7604,CaTa2CoO7,
mvc-7570,CaTi2CoO7,
mvc-7614,CaCoSb2O7,
mvc-7635,CaCo3O7,
mvc-7641,MgTi2CoO7,
mvc-7662,V2ZnCoO7,
mvc-7664,CaCoNi2O7,
mvc-7672,ZnCoSb2O7,
mvc-7648,MgV2CoO7,
mvc-7649,CaCr2CoO7,
mvc-7638,Ti2ZnCoO7,
mvc-7724,ZnFe2CoO7,
mvc-7718,MgCoSb2O7,
mvc-7796,ZnCo3O7,
mvc-7725,MgCoBi2O7,
mvc-7730,MgMn2CoO7,
mvc-7720,ZnCoBi2O7,
mvc-7707,MgTa2CoO7,
mvc-7733,MgCoMo2O7,
mvc-7737,CaCoMo2O7,
mvc-7722,CaCoBi2O7,
mvc-7571,MgFe2CoO7,
mvc-7723,CaMn2CoO7,
mvc-7695,Ta2ZnCoO7,
mvc-7740,ZnCoNi2O7,
mvc-7721,CaFe2CoO7,
mvc-7803,ZnCoMo2O7,
mvc-7748,MgCoNi2O7,
mvc-7782,ZnCr2CoO7,
mvc-8217,ZnCoSn2O7,
mvc-8260,CaCoSn2O7,
mp-697905,LaMg2NiH7,
mp-762963,Li4V3P8O29,
mp-776610,Ba6YI15,
mp-662588,SbRu2C6Cl7O6,
mp-1019543,BaCaP2O7,
mp-765152,Ca11Tl9O24,
mp-776036,LiV6O15,
mp-776066,V2P2O7,
mp-704489,Co3C9SO9,
mp-765235,Zr32N17O39,
mp-704511,U(MoO4)2,
mp-765214,Li4V3P8O29,
mp-776134,Li4MnV3(P2O7)4,
mp-765251,Li4V3P8O29,
mp-773113,H12RuSN4(ClO)2,
mp-23370,CuW3Br7,
mp-29440,CuMo3I7,
mp-15225,Nd2Si2O7,
mp-15547,Na2ZnGaF7,
mp-15590,Sr2Nb2O7,
mp-24560,LiB2H3O5,
mp-29557,CuW3Cl7,
mp-687255,K5CeFe2(NO2)12,
mp-24767,H12C4NClO4,
mp-24802,Sr2Al3Si3HO13,
mp-19660,Sr2V2O7,
mp-29743,Sr5U3O14,
mp-30935,B17F27,
mp-25741,KCoH6(N3O4)2,
mp-29827,Rb4Hg5Te13,
mp-651337,V3P4O15,
mp-705086,CeTl5Ni2(NO2)12,
mp-562308,YTl5Cu2(NO2)12,
mp-566445,Rb5CeNi2(NO2)12,
mp-680221,Ce3Ge5Pd14,
mp-565884,K4MoS3O14,
mp-559138,Ba2Zn(BO3)2,
mp-694909,Li11Fe3B24(PbO24)2,
mp-565250,CeTl5Ni2(NO2)12,
mp-699464,Ca3Be2Si3(HO6)2,
mp-705084,YTl5Co2(NO2)12,
mp-555146,KCS2N(O2F)2,
mp-557989,K3Sb5O14,
mp-863765,CeTl5Co2(NO2)12,
mp-779827,Ce(WO4)2,
mp-704550,Mn2SnC9BrO9,
mp-849229,H5NO5,
mp-762938,Li3Mn4F15,
mp-780005,Li4MnV3(P2O7)4,
mp-29970,Cs3Sb5O14,
mp-705119,Rb5CeCo2(NO2)12,
mp-556234,Rb3Sb5O14,
mp-583424,Cs5CeCu2(NO2)12,
mvc-1872,CuSbAs2O7,
mp-19683,Th(MoO4)2,
mp-555459,CeTl5Cu2(NO2)12,
mp-559047,Rb5CeCu2(NO2)12,
mp-700268,Na2ZnFeF7,
mp-19632,CaV2CoO7,
mp-757779,La5Ta22O62,
mp-850770,Li9V6(P8O29)2,
mp-850768,Li9V6(P8O29)2,
mp-698635,La17Mn18O54,
mp-777360,Li13V24O52,
mp-674968,Ag33(PbO3)14,
mp-761779,K9(WO3)20,
mp-744812,NiH48C16S8(NO7)2,
mp-863387,K6Al32O51,
mp-760021,Ca19(Cu12O23)2,
mp-851212,Li9V6(P8O29)2,
mp-532508,Ho5(Mo3S4)12,
mp-530514,Li17Nb18O54,
mp-685779,Sn5(Mo3S4)12,
mp-674338,K16Zr12Se61,
mp-765088,Li5V3P8O29,
mp-765086,Li5V3P8O29,
mp-765084,Li5V3P8O29,
mp-765083,Li5V3P8O29,
mp-765080,Li5V3P8O29,
mp-768654,Cr7Ni20Mo3,
mp-765045,Li5V3P8O29,
mp-745186,CdNi2H24(ClO2)6,
mp-851050,Ca9Co(PO4)7,
mp-851044,Ca9Mn(PO4)7,
mp-698762,Ta2Mn4O9,
mp-736122,Ba3CaZrWO9,
mp-705008,V4P9O32,
mp-781184,Li2Mn7(P2O7)4,
mp-774428,K3V14O28,
mp-850476,Li5Mn4(P2O7)4,
mp-758025,Ba3(RhO2)14,
mp-695389,Ba18Pr9Sn4Sb5O54,
mp-850261,Li5Mn4(P2O7)4,
mp-853178,Li5V3P8O29,
mp-773966,K2W3O10,
mp-775505,Li5V3P8O29,
mp-765372,Li5V3P8O29,
mp-775385,Li5V3P8O29,
mp-775384,Li5V3P8O29,
mp-775382,Li5V3P8O29,
mp-775381,Li5V3P8O29,
mp-766934,Li5V3P8O29,
mp-775365,Al6H16C5(Cl2O)6,
mp-746884,Ca12Mn8Si7(H5O16)3,
mp-651409,Hf(TeCl6)2,
mp-766649,Li5V3P8O29,
mp-684657,Pd7O8,
mp-746679,CoP2H24C8S4NClO4,
mp-849560,Li5Fe4(P2O7)4,
mp-686370,Ba6Tb3Nb(SnO9)2,
mp-766642,Li5V3P8O29,
mp-766630,Li5V3P8O29,
mp-766629,Li5V3P8O29,
mp-766628,Li5V3P8O29,
mp-762957,Li5V3P8O29,
mp-762956,Li5V3P8O29,
mp-849492,Li5Fe4(P2O7)4,
mp-766105,NaV4O10,
mp-744839,FeP2H24C8S4NClO4,
mp-744816,RbMgV5(H8O11)2,
mp-765503,Li5V3P8O29,
mp-774190,Li5V3P8O29,
mp-774179,Li5V3P8O29,
mp-774177,Li5V3P8O29,
mp-774118,Li5V3P8O29,
mp-774079,Li5V3P8O29,
mp-851057,Li5V3P8O29,
mp-765307,Li5V3P8O29,
mp-1019597,Ce4B14O27,
mp-504259,Mo4P9O32,
mp-532816,Ba5Sr2Nd8(CuO5)5,
mp-685184,SiO2,
mp-743771,Ca8V7ZnBiO28,
mp-675363,Nd12Si5Se28,
mp-650392,FeSiO3,
mp-762984,Li5V3P8O29,
mp-762979,Li5V3P8O29,
mp-762969,Li5V3P8O29,
mp-762968,Li5V3P8O29,
mp-762964,LiMnF3,
mp-567526,SrMg4,
mp-561374,CaTeO3,
mp-553936,K2Ag4Pd3(NO2)12,
mp-569684,Zr(TeCl6)2,
mp-568561,K10MgMo7O27,
mp-568593,Pd34Se11,
mp-557863,K2Ag4Pt3(NO2)12,
mp-558305,Rb2Ag4Pd3(NO2)12,
mp-581887,Ca2As4Xe5F34,
mp-706405,CdP2(HO2)4,
mp-851064,Li5V3P8O29,
mp-720868,Ca2CdH24(ClO2)6,
mp-647822,Pd2S9N4,
mp-720571,CaH8(ClO2)2,
mp-676536,KBiO3,
mp-762297,Li5V3P8O29,
mp-853269,Li5Fe4(P2O7)4,
mp-853238,LiVF3,
mp-744644,Mg2MnH24(ClO2)6,
mp-637112,AsS7IF6,
mp-648788,Te7OsO5F32,
mp-558933,Na2Ge4O9,
mp-555661,Ca9In(PO4)7,
mp-570393,Cu8GeSe6,
mp-565570,Sr9TmV7O28,
mp-555980,Ba2Zn3(PO3)10,
mp-566812,Sr9LuV7O28,
mp-566493,NiP2H24(C2O7)2,
mp-566664,K10MnMo7O27,
mp-566672,Ca9Fe(PO4)7,
mp-560875,K2Ge4O9,
mp-680158,K2Ti(GeO3)3,
mp-744332,KV5Zn(H8O11)2,
mp-649080,Ti2SCl12,
mp-645962,La4B14O27,
mp-722318,TmH16C4N11O13,
mp-849730,Na2Ti4O9,
mp-849718,Na2Ti4O9,
mp-745114,Cd4NiH20(ClO)10,
mp-707129,Ca3B6(H4O5)4,
mp-744755,LiV5H18N2O19,
mp-566140,Sr9YbV7O28,
mp-566159,Li8Bi2(MoO4)7,
mvc-16550,Ca9Cr(PO4)7,
mp-866629,CaSnS3,
mp-867053,CaSnS3,
mp-624486,K2Sn(GeO3)3,
mp-662802,Os6C19SO19,
mp-765137,Li5V3P8O29,
mp-765155,Li5V3P8O29,
mp-776014,KV5Co(H8O11)2,
mp-765169,Li5V3P8O29,
mp-776037,LiV4O10,
mp-765148,Li5V3P8O29,
mp-765213,Li5V3P8O29,
mp-2981,CaTeO3,
mp-555252,Rb2Ti(GeO3)3,
mp-705177,Rb6In2Co2Si9O26,
mp-504406,Cr4P9O32,
mp-680061,Rb2Sn(GeO3)3,
mp-559569,YSiNO2,
mp-557372,Rb2Ge4O9,
mp-773965,Nb2PbO6,
mp-764647,Na8TiO6,
mp-560265,CaCO3,
mp-680154,Rb2Ti(GeO3)3,
mp-705343,Mo4P9O32,
mp-705399,Cr4P9O32,
mp-757603,Na13Ti24O54,
mp-633668,K23Na8(CdIn4)12,
mp-685526,Ca28(Yb5S16)3,
mp-686015,Ca3(PO4)2,
mp-685089,K57Se34,
mp-774217,Na13Ti24O54,
mp-705665,Nd4Mo31O56,
mp-530449,Ca3(AsO4)2,
mp-760205,Ba16S16O59,
mp-531132,Ca3(PO4)2,
mp-699599,LiCa9Co(PO4)7,
mp-699583,NaCa9Co(PO4)7,
mp-699567,KCa9Co(PO4)7,
mp-775750,LiFe(Si2O5)3,
mp-765032,Li6V3P8O29,
mp-850378,H11S2N3O7,
mp-757688,BaNb8O14,
mp-764966,Na2B8O13,
mp-850454,Li3Mn2(P2O7)2,
mp-694886,Ca11Cr7O28,
mp-853182,LiCr(Si2O5)3,
mp-853175,Li4V2Si4O13,
mp-772413,Al8SiO14,
mp-733936,Cs2MgH8(CO5)2,
mp-850475,Li3Mn2(P2O7)2,
mp-775294,LiCr3P4O15,
mp-850465,Li3Mn2(P2O7)2,
mp-850463,Li3Mn2(P2O7)2,
mp-763735,LiMn10(PO4)7,
mp-761529,Li6V3P8O29,
mp-650518,Ca4YFe5O13,
mp-762874,Li4Cr2Si4O13,
mp-762844,Li4Fe2Si4O13,
mp-849996,Li3Mn2(P2O7)2,
mp-773684,Li6V3P8O29,
mp-765330,Li6V3P8O29,
mp-773384,Li6V3P8O29,
mp-863382,Li4Nb(P2O7)2,
mp-735510,CrH10C2(NO4)2,
mp-685446,BaNb8O14,
mp-778109,Li6Nb3P8O29,
mp-567061,KBa3Ca4V7Cu3O28,
mp-779068,Li3MnB6O13,
mp-650840,In2Bi4Pb4S13,
mp-709428,YH8C2S2NO9,
mp-849506,Li3Fe2(P2O7)2,
mp-647729,Zr14P9,
mp-758934,Dy3Co29(Si2B5)2,
mp-707517,RbUP2H8O11,
mp-705156,Co6Te3(ClO6)2,
mp-775301,LiV(Si2O5)3,
mp-761520,Li6V3P8O29,
mp-761515,Li6V3P8O29,
mp-761509,Li6V3P8O29,
mp-761508,Li6V3P8O29,
mp-761507,Li6V3P8O29,
mp-761505,Li6V3P8O29,
mp-761500,Li6V3P8O29,
mp-863013,U3(PO9)2,
mp-761499,Li6V3P8O29,
mp-761498,Li6V3P8O29,
mp-866870,Ca7Sn3S13,
mp-761490,Li6V3P8O29,
mp-777030,Li6Mn3P8O29,
mp-743528,CrH14N4Cl3O,
mp-740732,UP3H10BrO8,
mp-779401,MnH8(SO6)2,
mp-774273,Li6V3P8O29,
mp-774270,Li6V3P8O29,
mp-773963,Li6V3P8O29,
mp-773962,Li6V3P8O29,
mp-743773,Na3Ca18Fe(PO4)14,
mp-773934,Li6V3P8O29,
mp-734123,RbSrP3(HO2)6,
mp-705381,LiFe3P4O15,
mp-773932,Li6V3P8O29,
mp-705127,Mo2P3Pb2BrO15,
mp-730972,UP3H10ClO8,
mvc-13581,Al2Fe3(PO5)3,
mp-773783,Li6V3P8O29,
mp-773693,Li6V3P8O29,
mp-773637,Li6V3P8O29,
mp-773609,Li6V3P8O29,
mp-773579,Li6V3P8O29,
mp-773558,Li6V3P8O29,
mp-773531,Li6V3P8O29,
mp-773379,Li6V3P8O29,
mp-773378,Li6V3P8O29,
mp-773329,Li6V3P8O29,
mp-601302,GdP2H9O11,
mp-772688,Li6V3P8O29,
mp-772471,Li6V3P8O29,
mp-772469,Li6V3P8O29,
mp-772461,Li6V3P8O29,
mp-772460,Li6V3P8O29,
mp-772454,Li6V3P8O29,
mp-772453,Li6V3P8O29,
mp-772452,Li6V3P8O29,
mp-720593,Na2B5H5O11,
mp-685283,Ag13Bi15I64,
mp-26327,Li6Bi3P8O29,
mp-504218,Li6Fe3P8O29,
mp-504361,Li6Cr3P8O29,
mp-30325,In2(Se2O5)3,
mp-567065,Fe2(Se2O5)3,
mp-561241,USb3O2F17,
mp-567344,LiCa9Mn(PO4)7,
mp-571469,Sm3Mg13Zn30,
mp-687091,Rb2U2Mo3O16,
mp-772299,Li6V3P8O29,
mp-763889,Li6V3P8O29,
mp-763881,Li6V3P8O29,
mp-756672,Li4Si4Bi2O13,
mp-763866,Li6V3P8O29,
mp-740752,BaRe2(H2O3)4,
mp-641191,U2Tl2Mo3O16,
mp-738624,SmP2H9O11,
mp-707775,K2B5H5O11,
mp-707765,TeH12(Cl2O3)2,
mp-762845,Li4Mn2Si4O13,
mp-680486,W6CCl16,
mp-733862,KCaP3(HO2)6,
mp-707200,Na4P4H2O13,
mp-567966,RbZr6CCl15,
mp-540503,Li6V3P8O29,
mp-568358,Si2H15C5N,
mp-557333,H14C5(SN)2,
mp-554174,Ca2P2H8O11,
mp-6084,La3Co29(Si2B5)2,
mp-574458,Zr21Re25,
mp-569754,Ba7Sn3Se13,
mp-554686,MgAs2(XeF9)2,
mp-558083,BaLi2Ti6O14,
mp-558263,YH24C9N6(ClO)3,
mp-558276,K2Er(NO3)5,
mp-554873,Ag2B8O13,
mp-558548,Na3B6NO13,
mp-558619,Li2Ti6PbO14,
mp-570025,Mg21Zn25,
mp-582518,Ba(Fe2O3)9,
mp-558806,HgTe2C2(NF8)2,
mp-570066,KZr6CCl15,
mp-707923,HOs6C18S2O19,
mp-722527,AlH11SO10,
mp-722237,Be(B3H8)2,
mp-608080,Al3(PO4)4,
mp-700135,Cs2U2Mo3O16,
mp-707900,PrH20S4N5O16,
mp-762849,VH10(CO5)2,
mp-705373,Li6Co3P8O29,
mp-567186,La3Co29(Si2B5)2,
mp-541015,ScH13Cl2O7,
mp-559010,Sb2OsC4(OF3)4,
mp-585202,Ni4P4O15,
mp-565356,Sm2MnTe5Cl2O13,
mp-565379,KCa10V7O28,
mp-6813,KCa10(PO4)7,
mp-555825,Na4Sc2Si4O13,
mp-570411,K12In2Se9,
mp-565700,Ti8O15,
mp-9467,NaCa9Mg(PO4)7,
mp-9468,KCa9Mg(PO4)7,
mp-555979,Li2Pr(NO3)5,
mp-542300,Na2B8O13,
mp-556801,Na3B6PO13,
mp-566438,Na3VB6O13,
mp-570748,Zn13Sb10,
mp-566697,KCa9Mn(PO4)7,
mp-560587,Rb2Sb8O13,
mp-531006,CsB9O13,
mp-556399,LaTiI5O16,
mp-746580,Y2CuH5S2O12F,
mp-693753,BaNa5Ca7P6(O8F)3,
mp-667315,ScNb6Cl13O3,
mp-744751,NaMn6Al3H42(SO19)2,
mp-764629,Rb3NaV4H2O13,
mp-759792,Ag2B8O13,
mp-744736,VH12N3O5F2,
mp-680008,P6N6Cl10O,
mp-677670,Na2Al2Si3(HO3)4,
mp-722344,KCa4B22H18ClO46,
mp-765099,Li6V3P8O29,
mp-765193,LiSn10(PO4)7,
mp-669521,Nb3Te4ClO15,
mp-745120,CrH10SNO10,
mp-614997,SnS16(Cl2O)2,
mp-652711,Bi2Ru3(CO)9,
mp-776484,Li6Sn3P8O29,
mp-600171,ZnH8C4(N4Cl)2,
mp-560668,K2Zn3(P2O7)2,
mp-16084,Pr3Co29(Si2B5)2,
mp-16086,Sm3Co29(Si2B5)2,
mp-16088,Tb3Co29(Si2B5)2,
mp-16092,Tm3Co29(Si2B5)2,
mp-16093,Lu3Co29(Si2B5)2,
mp-560730,H8CN2(ClO5)2,
mp-566173,Ba3V2(PO5)3,
mp-744213,Mo3H9Br3(ClO)4,
mp-1020637,Sr3BeB6O13,
mp-778149,Li6Ti3P8O29,
mp-744197,Mo3H9I3(ClO)4,
mp-1019714,CsCa10(PO4)7,
mp-667336,Cs4Zr3Te16,
mp-1019605,Cs2Ba3(P2O7)2,
mp-704284,Li6Mn3P8O29,
mp-765175,Li6V3P8O29,
mp-765212,Li6V3P8O29,
mp-765243,Li4Ti2Si4O13,
mp-773090,Nb6CdO16,
mp-776676,LiCo3P4O15,
mp-21951,Er3Co29(Si2B5)2,
mp-28788,Ba9(AuO6)2,
mp-24478,PuH8(SO6)2,
mp-16083,Ce3Co29(Si2B5)2,
mp-16085,Nd3Co29(Si2B5)2,
mp-16691,SrLi2Ti6O14,
mp-19709,NaCa9Mn(PO4)7,
mp-1096868,Ba7Sn3S13,
mp-778808,Li6La3Nb2O12,
mp-680293,Gd3Co29(Si2B5)2,
mp-27792,K2S5O16,
mp-648805,Os7C19SO19,
mp-662606,LuTa6Br13O3,
mp-561448,Na4Ce(As2O7)2,
mp-554793,YH7C4O11,
mp-566733,KNiAs3F18,
mp-556451,H14C5(NO)2,
mp-558307,PW5O17,
mp-777775,Ag(H7O4)2,
mp-559681,Dy2CuTe5Br2O13,
mp-558846,Cs2As4Pd3O14,
mp-705427,Ni4P4O15,
mp-765020,Sr24Fe16O53,
mp-686736,Sr5Li25La7(BiO6)8,
mp-695291,Li25Ca5La7Nb8O48,
mp-706847,Na17(WO3)19,
mp-744242,Na4TeMo6H40(NO20)2,
mp-705832,Li17(WO3)19,
mp-685363,Cd18Sn19O56,
mp-677726,Al12Si12Ag16S5O48,
mp-686239,Sr5Li25La7Nb8O48,
mp-850221,H28RuS2(N3O5)2,
mp-763896,Li7Mn7P6(O8F)3,
mp-763895,Li7V7P6(O8F)3,
mp-764601,Li7V3P8O29,
mp-850269,Li7Mn4(P2O7)4,
mp-997551,Li7Fe7P6(O8F)3,
mp-997533,Li7Mn7P6(O8F)3,
mp-780475,Na3(W3O8)4,
mp-765369,Li7V3P8O29,
mp-779712,Ti17(NO4)6,
mp-851110,Ba9La5I33,
mp-779465,Ti17(NO4)6,
mp-721011,Pr20AlSi19N33Cl2O19,
mp-782053,Sr9La5Cl33,
mp-782047,Ca9La5Cl33,
mp-782009,Ca9La5Br33,
mp-761912,Li7V3P8O29,
mp-781880,Ba9La5Cl33,
mp-708969,P2H24PdC12(BrN3)2,
mp-683922,Ce6Ge9(BO15)2,
mp-761751,Li7V3P8O29,
mp-761632,Li7V3P8O29,
mp-761625,Li7V3P8O29,
mp-851112,Ba9La5Br33,
mp-849270,Ti17(NO4)6,
mp-851109,Sr9La5Br33,
mp-765903,Li6V5(P2O7)4,
mp-694972,Ce10Si10BrN17O9,
mp-779727,Ti17(NO4)6,
mp-779561,Ti17(NO4)6,
mp-779528,Ti17(NO4)6,
mp-779454,Ti17(NO4)6,
mp-779127,Ti17(NO4)6,
mp-779024,Ti17(NO4)6,
mp-778999,Ti17(NO4)6,
mp-778995,Ti17(NO4)6,
mp-851288,Li7V3P8O29,
mp-504376,Li6Co5(P2O7)4,
mp-504387,Li6Mn5(P2O7)4,
mp-504807,MgP2H20C4(N2O3)4,
mp-29298,Ba4Ti13O30,
mp-685509,Ba25(Bi5O18)3,
mp-763893,Li7Cr7P6(O8F)3,
mp-720807,H2Ru6C18SO20,
mp-762941,Li6Cr5(P2O7)4,
mp-30783,Sr9Mg38,
mp-559631,Bi6Rh12O29,
mp-579614,Y16B4C8I19,
mp-540920,CaP2H20C4(N2O3)4,
mp-683938,Rh8C20O19,
mp-676545,Cd(Bi9O14)2,
mp-699473,Li2B12H26O7,
mp-779648,Ti17(NO4)6,
mp-779487,Ti17(NO4)6,
mp-779470,Ti17(NO4)6,
mp-779464,Ti17(NO4)6,
mp-779107,Ti17(NO4)6,
mp-778984,Ti17(NO4)6,
mp-778978,Ti17(NO4)6,
mp-705432,Li6Ni5(P2O7)4,
mp-705431,Li6Fe5(P2O7)4,
mp-705429,Li6Co5(P2O7)4,
mp-778905,Ti17(NO4)6,
mp-707323,LaH16C2N11O17,
mp-853275,Li7Mn4(P2O7)4,
mp-762141,Li7V3P8O29,
mp-761913,Li7V3P8O29,
mp-649107,ReTe7O7F32,
mp-556874,La6Mo8O33,
mp-686617,Nd10Si10N17ClO9,
mp-738697,Al3P4H18C3N3O16,
mp-677195,Nd10Si10BrN17O9,
mp-761543,Li7V3P8O29,
mp-765227,Li6Sn5(P2O7)4,
mp-28092,B20H26O,
mp-555620,BaNb7(P2O11)3,
mp-863370,K6Nb11O30,
mp-705407,Li6Mn5(P2O7)4,
mp-765044,Li14V9(P2O7)8,
mp-757535,Li35(RuO4)12,
mp-686149,Ag15(BiI4)16,
mp-774027,Sr24Fe16O55,
mp-684860,Sm39S56,
mp-684726,La39Se56,
mp-504263,Li14Co9(P2O7)8,
mp-532444,Zr3Sc4O12,
mp-540237,Li14Ni9(P2O7)8,
mp-685490,Hf3Sc4O12,
mp-762949,Li14Cr9(P2O7)8,
mp-758800,B84O11,
mp-762439,Li14Cu9(P2O7)8,
mp-676763,SbH7F11,
mp-863935,V18Cu20O57,
mp-863364,Li14Sn9(P2O7)8,
mp-705402,Li14Mn9(P2O7)8,
mp-530754,Mg5Al34O56,
mp-699412,B3H52C16(NO)12,
mp-705349,Li14Ni9(P2O7)8,
mp-705378,Li14Co9(P2O7)8,
mp-795584,RbAl(SO10)2,
mp-775959,LiLa7(CuO7)2,
mp-778621,Li32Ti3Cr13O48,
mp-778415,Li32Mn3Cr13O48,
mp-751967,V2NiP2H6O13,
mp-685705,Mn17Nb31N48,
mp-775303,Li2Fe(Si2O5)3,
mp-775302,Li2Cr(Si2O5)3,
mp-775292,Li2V(Si2O5)3,
mp-849500,LiMnBO3,
mp-850903,LiMnH8(SO6)2,
mp-850262,Li2FeP2O7,
mp-697969,Rb2Cu3H2S3O14,
mp-849326,Ta3AgO8,
mp-764826,Li2MnF5,
mp-782632,LiNi(SO4)2,
mp-851118,KNa2LiZr2(Si2O5)6,
mp-705002,Li3V4P9O32,
mp-851041,Na2Fe(Si2O5)3,
mp-778612,Na3CuO2,
mp-778542,Li32Ti3Cr13O48,
mp-696407,MgH12SO10,
mp-778343,Li32Ti3Cr13O48,
mp-639511,SiO2,
mp-720526,H4CN2O,
mp-778043,Li32Ti3Cr13O48,
mp-695906,RbSmH8(SO6)2,
mp-777983,Li32Ti13Cr3O48,
mp-777982,Li32Ti13Cr3O48,
mp-746672,NiP2H2O7,
mp-745190,CoH12SO10,
mp-654358,Co3B7BrO13,
mp-721604,CuH4C2S2N2Cl,
mp-777910,Li32Ti3Cr13O48,
mp-761774,Li8V3P8O29,
mp-761706,Li2CoP2O7,
mp-685440,Li11Ta37N48,
mp-761679,Li8V3P8O29,
mp-777715,Li32Ti3Cr13O48,
mp-777614,Li32Ti3Cr13O48,
mp-757825,Mg11Ti25O60,
mp-849252,Li2VF5,
mp-777524,Li32Ti3Cr13O48,
mp-777523,Li32Ti3Cr13O48,
mp-650954,LaFe5(GeO5)3,
mp-777709,Li32Ti13Cr3O48,
mp-777496,Li32Ti13Cr3O48,
mp-683987,Ce15B8N25,
mp-639734,SiO2,
mp-851102,LiTa3O8,
mp-781672,LiFeH8(SO6)2,
mp-685478,Na2PdO3,
mp-639724,SiO2,
mp-685352,Ca2NF,
mp-764153,Li2CrP2O7,
mp-764152,Li2NiP2O7,
mp-764135,Li2VP2O7,
mp-779803,Li32Mn13Cr3O48,
mp-779761,Li32Ti5Cr11O48,
mp-659217,Zn3B7BrO13,
mp-706227,BH5C4(N2O)2,
mp-762311,ZnH12N4Cl4O3,
mp-779392,Li32Mn13Cr3O48,
mp-779327,Li32Mn11Cr5O48,
mp-779270,Li32Mn13Cr3O48,
mp-779232,Li32Mn3Cr13O48,
mp-863362,LiTa3O8,
mp-779206,Li32Mn13Cr3O48,
mp-779198,Li32Mn13Cr3O48,
mp-779189,Li32Mn13Cr3O48,
mp-778917,Li2CoP2O7,
mp-778893,Li32Mn3Cr13O48,
mp-705341,Li3Mo4P9O32,
mp-778798,Li32Mn13Cr3O48,
mp-600037,SiO2,
mp-600527,CoH14C3NCl3O2,
mp-600524,FeH14C3Br3NO2,
mp-600519,NiH14C3NCl3O2,
mp-600501,MnH14C3NCl3O2,
mp-695616,Ca6TiAl5Si6(O5F)5,
mp-761757,Li8V3P8O29,
mp-780523,LiFe(SO4)2,
mp-780520,LiMn(SO4)2,
mp-780338,LiCr(SO4)2,
mp-705390,Li3Fe4P9O32,
mp-706631,Na2B3HO6,
mp-779809,LiSb(SO4)2,
mp-779798,Li32Mn5Cr11O48,
mp-762358,LaH9(SO6)2,
mp-779786,Li32Mn5Cr11O48,
mp-779772,Li32Mn11Cr5O48,
mp-779408,Li2NiP2O7,
mp-740718,AlH6N2Cl3,
mp-779398,Li32Mn3Cr13O48,
mp-779397,Li32Mn3Cr13O48,
mp-779377,Li32Mn3Cr13O48,
mp-779375,Li32Mn3Cr13O48,
mp-705637,NiPO4,
mp-779180,Li32Mn3Cr13O48,
mp-705467,MnPO4,
mp-735023,H4CSN2,
mp-734137,H9C2N7O6,
mp-778896,Li32Mn3Cr13O48,
mp-705201,FePO4,
mp-708964,Al2P2H8C2NO8F,
mp-693358,Ca6Ti5AlSi6O29F,
mp-743548,KCr2H(CO)10,
mp-679949,La15B14C19,
mp-648633,Fe3C10SO10,
mp-613569,K2SbF5,
mp-600070,SiO2,
mp-600022,SiO2,
mp-1019720,CsZr2Al(PO4)4,
mp-759030,KSmH4(N2O7)2,
mp-1029517,Li7BiN4,
mp-761647,Li2Si3Ni2O9,
mp-705033,Cr2AsC10ClO10,
mp-705013,CrBi8O15,
mp-720586,CaH4NClO5,
mp-720572,RbH3(SeO3)2,
mp-28668,B9H11N4,
mp-504802,MgH12S2O9,
mp-28791,Se2NCl3,
mp-28892,PH4N3,
mp-23784,NaB(H4O)2,
mp-24045,AlP(H2O3)2,72.43456958
mp-775349,Li2Cr(Si2O5)3,
mp-29114,Re3Te4Cl5,
mp-27692,BaB4O7,
mp-29363,Rb3GaP2,
mp-31520,CoB4O7,
mp-567012,Ni3B7ClO13,
mp-567038,Ba2V4Cd3O15,
mp-772470,Li2V2(SiO3)3,
mp-559099,K3Cu(NO3)5,
mp-542678,AlAs(H2O3)2,
mp-542745,PH6CNO3,
mp-567288,Ni3B7BrO13,
mp-567303,Li2MnP2O7,62.49981339
mp-559298,La5Sb4(O4F)3,
mp-761841,Li2SnP2O7,
mp-743637,CoH12SO10,
mp-738695,H12OsC4N(OF)3,
mp-641112,ReO2F3,
mp-707473,InP(H2O3)2,
mp-704116,KMn2Zn3(Si2O5)6,
mp-733468,K2PHO4,
mp-709098,H2CS3,
mp-706632,H15RhBr3N5,
mp-561308,CuH14C3NCl3O2,
mp-1029522,Li7SbN4,74.89310346
mp-567645,Ag2H12C6N3Cl,
mp-569405,B3H5,
mp-559384,BaNaNdSi2O7,
mp-557059,RbSnS4,
mp-555165,SiO2,
mp-559516,K3Nb(SO4)4,
mp-553907,Rb3AgO2,
mp-572510,K3AgO2,
mp-553945,SiO2,
mp-553954,B4COF6,
mp-561502,Ba8B5N10F,
mp-554273,AlPO4,
mp-568546,In5Br7,
mp-554435,TcBi3O8,
mp-557748,SbIrC2(OF3)2,
mp-578744,MnP3H12NO7,
mp-578727,Rb2Cr5F17,
mp-557778,RbNbSiO5,
mp-578817,V2Cd4(TeO5)3,
mp-4825,Li7VN4,
mp-579128,MoSO6,
mp-557894,SiO2,
mp-557904,SbSe2S(NF3)2,
mp-579552,La2CO5,
mp-579582,Fe3B7IO13,
mp-554755,SiO2,
mp-579770,Cr3B7ClO13,
mp-579836,Mn3B7BrO13,
mp-579930,K2NiP2O7,
mp-31917,Mn3B7IO13,
mp-555420,NaLiTi3O7,
mp-558203,SiO2,
mp-581285,LiGd6B3O14,
mp-555489,LiY6B3O14,
mp-581963,K4Hf3Te17,
mp-559873,CSNO2F3,
mp-555521,SiO2,
mp-582182,Cs5In3As4,
mp-582495,EuCu(MoO4)2,
mp-559908,LiTa3O8,
mp-582813,K10In5Sb9,
mp-683937,Ni13Sn8P3,
mp-5515,Li7MnN4,80.37436548
mp-706301,HClO4,
mp-762481,Li8V3P8O29,
mp-706872,Na2TbO3,
mp-703380,H6CSBrN3,
mp-699469,AlH15N5Cl3,
mp-605344,ZnH4SeO6,
mp-781106,Li32Mn5Cr11O48,
mp-707821,Ru3C10I2O9,
mp-583029,K3CaV5O15,
mp-5832,Li2Ge7O15,
mp-570193,NaAuCl4,
mp-560064,SiO2,
mp-569173,TlAu(CN)2,
mp-6844,KLi3Si12(SnO15)2,
mp-555816,KDy(SeO4)2,
mp-541423,FePH4NO4F,
mp-721851,BHO2,
mp-560336,SiO2,
mp-541857,GaP(H2O3)2,
mp-560424,AsC4S2Cl2O2F13,
mp-556088,SiO2,
mp-566334,Sb3C2N(OF8)2,
mp-566355,NiP3H12NO7,
mp-566937,TlCu2P2O7,
mp-566984,PrCu(MoO4)2,
mp-561165,VBi2O5,
mp-566740,MnH11C5NO6,
mp-556214,CaB4O7,
mp-560920,SiO2,
mp-560941,SiO2,
mp-566077,Mn3B7ClO13,
mp-530933,Li5P2N5,
mp-560986,AsSe2S(NF3)2,
mp-12233,ZnB4O7,
mp-1016048,CrN2,
mp-775527,CaV5H19O23,
mp-694056,BaMg2Al6(Si3O10)3,
mp-4604,Li7VN4,83.22745286
mp-14384,Ba3Ho(BO3)3,
mp-783910,LiFeBO3,
mp-686347,Ca16MgAl14Si9O56,
mp-704545,Fe3C10SeO10,
mp-14712,Li7PN4,
mp-760014,LiSbF4,
mp-680232,K2AgC3(SN)3,
mp-759786,Na2Ti7O15,
mp-604979,CoP3H12NO7,
mp-677497,SrMg2Al6(Si3O10)3,
mp-600049,SiO2,
mp-600045,SiO2,
mp-600041,SiO2,
mp-667368,SiO2,
mp-744260,LiLa(MoO4)2,
mp-849522,Li8V3P8O29,
mp-14827,Li7NbN4,81.50731579
mp-743954,MoH12N3O5F3,
mp-646895,SiO2,
mp-600177,KH13CBrNO7,
mp-645902,Co3Ge(CO)10,
mp-600024,SiO2,
mp-13603,CdB4O7,
mp-14234,MgB4O7,
mp-561027,AlPO4,
mp-566142,NdCu(MoO4)2,
mp-542386,CoNiH24(SO10)2,
mp-542759,FeP(H2O3)2,
mp-566256,CaFeSbAs2O7,
mvc-1993,ZnSbAs2SeO7,
mvc-1939,CaSbAs2SeO7,
mvc-1996,MgSbAs2SeO7,
mp-4843,CeZrO4,
mp-707364,AgH3CN3O4,
mp-1020705,Rb2Li3B(P2O7)2,
mp-778009,LiBi6B3O14,
mp-757290,MgH12SeO10,
mp-744858,Ni5SbH17C15NO9,
mp-578721,NiH12SO10,
mp-1019778,K2Li3B(P2O7)2,
mp-1019721,CsMgBO3,
mp-1019510,AlPO4,
mp-1001112,Na2H3CO6,
mp-704299,FePO4,
mp-704492,MnPO4,
mp-690946,YbZr7Si7PO32,
mp-28217,Tl2PS3,
mp-28370,Ce15B8N25,
mp-15541,KNa2Si12(BO10)3,
mp-15543,NaLiZr(Si2O5)3,
mp-28046,AlP2I9,
mp-16055,KLi3Zr2(Si2O5)6,
mp-16585,HgB4O7,
mp-19539,MnB4O7,
mp-779768,Li32Ti11Cr5O48,
mp-23087,Mg3B7ClO13,
mp-29817,GaP2I9,
mp-30977,B5H6Br,
mp-1097018,CrN2,
mp-1080637,CeSe2,
mp-1094102,TiCo3O8,
mp-667283,Sr5Re3ClO15,
mp-686086,Tl9SbTe6,
mp-853246,Li2Fe5F17,
mp-705371,Li3Cr4P9O32,
mp-779106,Li32Mn11Cr5O48,
mp-764892,Li2Mn5F17,
mp-28287,ReBi3O8,
mp-1097032,CrN2,
mp-1096962,CrN2,
mp-1096968,CrN2,
mp-1096878,CeZrO4,
mp-1096791,CeSe2,
mp-6131,Ba3Yb(BO3)3,
mp-1096961,CrN2,
mp-24500,ZnH12SeO10,
mp-579666,Nd5Mo3O16,
mp-557261,TbCu(MoO4)2,
mp-778776,Li32Mn3Cr13O48,
mp-743594,NiH12SO10,
mp-565740,HoCu(MoO4)2,
mp-1097057,La3Zr2Cu7O12,
mp-566072,SmCu(MoO4)2,
mp-693620,KCa2Be2Al(Si2O5)6,
mp-14385,Ba3Tm(BO3)3,
mp-680331,CdHg3C6S6(N3Cl)2,
mp-560432,DyCu(MoO4)2,
mp-560794,BaNbTePO8,
mp-1099575,CeSe2,
mp-652621,In5Br7,
mp-585683,GdCu(MoO4)2,
mp-942733,Li7La3Zr2O12,
mp-558483,K4LiIO6,
mp-14753,Li7TaN4,82.82219504
mp-861716,Li2Fe2(SiO3)3,
mp-579761,YCu(MoO4)2,
mp-699540,YbCu(MoO4)2,
mp-6310,Ba3Y(BO3)3,
mp-680683,CsB9O14,
mp-773782,Li2Mn2(SiO3)3,
mp-707924,InPH4NO5,
mp-707453,K5NaP3(HO4)3,
mp-14386,Ba3Lu(BO3)3,
mp-566975,KV2PO8,
mp-554185,AlPO4,
mp-14972,Ba3Sc(BO3)3,
mp-706630,B5H7,
mp-559861,NbBi(TeO4)2,
mp-579163,LaMo2O5,
mp-568989,Li7NiN4,
mp-583266,MgZn,51.73726568
mp-745119,FePH4NO4F,
mp-653987,GdCu(MoO4)2,
mp-700554,LaMo2O5,
mp-764979,Li7Sc9Fe(SiO3)20,
mp-695367,La13Al12Si18(N13O5)3,
mp-686160,Li17Nb20O60,
mp-698585,Sr24Ni19O54,
mp-762231,Fe41O56,
mp-720118,Sr3Nd10Al12Si18(N2O)18,
mp-851054,Li7Sc9Fe(SiO3)20,
mp-534935,Sr3Pr10Al12Si18(N2O)18,
mp-705780,Mg11(Fe15O28)2,
mp-530841,Ga41N11O45,
mp-774263,Li13Ti28O56,
mp-764992,Co29Ge13O56,
mp-698607,La10Mn9O30,
mp-745095,Ba3(Mo9O14)2,
mp-774931,LiLa14(Cu3O14)2,
mp-774918,Li3La14(CuO7)4,
mp-697817,Na2Sr6ZnFe6F34,
mp-766994,Ba10V10O29,
mp-735790,Li14Mn22Cr3Cu3O56,
mp-766715,Li2Cr5(Si2O5)6,
mp-744896,PuCoH24C4N6O13,
mp-707081,Ca3P4H20(NO10)2,
mp-706597,Al2FeO4,
mp-765711,Li9V3P8O29,
mp-765489,Li9V3P8O29,
mp-765422,Li9V3P8O29,
mp-773884,Bi19O30,
mp-759031,Bi19(O9F)3,
mp-693773,ScH16C3S3O17F9,
mp-691038,Cu4H24C13N7Cl,
mp-504176,Li9Mn3P8O29,
mp-504360,Li9Cr3P8O29,
mp-504366,Li9V3P8O29,
mp-532477,Nd9Ti10O30,
mp-779010,Li9Sn3P8O29,
mp-764244,Li9V3P8O29,
mp-764191,Li9V3P8O29,
mp-764129,Li9V3P8O29,
mp-579738,Li9Fe3P8O29,
mp-580799,Rb4(Mo7Se8)3,
mp-581739,Cs5Mo21Se23,
mp-706879,Al2NiO4,
mp-720279,Na4H20RuS4(NO9)2,
mp-705960,Mg(FeO2)2,
mp-705756,La9Mn10O30,
mp-705671,La19Mn19O60,
mvc-15194,Y4Be6Fe3(SiO5)6,
mp-583414,K6Mo10O33,
mp-585348,Li9Co3P8O29,
mp-560058,Li9Ga3P8O29,
mp-560209,Li9Al3P8O29,
mp-530722,MgAl2O4,
mp-605707,Gd4P6H16O23,
mp-693763,Al8P8H34N7O36F5,
mp-849565,V2O5,
mp-744811,NiH24C2S2(N3O7)2,
mp-778150,Li9Nb3P8O29,
mp-531340,MgAl2O4,
mp-531459,MgAl2O4,
mp-531840,MgAl2O4,
mp-532091,Na26In4O19,
mp-776035,Li9Cu3P8O29,
mp-777285,Li9P8W3O29,
mp-579517,Li9Cr3P8O29,
mp-764194,Na9Fe3P8O29,
mp-585305,Li9Bi3P8O29,
mp-744413,Mo6H20Cl14O9,
mp-690914,KNaMg5(Si2O5)6,
mp-581967,Nb2O5,
mp-853136,Li2Mn5(Si2O5)6,
mp-773694,Li2Si12(NiO6)5,
mp-776589,Li9Sb3P8O29,
mp-585361,Li9Co3P8O29,
mp-685931,Ba20Nb19Se60,
mp-775293,Na9Fe10(SiO3)20,
mp-773918,Zn(Bi19O30)2,
mp-31499,Mg29Ir4,
mp-579542,Th(MoO4)2,
mp-704488,Th(MoO4)2,
mp-532089,Ca20Er10F69,
mp-704406,U(MoO4)2,
mp-704115,Cr2P4Pb3O16,
mp-765082,Li2V4P4O15,
mp-704238,Gd2Mo5O18,
mp-686330,Ba10Mg3ZrTa6O30,
mp-699581,V3P4PbO17,
mp-699550,KCu3Ag(MoO4)4,
mp-699501,Ba(HO)2,
mp-757870,Li2Cu2(Si2O5)3,
mp-757542,Li3Ti(Si2O5)3,
mp-766714,Li3Fe(Si2O5)3,
mp-766678,Li3Cr(Si2O5)3,
mp-761764,Li3Fe(Si2O5)3,
mp-761666,Li3Mn(Si2O5)3,
mp-761611,Li3V(Si2O5)3,
mp-695470,NaSr8NdTi10O30,
mp-761595,Li3Si6NiO15,
mp-761583,Li3V(Si2O5)3,
mp-773998,Li2Cr2(Si2O5)3,
mp-853137,Li2Si6Ni2O15,
mp-699041,Ca5Nd5Mn9CrO30,
mp-772545,Li3Ti(Si2O5)3,
mp-746739,SrFe3P4HO16,
mp-775172,Li5Sc2Fe3(SiO3)10,
mp-775722,Na7Li3V10O30,
mp-744876,Sr8Nd2Fe5(MoO6)5,
mp-695042,Sr9LaTi10O30,
mp-744366,K2FeH8(SO6)2,
mp-744285,K2MnH8(SO6)2,
mp-694961,Na9Sr2Nd9Ti20O60,
mp-649813,Mn7(PbO5)3,
mp-694954,Ca9LaTi9MnO30,
mp-744126,Ca3La7Ti5Cr5O30,
mp-762876,Li3Cr(Si2O5)3,
mp-744024,K2MnH8(SO6)2,
mp-744008,Ca7La3Ti5Cr5O30,
mp-743958,CrH9C6(S2O)3,
mp-762836,Li3Mn(Si2O5)3,
mp-779823,Li3Cr(Si2O5)3,
mp-693144,Na9CaTa9TiO30,
mp-738745,Ca6La4Ti5Cr5O30,
mp-779273,Li3Fe(Si2O5)3,
mp-667349,Sr3U11O36,
mp-775329,Na3Li2Fe5(SiO3)10,
mp-706242,Sr20FeCo9(MoO6)10,
mp-697231,TlAgAs2PbS5,
mp-774008,Li2V2(Si2O5)3,
mvc-12299,Ba3Y4(CoO5)3,
mvc-12191,Y4(Cu2O5)3,
mp-684036,Ba3Gd2(PS4)4,
mp-762977,Li2Cr4P4O15,
mp-695426,Na7Ca3Ta7Ti3O30,
mp-707310,K2Zn3P4(HO3)4,
mp-695227,Ca14La6Mg3Ti17O60,
mp-695213,Na9Sr2La9Ti20O60,
mp-997546,Li2Mn4P4O15,
mp-706655,Na2B4H8O11,
mp-677027,NaCa9TaTi9O30,
mp-777414,Na7Li3V10O30,
mp-744380,Ca9LaTi4Mn6O30,
mp-779816,Li2FeH8(SO6)2,
mp-744266,Sr20Fe3Co7(MoO6)10,
mp-706243,Al2Si3H8(NO5)2,
mp-744075,Ca8La2Ti5Cr5O30,
mp-694916,Ca9LaTi8Mn2O30,
mp-743902,SrLa4TiCr4O15,
mp-743819,Ca10Ti8NbFeO30,
mvc-15116,Y4(Cu2O5)3,
mp-734150,Na3YH6(CO4)3,
mp-705401,Li2Ni4P4O15,
mp-694044,Na3Ca7Ta3Ti7O30,
mp-691028,Sr6La14Mg7Ti13O60,
mp-722686,SiH10C2N4(OF3)2,
mp-607853,Na8In6Au11,
mp-600236,Cu2H10C6S3N4,
mp-721901,K2B4H8O11,
mp-735984,Na3Ca2Fe5(SiO3)10,
mp-735824,KLi2AlSi4(O5F)2,
mp-763435,V2PH10NO11,
mp-705497,Ga2P2H9NO11,
mp-695366,Na3LiMg4(Si2O5)6,
mp-705054,Cs7U8V2ClO32,
mp-23819,Al2P2H9NO11,
mp-23927,TiH12(NF2)4,
mp-554935,Pr8Sb2S15,
mp-532802,Na2SrNd2Ti5O15,
mp-559171,Ba3Ho2(PS4)4,
mp-686467,Sr14La6Mg3Ti17O60,
mp-680377,Rb12Sn8GeO4,
mp-781007,Li2MnH8(SO6)2,
mp-746791,FeH10S2NO11,
mp-720689,Na4CaTa4TiO15,
mp-707881,GeH12(NF2)4,
mp-773116,La20S29O,
mp-652791,Re2SnC10(ClO5)2,
mp-651154,Te4As2S5(OF6)2,
mp-720199,Ca6La14Mg7Ti13O60,
mvc-12314,Y5Be6Fe3(SiO5)6,
mp-706456,Te2As2SI6(OF6)2,
mp-567828,K4La6OsI14,
mp-568318,KTaTe3,
mp-557189,LiPO3,
mp-554189,KV3P4O17,
mp-554264,Ba3Tb2(PS4)4,
mp-554481,Ba2Sb4P2O17,
mp-557826,Li3U7(PO7)5,
mp-579209,Ce10S14O,
mp-579861,Rb4Mo21S25,
mp-558535,La10Se14O,
mp-582646,Tl2Ni4P4O15,
mp-706444,Zn3P2(H2O3)4,
mp-759303,CsB10H13C,
mp-677743,Na3Ca2Ta3Ti2O15,
mp-704125,Nd2Zr3(MoO4)9,
mp-706836,Mn27Nb13O60,
mp-677026,Ca10Mg7Al6Si17O60,
mp-720704,NaCa9ScZn9(SiO3)20,
mp-706340,Ca9LaMn10O30,
mp-706258,Sr2La3Ti2Cr3O15,
mp-706246,Ca9LaTi6Mn4O30,
mp-707953,ZnP2H11C2NO8,
mp-686651,Ca9LaTi10O30,
mp-686371,Na11La7Th2Ti20O60,
mp-541027,Fe2P2H9NO11,
mp-583356,K2Ni4P4O15,
mp-560036,Li2Ca3Be3Si3(O6F)2,
mp-6453,K3Nd(Si2O5)3,
mp-555729,Cu2H10C6S3N4,
mp-560219,K4Sb2N3O9F7,
mp-556053,TeC8(OF3)4,
mp-556056,Pr10S14O,
mp-532413,Li5B7S13,
mp-556437,Gd10S14O,
mp-556808,RbNb(BO3)2,
mp-560798,Ba3Dy2(PS4)4,
mp-561194,La10S14O,
mp-560835,Pr10Se14O,
mp-560534,Ba3Er2(PS4)4,
mp-560608,Nd10S14O,
mp-19616,Na2LiFe(Si2O5)3,
mp-12187,Na2Mg2(Si2O5)3,
mp-703539,AgB11H6CBr6,
mp-637929,Mn2SnC10(BrO5)2,
mp-637617,Mn2SnC10(ClO5)2,
mp-646356,CoBC8(OF2)5,
mp-699266,K2MgH8(SO6)2,
mp-759553,As3H12C4S5N,
mp-677709,Na3Sr7Ti7Nb3O30,
mp-765351,Li2Sn4P4O15,
mp-704542,GeW2C10(BrO5)2,
mp-600510,CoH9C6(S2O)3,
mp-560656,CaTeO3,
mp-560711,Sm10S14O,
mp-709325,Cu5Si4(HO7)2,
mp-743936,KV2H2C8N2(OF)5,
mp-704317,K2Cu3(MoO4)4,
mp-704384,Eu2Mo5O18,
mp-28684,Sb7Se8F35,
mp-19560,KNa2Li3Fe2(Si2O5)6,
mp-19586,KNa2Li3Cr2(Si2O5)6,
mp-24742,K2MgH8(SO6)2,
mp-14030,Na2LiY(Si2O5)3,
mp-585548,Mn7(PbO5)3,
mp-694935,K3LiMg4(Si2O5)6,
mp-866505,CaSnS3,
mp-557916,V3(Bi3O8)2,
mp-555604,Na3Dy(Si2O5)3,
mp-761523,Li2Mn2(Si2O5)3,
mp-707926,ReH22C4S4N8Cl8O3,
mp-775304,Na9LiFe10(SiO3)20,
mp-851120,KNa2Li3Zr2(Si2O5)6,
mp-579107,Ag4Mo2Se3O16,
mp-19671,SrV3P4O17,
mp-723021,Ba(HO)2,
mp-773415,Li2Fe2(Si2O5)3,
mp-705244,Ba2VI5O17,
mp-14977,Na3Y(Si2O5)3,
mp-695175,Na3Sr14Nd3Ti20O60,
mp-556383,PCF3,
mp-555277,Rh7(PbO5)3,
mp-559586,BaNa2Nd2Si4CO15,
mp-685675,Li26(B24O)3,
mp-530749,U7(Te12O35)2,
mp-680426,Pu31Pt20,
mp-680165,Ba17Yb16Zn8Pt4O57,
mp-680302,Ca31Sn20,
mp-758868,MgBP(H3O4)2,
mp-561249,Ba17Er16Zn8Pt4O57,
mp-569273,Mg44Ir7,
mp-685340,Cu4Sn15S32,
mp-555188,Ba17Ho16Zn8Pt4O57,
mp-557741,Ba17Tm16Zn8Pt4O57,
mp-578938,La2(MoO4)3,
mp-568623,Sc44Os7,
mp-762515,Li2Cu3(CO3)3,
mp-707264,NaCa3UH16C3SO25F,
mp-559978,CuAs2S8N8(OF7)4,
mp-570153,Mg44Rh7,
mp-560146,Ba17Y16Zn8Pt4O57,
mp-568698,Mn2H30C9N3Cl7,
mp-8602,SiO2,
mp-556377,Ba17Dy16Zn8Pt4O57,
mp-741677,SnCl8O25,
mp-746324,V2As3H17C4N8O17,
mp-707327,Na4Sn2H26Se6O13,
mp-561090,SiO2,
mp-1015780,CrN2,
mp-30751,Al13Co4,
mp-530331,Al6SnTe10,
mp-686076,Ga6Te10Pb,
mp-531948,Ga6SnTe10,
mp-1100266,CeSe2,
mp-1100189,CeSe2,
mp-677715,B3H60C16(NO)12,
mp-578650,Na3Nb34Al2O64,
mp-698468,CdH9C2(N2O5)2,
mp-778636,Li4Co3P4O15,
mp-764968,InPH5NO5,
mp-761601,Li2Mn(PO4)2,
mp-744703,MnCuH10Se2(ClO5)2,
mp-761577,Li7Mn4P9O32,
mp-849220,Li2Fe(SO4)2,
mp-761516,Li2Fe(PO4)2,
mp-774009,Li4V3P4O15,
mp-697211,Na2CaPb3(CO3)5,
mp-773417,Li4Cr3P4O15,
mp-738635,NaZnP2HClO7,
mp-6648,KLiB4O7,
mp-695475,Ca3YGa3B4O15,
mp-762865,Li2V(SO4)2,
mp-762832,Li2Mn(SO4)2,
mp-773894,CaB2(H2O3)2,
mp-694012,Ca3YAl3B4O15,
mp-759344,P3H30N7O12,
mp-762352,P(H3C)3,
mp-720402,B10H13CSN,
mp-720401,B10H13CSN,
mp-705404,Li4Fe3P4O15,
mp-853229,Li2Co(SO4)2,
mp-853225,Li2Cr(SO4)2,
mp-705421,Li4Ni3P4O15,
mp-543032,NdH18C3S3(O2F)9,
mp-683863,V3P4Pb2O17,
mp-707905,PH7N2O3,
mp-706688,VH8C10N3Cl4,
mp-676991,NaAlSi2H2O7,
mp-866666,La2Mg(NiH4)2,
mvc-15129,Ba3Y5(CuO5)3,
mp-680462,SiC4(SN)4,
mvc-13591,Ba3Y5(CoO5)3,
mp-648893,Na4V2O7,
mp-721943,CuSiH12(OF)6,
mp-541101,HoH18C3S3(O2F)9,
mp-504383,Li7Mo4P9O32,
mp-504389,Li7Cr4P9O32,
mp-29991,Bi2Te4Cl7,
mp-504399,Li7V4P9O32,
mp-23742,CsB5(H2O3)4,
mp-1006615,CrCuN6Cl5,
mp-31310,Zr3(Mn2Si3)2,
mp-532462,Ca14MnAs11,
mp-542843,MgB2P2H8O13,
mp-567334,Ag(BCl)6,
mp-651073,CdAs2C4SN4(OF6)2,
mp-540955,LuH18C3S3(O2F)9,
mp-740736,NaP3H10(NO5)2,
mp-736225,Sr2Re4H16C3(N2O7)3,
mp-567518,Ba14MnBi11,
mp-561321,AsSeS2N2ClF6,
mp-567788,Sr14MnSb11,
mp-5571,Ho2(Ni5B3)3,
mp-555117,Cs2Bi4O7,
mp-540518,Li4Ni3P4O15,
mp-540520,Li7Fe4P9O32,
mp-568088,Yb14MnSb11,
mp-568282,TlH12C4Br4N5,
mp-553891,Mg2BP3(H3O7)2,
mp-554219,U(TeO3)3,
mp-557585,Lu(PO3)3,
mp-554336,NbAg2(PS4)2,
mp-554423,Y(PO3)3,
mp-578642,Na4Ni3P4O15,
mp-554506,K3In3(PO4)4,
mp-578763,Li2Ni(SO4)2,
mp-578793,V2P2O9,
mp-578934,K2V3P4O17,
mp-578953,YbZr6(PO4)9,
mp-579125,Gd(PO3)3,
mp-579224,P4S9,
mp-579247,Cr3(PO4)2,
mp-850474,Ni(PO3)3,
mp-579505,Sb2Te3MoC4(OF3)4,
mp-554754,Na2Zn(SO4)2,
mp-580127,Bi2Mo2O9,
mp-559722,Hg3(NO4)2,
mp-580783,Li(MoO3)3,
mp-581173,Cs10Si7O9,
mp-558239,Rb4U5O17,
mp-555438,Ba3AlF9,
mp-555444,CeZr6(PO4)9,
mp-581584,Cs2U(SiO4)2,
mp-568790,Ca14GaAs11,
mp-559894,Sb2Te2O9,
mp-540983,NaLiMo(H2O3)2,
mp-582483,Na2Th(PO4)2,
mp-582585,SrCu2(PO4)2,
mp-582856,EuZr6(PO4)9,
mp-582882,Cu2P2PbO8,
mp-582874,BaBi12Mo4WO34,
mp-758942,NaYH8(CO3)4,
mp-703574,CaH2(SO4)2,
mp-720718,CaMgB6(HO)22,
mp-695941,Ag3H13SeN4O5,
mp-707771,H3Ru3C10ClO9,
mp-707767,Na2Sn2H4O5,
mp-603592,Na2Mo(H2O3)2,
mp-680191,Na2Ti2Se9,
mp-582900,Li3Mo3P3O17,
mp-582968,Bi6Cl7,
mp-583084,Rb3Er3(PS4)4,
mp-583072,S,
mp-583345,GePb5O7,
mp-540953,LaH18C3S3(O2F)9,
mp-583297,Ba6Nb4S13O3,
mp-583417,Ba6V4S11O5,
mp-583593,Yb(PO3)3,
mp-585964,SbS3N2Cl7,
mp-570252,UHg4(AsCl3)2,
mp-6532,CaAl2(SiO4)2,
mp-569111,Sr14MnBi11,
mp-6702,Na7In4P9O32,
mp-541932,H13S2N3O8,
mp-556018,LiBH15C5NO3,
mp-5207,Sc(PO3)3,
mp-556858,Al2P3H9(CO3)3,
mp-698470,LiAlH16(CN)4,
mp-530262,Li15Cr2N9,
mp-530714,Ba14AlSb11,
mp-560978,Ba4Al2O7,
mp-556735,Rb2Bi4O7,
mp-734377,KCdP3H8O13,
mp-723031,H4Os3C10O9,
mp-722906,Na3CuB8H17O23,
mp-744631,V2PH10C2N2O8F,
mp-604337,Cd(HN2)4,
mp-706815,KBa7Al15Si17O64,
mp-648414,V2PS10,
mp-695995,ReSbH4O7,
mp-1019527,Ba3Y2(B2O5)3,
mp-13810,Na2TiZn2SiO7,
mp-14065,Na2TiZn2GeO7,
mp-561047,Sr6(RhO3)5,
mp-532160,Ca14MnP11,
mp-532211,Ba14MnSb11,
mp-1020724,Na7Al4P9O32,
mp-653554,Sb2Te2O9,
mp-1019797,K5B(SO4)4,
mp-757652,H13S2N3O8,
mp-774223,K2H2OsCCl5O2,
mp-1020599,Na5B(SO4)4,
mp-1020018,Li5B(SO4)4,
mp-776636,CoH5SeClO5,
mp-27709,Bi6Br7,
mp-28642,Ba3AlF9,
mp-4393,Cs4U5O17,
mp-29611,B5H8,
mp-29720,Li21Si5,
mp-642974,SrCrBi12(Mo2O17)2,
mp-6787,RbLiB4O7,
mp-14011,Al(PO3)3,
mp-505716,PuH18C3S3(O2F)9,
mp-863015,EuH32C8N4Cl7,
mp-780576,Li2Sn(SO4)2,
mp-571170,H32RuC8N4Cl7,
mp-568798,Ca14MnSb11,
mp-642975,CrBi12Mo4PbO34,
mp-707824,GdH18C3S3(O2F)9,
mp-604978,NiAs3H3OF18,
mp-583381,Na4Mn3P4O15,
mp-567799,Ca14AlSb11,
mp-1029584,KSi5N7,
mp-568081,H32WC8N4Cl7,
mp-570149,Ca14MnBi11,
mp-738618,NdH32C8N4Cl7,
mp-1020162,Na4Mg3P4O15,
mp-758840,KB6P(H2O7)2,
mp-863014,SmH32C8N4Cl7,
mp-708994,SbH32C8N4Cl7,
mp-570577,SrAlSi4N7,
mp-540956,YH18C3S3(O2F)9,
mp-28286,Na3Sb5F18,
mp-569740,Yb2(Ni5B3)3,
mp-530564,Sr14MnAs11,
mp-693759,Zr12Si2Bi2P16PbO72,
mp-534773,Na2Al17Si11B7(H3O31)2,
mp-573471,Li17Sn4,
mp-574275,Li17Pb4,
mp-161,B,
mp-28105,Ni17S18,
mp-690271,Ca2Al4Si4H18O25,
mp-680956,Gd6Ta4Al43,
mp-735568,Na4Co3P4(H3O4)6,
mp-709030,Sb2H30C9(NCl3)3,
mp-707889,Zr4H22N4O3F20,
mp-707822,H26Os2N12Cl4O9,
mp-707710,SrMgUH24C3O23,
mp-642881,Na6Mo11O36,
mp-695251,Ca2Al4Si4H18O25,
mp-694985,Na2Sc4Zn2(MoO4)9,
mp-779263,Li4Co3P4(H3O4)6,
mp-866659,H34C19,
mp-30168,H34C19,
mp-567159,Dy6Ti4Al43,
mp-571437,La20C20Cl13,
mp-686476,Al6Bi24Cl23,
mp-567586,Nd17Au36,
mp-699498,U2CuP2(HO)24,
mp-758504,K2Mg3P4(H5O6)4,
mp-603983,AgMo4H22C8(NO5)3,
mp-1019611,Cs2Na2Sr(B3O5)6,
mp-698483,U2CuAs2(HO)24,
mp-569026,Nb10Se40I3,
mp-720999,CaMgUH24C3O23,
mp-680512,Ce25Ni49P33,
mp-680451,Sm25Ni49P33,
mp-705779,Fe43O64,
mp-705641,Ti8Fe35O64,
mp-775978,Na4Sb2C4SO16,
mp-704097,Sr6Co4Bi2O15,
mp-690200,Na2Nb18Tl7(PO8)9,
mp-744217,NiH12(ClO6)2,
mp-850516,Ca2SiB5H5O14,
mp-783911,LiV2OF5,
mp-733457,CsNa2(H5O3)3,
mp-978840,SrLi2(SiN2)2,
mp-777632,Li3MnB8O15,
mp-775689,Na4Bi2C4SO16,
mp-774456,InH11S2O13,
mp-744374,Fe6P4H17O27,
mp-777245,Li3FeB8O15,
mp-743546,MnP3H10C3NO9,
mp-707021,Na6H2Pd(S2O7)2,
mp-676818,Sr8(TiS3)7,
mp-652282,P(W3O10)2,
mp-720382,H12Cl2O13,
mp-600078,SiO2,
mp-601396,CuH10C2(N2O5)2,
mp-600091,SiO2,
mp-709074,FeH16C4(NCl2)2,
mp-709039,ZnH2(CO2)2,
mp-680461,Cu2Bi8Pb2S15,
mp-707459,Na2ZnP2(H5O6)2,
mp-705308,Cs2TiV3(PO6)3,
mp-652781,Sr10Cu5Bi10O29,
mp-639748,SiO2,
mp-683965,C2F,
mp-640950,NaB9Se8,
mp-779282,Li9Bi5O13,
mp-743609,NiH12(BrO6)2,
mp-705120,Co6Te5O16,
mp-679951,Ba17Al3O7,
mp-601837,MoH2(CO2)2,
mp-721180,UH14(NO2)4,
mp-720869,H12C4N2O9,
mp-720719,Ca2Y2Si4H2CO16,
mp-505185,Na2H16O9,
mp-30407,Mg13Au41,
mp-30665,Ga17Rh10,
mp-542598,Li22Si5,
mp-569237,Ga(BiCl)4,
mp-559168,Sb2(KrF4)5,
mp-554964,Pr7BP2O17,
mp-554988,Ag2Ge2O5,
mp-555000,MgH2(CO2)2,
mp-762853,Mn2H8S3(NO6)2,
mp-735597,K4H4WC8(N4O)2,
mp-735512,CrH17N4Cl2O3,
mp-733848,CdRe2H8C2(N2O5)2,
mp-567794,ZnH16C4(Br2N)2,
mp-568043,MnH16C4(NCl2)2,
mp-568106,Mg41Al67,55.17958018
mp-561447,K3AlB8O15,
mp-559498,K9Bi5O13,
mp-568314,CoH16C4(NCl2)2,
mp-555189,Rb2LiC3S3(OF)9,
mp-557236,Te2As2Se8S(OF6)2,
mp-557406,NaB3O5,
mp-573282,La2Ni22C3,
mp-573651,Li22Pb5,
mp-559636,KB3O5,
mp-578912,V2B(PO4)3,
mp-578773,VPPbO6,
mp-578903,Nd5Ti4FeO17,
mp-578961,Ca4Al6MoO16,
mp-579014,SrMn5(SO4)6,
mp-579161,Li11La12Fe3O28,
mp-579139,Pr5Ti4FeO17,
mp-579270,Ca4Al6WO16,
mp-557926,CdAs2(XeF5)4,
mp-579561,Mn5Pb(SO4)6,
mp-579904,Sr4Al6CrO16,
mp-558012,Ba2Cu(PO3)6,
mp-558025,SiO2,
mp-569847,CdH16C4(Br2N)2,
mp-558088,AlPO4,
mp-581294,BaP2(XeF5)4,
mp-558235,CaTaF7,
mp-558293,K2Na(B3O5)3,
mp-558326,SiO2,
mp-558371,La5Ti5O17,
mp-568804,Hg9Bi2(AsBr3)4,
mp-562394,Cs4Li2(Si2O5)3,
mp-568812,CdH16C4(NCl2)2,
mp-558842,Sm7BP2O17,
mp-555546,MgAs2(XeF5)4,
mp-686615,AlPO4,
mp-758814,CaAs2H6F18,
mp-777730,Li3BiB8O15,
mp-695948,PH4SNO2,
mp-570241,K6PdSe20,
mp-569096,Ce2Ni22C3,
mp-560222,Na3SO4F,
mp-541434,VH14SO11,
mp-555924,Ca5Nb5O17,
mp-570584,TaSi2H35(C3N)4,
mp-541848,B,
mp-570655,Tb10B7C10,
mp-560815,AlPO4,
mp-556226,NaB3O5,
mp-560934,Na2Zn5(PO4)4,
mp-571291,Sr3(SnP2)2,
mp-11250,Mg2Au,58.41650591
mp-744192,CoH12(BrO6)2,
mp-684006,Ag3TeIO4,
mp-640748,Os(CO)4,
mp-680280,Ru3C10(NO6)2,
mp-604486,LiB3H18N5,
mp-720439,H4Ru3C9N2O9,
mp-652407,Ru(CO)4,
mp-652318,CrFe2C10(Se2O5)2,
mp-667310,AlPO4,
mp-600207,CuH12(C2N5)2,
mp-662566,Ca4Al6SO16,
mp-560619,AgH12C6N5O3,
mp-560692,K4Nb6O17,
mp-561074,H14RhC6NClO4,
mp-561103,BaTa2O6,
mp-740737,CuH12(BrO6)2,
mp-778019,Ag2H16O9,
mp-1020058,Mg(NO3)2,
mp-1020662,Rb4B2S4O17,
mp-653817,Fe6Ge2(CO)23,
mp-653267,Fe6Sn2(CO)23,
mp-1019575,Ca4Al6SO16,
mp-28294,Sb11F43,
mp-28726,KYF4,
mp-15078,SiO2,
mp-24396,MgH14SO11,
mp-24824,MnH16C4(Br2N)2,
mp-4698,K2Ge8O17,
mp-25786,NiH14SO11,
mp-24006,MgH12(BrO6)2,
mp-1097039,CrN2,
mp-1020670,SrB4O7,
mp-557679,KNaSi2O5,
mp-579243,Li2U5MoO19,
mp-705854,CaP3H10NO12,
mp-683792,Fe2Os(CO)12,
mp-705638,Fe21HO32,
mp-698793,Ba5SrLa2Fe4O15,
mp-662543,Cu(NO3)2,
mp-667381,Ba3Ce2C5O15F2,
mp-557581,ZnH2(CO2)2,
mp-698854,Ba5SrNd2Fe4O15,
mp-605676,AgH8C7S2O2F7,
mp-667638,Sr10Cu5Bi10O29,
mp-744221,VH14SO11,
mp-568897,MnH16C4(Br2N)2,
mp-686729,Na7AlSn11(PO4)18,
mp-685394,Eu2Al42O65,
mp-530658,Ta24Cu13O72,
mp-849393,Li8Fe7(PO4)8,
mp-707787,Na6TeP6(H2O5)6,
mp-707491,Re6H12Pb3C2S2(N2O13)2,
mp-709921,Cs2Na4Cu2Si12H4O31,
mp-705872,Ni17(As3O16)2,
mp-762167,Mn3Ga4P6(H2O5)6,
mp-559113,ScH24C3S3(N3O5)3,
mp-554996,K5B19O31,
mp-722988,TeP4H26(NO5)4,
mp-553925,Rb5B19O31,
mp-578696,Eu6Mo10O39,
mp-578718,Nd6Mo10O39,
mp-579589,La4Cu6(MoO4)9,
mp-569882,U6Co30Si19,
mp-570146,ZnSi4As2(H3C)12,
mp-532348,Cu29(Ag6As7)2,
mp-531778,Mg17(As3O16)2,
mp-606304,MgH16C4S4N2(O4F3)4,
mp-683971,Sm15(Ga11Ni13)4,
mp-773991,H48PtW6C8(NO)24,
mp-680248,Os5(CO)16,
mp-579613,Si2Mo4P6O25,
mp-1006611,Sb4S3N6(OF)12,
mp-560765,Rb4Nb35Al2O70,
mp-699566,BaVCdP2O9,
mp-850169,Li16Mn15Fe(PO4)16,
mp-850501,LiVSiO4,
mp-698381,H12RuC4S2N2Cl2O5,
mp-775710,LiCrPO4,
mp-761555,Li3Fe(PO4)2,
mp-744562,CoNiH12C4(N2O3)2,
mp-773542,Li3V(PO4)2,
mp-773435,Li3Cr(PO4)2,
mp-778460,Li3Bi(PO4)2,
mp-775350,LiVSiO4,
mp-761898,Sb3H18C6N,
mp-766639,LiNiPO4,
mp-761627,Li7Mn7(P4O17)2,
mp-761596,Li3Mn(PO4)2,
mp-774757,Na3PH12CO11,
mp-761558,Li3Fe(PO4)2,
mp-761535,LiFePO4,
mp-761521,Li3Fe(PO4)2,
mp-647814,U2O5,
mp-774224,InH12S2NO12,
mp-680813,SrIn6Cu7,
mp-773945,Li7V7(P4O17)2,
mp-694615,LiFePO4,
mp-773799,LiCrPO4,
mp-773775,Li7Cr7(P4O17)2,
mp-721128,Ga3P3H6C2NO13,
mp-778085,Na5Bi2P(CO4)4,
mp-720397,H18RuN5(ClO)2,
mvc-14138,Al2(FeO3)3,
mp-710380,AlSi2HC6NCl3,
mp-762978,LiCoSiO4,
mp-762925,LiFeSiO4,
mp-762893,LiFeSiO4,
mp-707989,LaH12S2NO12,
mp-647220,Cd85Pd27,
mp-646218,BaY(CoO2)4,
mp-863006,CsB2H5O6,
mp-997531,LiFeSiO4,
mp-863863,LiCoPO4,
mp-705528,NaCaB5H8O13,
mp-705448,LiNiPO4,
mp-680122,TlB5O8,
mp-680135,Cu3Bi7(PbS5)3,
mp-680054,Ce5B4C5,
mp-648384,KB5O8,
mp-720853,Na2PH5O6,
mp-777766,Li3NbHO2F7,
mp-680450,K2LiSn4,
mp-23800,KHSO4,
mp-23810,BaAsHO4,
mp-3817,La2Au5F21,
mp-559129,Li3Er(NO3)6,
mp-567122,Sm11Cd45,
mp-571412,RbNa5(WN3)2,
mp-559283,TiSO5,
mp-651724,Fe2Te2Ru2(CO)11,
mp-651231,Te2Ru4(CO)11,
mp-709186,K4LiH3(SO4)4,
mp-709066,Rb4LiH3(SO4)4,
mp-641661,XeF6,
mp-733998,TbH12S2NO12,
mp-709885,Rb4LiH3(SO4)4,
mp-14260,ZnAg(PO3)3,
mp-571548,SbH16C4N2Cl5,
mp-559419,Ba9LiSi10C(ClO4)7,
mp-567899,RbSi2H18C6N,
mp-557090,Bi2Au5F21,
mp-568158,Nd2Fe23B3,
mp-557256,RbP3PbO9,
mp-555232,LiU4P3O20,
mp-554190,CaZr4O9,
mp-559608,K3NdSi7O17,
mp-557635,Sb2TeSeF10,
mp-557726,Gd2Au5F21,
mp-578775,Fe3SiP5O19,
mp-578784,Ba(FeO2)2,
mp-578800,V3SiP5O19,
mp-578796,KVCdO4,
mp-578924,KMnVO4,
mp-579015,K3Mo12PO40,
mp-579223,Na3LaV2O8,
mp-579304,Rb3Mo12PO40,
mp-557875,Rb3In(PO4)2,
mp-579533,K3P(W3O10)4,
mp-579529,Na3MoH6(CO2)6,
mp-579548,Rb3P(W3O10)4,
mp-554764,Sb3Au3F22,
mp-579757,BaV4As4O19,
mp-554788,AsSXeNF10,
mp-558164,CaHf4O9,
mp-581488,SbTe7SXeCl(OF4)9,
mp-581834,CsNa5(WN3)2,
mp-581862,Cs2NaAl(PO4)2,
mp-759346,LiCuPO4,
mp-706053,H4NOF,
mp-720817,MgAsH15O11,
mp-706252,LiFe5O8,
mp-624762,Fe4Te2(CO)11,
mp-865104,KMo6S7,
mp-707536,KHSeO4,
mp-680182,Bi9Ir2I3,
mp-680198,Cs4Th2P5Se17,
mp-777071,Li3Sb(PO4)2,
mp-559029,RbC2S2N(OF)4,
mp-583476,Nb7S2I19,
mp-583714,Pr5O9,
mp-585432,LiMnPO4,
mp-585433,LiFePO4,
mp-569094,P4Se3,
mp-569098,RbNa11(WN3)4,
mp-555743,LiZnPO4,
mp-555813,H12RhC8NO6,
mp-560174,NaZn(PO3)3,
mp-555890,La7(RuO6)3,
mp-8778,Sm2Au5F21,
mp-541900,AlH15(NF)6,
mp-560359,SbTe7SXeCl(OF4)9,
mp-556001,NaBeSi3HO8,
mp-560366,XeF6,
mp-556406,AsS2NF10,
mp-12183,KB5O8,
mp-705041,Fe2P3C8N3(ClO2)4,
mp-705034,CrPb5O8,
mp-776965,Na3Sb(PO4)2,
mp-667471,KB5O8,
mp-693503,Zn2GaP3H8(NO6)2,
mp-652479,LiZnPO4,
mp-651461,Co8C24(SO7)3,
mp-698223,Na2PH5O6,
mp-650140,InCo3(CO)12,
mp-649195,CrC5SO7,
mp-600371,H8C3SN2,
mp-600366,H8C3SeN2,
mp-641678,XeF6,
mp-774869,Na5Bi2As(CO4)4,
mp-703293,P5HC(NCl6)3,
mp-605694,NdH12S2NO12,
mp-744713,NaFe3P2(H4O7)2,
mp-679969,PCN2Cl3,
mp-744517,LiMoH6NO5,
mp-652366,MoPb5O8,
mp-561083,Na3Bi(PO4)2,
mp-540108,LiMnPO4,
mp-540246,LiNiPO4,
mp-14715,Pr2Au5F21,
mp-744767,MnFeH14O7F5,
mp-703486,Mn(H2N)2,
mp-605196,CsCu3As8H24C8(IO2)4,
mp-1020015,Li2B3PO8,
mp-776102,Na5Bi2P(CO4)4,
mp-776561,Na5Bi2As(CO4)4,
mp-23403,SbIF5,
mp-29051,WS9Cl4,
mp-14716,Nd2Au5F21,
mp-29446,B3H4,
mp-28018,Be(H2N)2,
mp-29783,B5H9,
mp-736217,ScH16I3O8,
mp-683911,C7SeNF5,
mp-578629,BaIn2O4,
mp-581194,CsB5O8,
mp-554925,BaVZnP2O9,
mp-556334,Na3Ce(PO4)2,
mp-735022,SrPHO4,
mp-24694,Zn(H2N)2,
mp-579315,K3V(PO4)2,
mp-559956,Pr5O9,
mp-579459,NaNi(PO3)3,
mp-15728,MgAg(PO3)3,
mp-555262,Ba9Fe4S15,
mp-683945,KEr3F10,
mp-558174,TlSb3(AsS4)2,
mp-561814,RbB5O8,
mp-24383,Mg(H2N)2,
mp-555402,SrVZnP2O9,
mp-558224,Dy2(TeO3)3,
mp-554484,CeH16C4Cl3O4,
mp-676601,K9(Mo6S7)8,
mp-560093,Sr10Sm6Al6Si30N54O7,
mp-680401,U2Zn17,
mp-656153,CoH32C8S4(NO5)2,
mp-707907,MgH24C6N12(ClO6)2,
mp-744690,NaLi3Ti2Fe2(PO4)6,
mp-744549,NaLi5Ti3Cr3(PO4)9,
mp-600523,CoH32C8S4(NO5)2,
mp-762089,Na4SnH32(SeO4)4,
mp-579895,NiH32C8S4(NO5)2,
mp-555428,Sr5(ReO6)2,
mp-705784,KW5O13,
mp-674298,Al22CdO34,
mp-558966,Ca5(ReO6)2,
mp-530358,PrAl22O34,
mp-556278,Bi6As9Se4S10(O4F13)5,
mp-530984,Al22PbO34,
mp-531590,SrAl22O34,
mp-532198,LaAl22O34,
mp-579105,Li2Mo4O13,
mp-694958,Na2Li5Al7Si29O72,
mp-850769,Li9V14O35,
mp-744565,Sr3Fe2(HO)12,
mp-782822,Co2P2H12O13,
mp-685442,Tl18Ag59Se39,
mp-744996,CoH14N5O9,
mp-744853,Mo2H5C5N3O14,
mp-744737,CoH15N7ClO5,
mp-744586,CrP2H14(NO3)3,
mp-640442,Na17In12Ga29,
mp-708991,KCa4Si8H16O29,
mp-720928,ReH12C2S2N4Cl5O3,
mp-708993,Na2PH15O11,
mp-707786,Ba(H9O5)2,
mp-774726,Cu2H26C6S7N12O5,
mp-867999,Rb4Te2S8O15,
mp-867980,K4(S2O3)5,
mp-779879,MnH6(S2O9)2,
mp-740719,Ba3In2(HO)12,
mp-708184,H10C5S2N2(O2F3)2,
mp-707986,K2Pr2H3(S2O9)2,
mp-604518,UNiH14O9F4,
mp-722188,NaCa4Si8H16O28F,
mp-24126,Sr3Al2(HO)12,
mp-24195,MgP2(H8O5)2,
mp-653995,As4Pb8Cl6O11,
mp-684800,Rh9Se20,
mp-738707,SiPH18C6INCl,
mp-738663,Sn2H10C4N2O9F2,
mp-707774,Mg3B2H9SO13F,
mp-733877,CaB3H13O12,
mp-709350,Sr5As5HO18,
mp-571523,La11C11Cl7,
mp-571553,SnH18C6Br3N,
mp-559530,Ti5(PO5)4,
mp-569635,Ba6Zn(InCl10)2,
mp-554356,Na4Nb9(P2O13)3,
mp-578824,Na9V14O35,
mp-540721,NaB5H10O13,
mp-579220,K2Mo7O20,
mp-579377,W8O21,
mp-579728,K3Nb6VO19,
mp-558377,B2H12C3(NO)6,
mp-721618,SrB6(H4O7)2,
mp-721158,Mg2P2H12O13,
mp-706599,Sr6Te6O17,
mp-720294,AsH18N3O7,
mp-605239,KCa4Si8H16O28F,
mp-649186,Os10C23S2O23,
mp-569078,Si2H18C7N2,
mp-560243,Np2H12SO14,
mp-555948,C37F21,
mp-650928,K3Nb7O19,
mp-650524,Sb3S2XeN(O2F9)2,
mp-685813,Ti(PCl6)4,
mp-685443,Sn(PCl6)4,
mp-603910,ZnH14C2(N2Cl)4,
mp-667495,Os4C12SO12,
mp-1019381,Al7Si3BO18,
mp-1019548,BaGe(S2O7)3,
mp-24312,Sr(H9O5)2,
mp-24367,Na2AsH15O11,
mp-16061,Sr6Sb6S17,
mp-29593,Re2(PCl8)3,
mp-23882,Ca3Al2(HO)12,
mp-559038,CuH12C4(NO)6,
mp-13726,Na3SrLaZnSi6O17,
mp-745015,K3Fe3P4H2O17,
mp-640781,K17In41,
mp-557793,Rb4LiZr3H2F19,
mp-772039,Na4Sn4H10O11,
mp-1101016,Tl18Ag59Se39,
mp-685386,Sr8Ru7O24,
mp-685217,Na8Ga42O67,
mp-720328,KMg8Al17Si19O72,
mp-1020142,Na2B4O7,
mp-721813,AlH18CS2N3O14,
mp-685459,Na16Be8H15,
mp-690363,La11Mn12O36,
mp-697255,KMg2As2H31O23,
mp-685187,Yb29S30,
mp-740739,K6Te2P6(H4O11)3,
mp-705751,La12Mn11O36,
mp-733600,Sb3H36(C3I2)4,
mp-743656,Na2MgB12(H4O7)4,
mp-559369,Zr2H12(N2O7)5,
mp-554060,Na3Pr14(RuO6)6,
mp-568774,Ca36Sn23,
mp-759211,La2H22S6N6O23,
mp-680237,K10Th3(P5S18)2,
mp-706661,UTi22Fe18PbO76,
mp-706305,P6H26N7ClO19,
mp-863862,Na9Cr2(H9O7)3,
mp-555804,Na3Nd14(RuO6)6,
mp-570883,Ca21(Zn18Ni)2,
mp-779829,Li9Cr2(H9O7)3,
mp-697308,Na17Zr12Si11P7O72,
mp-693746,Na17Zr7Sc5Si6(PO6)12,
mp-558106,SnH58C16S4(N11O9)2,
mp-686094,Ti3CuS6,
mp-699707,VCu2BiO6,
mp-685267,Cr3GaS6,
mp-684676,Al2S3,
mp-849237,Na5Mn2O8,
mp-686139,Na19Zr11S30,
mp-567968,Mn11Si19,
mp-765350,LaHSe3O10,
mp-746681,VH8C2NO3,
mp-600076,SiO2,
mp-647385,V2Pb4O9,
mp-647352,Rb2Cr3O10,
mp-695535,Ba13Ru10BrO36,
mp-641100,UTl2Cr2O10,
mp-641097,UTl2(MoO5)2,
mp-706295,H6PtN2ClO5,
mp-774723,CuH12C3SN6O7,
mp-686636,DyZr9Si9PO40,
mp-707945,BaZn2H16O11,
mp-721564,Na3SiH5O6,
mp-504605,Na2SiH16O11,
mp-27893,B5H9N,
mp-29386,K6Sn2Se7,
mp-556932,TlPO3,
mp-571473,K2Sm2As2Se9,
mp-771746,Cr11Ni40Mo9,
mp-723094,B5H12C2NO10,
mp-559422,Bi4Au2O9,
mp-568028,C,
mp-568220,NbTe4,
mp-553943,Ba4Al3Cu2F21,
mp-557352,CaP2Xe5F22,
mp-555258,Ba3NaRu2O9,
mp-569702,KPSe3,
mp-569703,Ce20Mg19Zn81,
mp-574148,K2ZnN12,
mp-578688,Te4Mo(OF4)5,
mp-578762,K2U(MoO5)2,
mp-578820,Mn13Si2SbO24,
mp-554564,Ta2Bi4Br7O2,
mp-559674,PH16C6S2NO4,
mp-579234,VP2NCl10O,
mp-559692,Ta2Cd(P2O7)3,
mp-557970,SrCu(TeO3)2,
mp-579811,Rb2U(MoO5)2,
mp-579963,Cr11Ge19,
mp-580450,Ba2Mn2Si2O9,
mp-558115,SiO2,
mp-581259,K2U2WO10,
mp-558270,AlS5N5Cl4,
mp-558333,Nd4Ga2S5O4,
mp-581586,Tl8Sb21As19(PbS17)4,
mp-555471,La3Ti5Al15O37,
mp-558867,H7ClO7,
mp-647158,SrTeO3,
mp-722766,CaHgH16(BrO2)4,
mp-722266,Na2GeH16Se3O8,
mp-703468,Na3SiH5O6,
mp-866787,CaSnS3,
mp-651026,Os2C6SeO6,
mp-773133,K3CuB2P4H3O17,
mp-735808,Na2Ca29ZrSi16(O7F2)8,
mp-680189,Y21B7(C7I9)2,
mp-558950,AgAsO3,
mp-555611,Cs3KRe6C6(S4N3)2,
mp-560102,RbUSO6F,
mp-555797,Zn4As2O9,
mp-556171,CdP2Xe5F22,
mp-571095,Na7Ga13,
mp-560961,H11C10NO8,
mp-745061,CoH17S2N5ClO4,
mp-600023,SiO2,
mp-683831,Fe3MoC11SeS3O11,
mp-600052,SiO2,
mp-709549,SbTe6H12C4N(OF5)6,
mp-708999,KSn2H36C12(Se2N)3,
mp-605461,K3UH6C5SNO13,
mp-560637,GaS5N5Cl4,
mp-744756,CoHRu(CO)6,
mp-1020159,Na2Si(S2O7)3,
mp-1020145,Na2Ge(S2O7)3,
mp-1020179,Na6Si2O7,
mp-1019785,K2Si(S2O7)3,
mp-690382,Na3MgZr(PO4)3,
mp-704467,Rb2U2WO10,
mp-24614,BeH8(NF2)2,
mp-865009,InC6(NCl3)2,
mp-570645,Ca2Si5N8,
mp-774708,ZnH12C3S4(N3O2)2,
mp-680259,TaTe4,
mp-646720,V2Cu(PO5)2,
mp-667421,SrTeO3,
mp-651075,Nb2Ni4O9,
mp-642320,Bi32P10Pb3O76,
mp-677692,Na20Zr11Si10(PO9)8,
mp-699686,Sr51W12N56O3,
mp-744711,ZnCrH28C6N12Cl5O8,
mp-578630,Ca51W12N56O3,
mp-677336,Na10Zr6Si7(PO18)2,
mp-604239,Co2H34N12Cl3O10,
mp-569025,Ba19Na29Li13,
mp-743961,MnP2H36C12N6(ClO)2,
mp-29687,KC60,
mp-541025,Ca3SiH30CSO25,
mp-758974,FeB18H32(C4S)2,
mp-721098,Ca3SiH30CSO25,
mp-849406,K4Li3Nb18P12(WO42)2,
mp-705961,Li5Mn12O24,
mp-706251,Cr4H67C20(NO)16,
mp-570185,Ba38Na58Li26N,
mp-685809,Li5Ti12O24,
mp-850497,K2MnP4(HO2)8,
mp-849786,ZnP2H15C4NO8,
mp-849783,TeH14C3S3(N3F2)2,
mp-766654,Fe2H11(SeO5)3,
mp-759409,H18RuC6(SCl)3,
mp-773587,AlNiH16N(OF)6,
mp-763754,K2CoP4(HO2)8,
mp-707788,NaCaB5(H5O7)2,
mp-706408,NdP3(H4O5)3,
mp-744073,Mo3H8C4SN2Cl6O7,
mp-779338,Mn4(P2O7)3,
mp-571066,K6Sn25,
mp-778880,Co4(P2O7)3,
mp-542533,CsNaB4H12O13,
mp-569274,Ce10(B3C4)3,
mp-662607,CeP4(ClO)13,
mp-740740,Na2ZnP(H5O4)3,
mp-567719,Pr10(B3C4)3,
mp-561455,Ba8Sb6S17,
mp-554111,Ti3Tl3(PO4)5,
mp-573101,K6CoMo5O19,
mp-578661,Fe4(P2O7)3,
mp-557822,H12PbC4S4(NO4)2,
mp-555319,Rb3Ti3(PO4)5,
mp-579184,Mo8O23,
mp-579631,V4(P2O7)3,
mp-569965,Ba6Ge25,
mp-699485,AlH12(NO5)3,
mp-706459,Fe4C14O13,
mp-705911,MoH17C5(NO)4,
mp-649945,Os4C13SO13,
mp-706995,ZnCoH18N6Cl5,
mp-559027,SrH12C4S4(NO4)2,
mp-6390,Rb3Ti3(PO4)5,
mp-560060,NdSn2P10Cl37O12,
mp-570357,La10(B3C4)3,
mp-560239,K3Ti3(PO4)5,
mp-560731,Ba2Ti9O20,
mp-556254,K4Pt2(SO4)5,
mp-571244,Nd10(B3C4)3,
mp-530998,Na3(Pt3O4)4,
mp-605688,GdH6C6Cl3(O3F2)3,
mp-605302,DyH6C6Cl3(O3F2)3,
mp-738687,MnH19C6I3N2,
mp-735485,CoHRu3(CO)13,
mp-707955,Ru4C12N2O13,
mp-707494,B11H9C(Br3O2)2,
mp-735626,Ca2Mn3P3H6O17,
mp-1019570,Ca8Si5O18,
mp-772922,Al3P3H9C2NO13,
mp-773079,AlZnH16N(OF)6,
mp-16094,Ba6Si25,
mp-558065,In4(P2O7)3,
mp-738726,ZrH16C5N2O3F4,
mp-569604,SbH18C3(NCl2)3,
mp-706447,La2Mg3H48(NO5)12,
mp-722623,Li66Be24H35,
mp-1001069,Li48P16S61,
mp-704141,Sr5(CoO3)4,
mp-761804,LiMnPO4,
mp-641353,LiMn2O4,
mp-865198,LiCoPO4,
mp-706830,Li7Mn11O24,
mp-28686,Ni(H2N)2,
mp-28905,SrC20,
mp-28979,BaC20,
mp-654312,Ba2Fe2O5,
mp-567467,CdH12C4Br3N,
mp-569841,Ba19Li44,
mp-558153,Ba4Nb2(OF4)3,
mp-559848,Li4SiO4,
mp-707290,Nb10Pb14O39,
mp-556740,NaSiBO4,
mp-698361,CuH36C8(N5O4)2,
mp-866315,Al(Ni3B2)4,
mp-1097058,LiMn2O4,
mp-568072,Rb5Mo27Se31,
mp-641919,KLi3Ca7Ti2Si12(O18F)2,
mp-556729,Ba6Ti17O40,
mp-25080,Li2MoO4,
mp-1100888,Zn(Fe2O3)4,
mp-707411,Zn3Fe15Cu39(Ge3S32)2,
mp-686183,Zn(Bi25O38)2,
mp-703348,UP3HO11,
mp-761604,Li4MnP2O9,
mp-761506,Li4FeP2O9,
mp-651870,Pb3O5,
mp-744654,Mn6VSi5HO19,
mp-868120,CrH18C5(NO)4,
mp-868119,MoH18C5(NO)4,
mp-649833,Tb15(Ni4P3)7,
mp-647075,ZnS,
mp-568286,C,118.4628727
mp-680207,Gd2(FeB)7,
mp-707956,KLi7(H2N)8,
mp-709326,Zn3P3H10C2NO13,
mp-647275,Ba39Li80N9,
mp-707457,KMg2B12H19O30,
mp-671855,KNbCl6,
mp-706339,MgB3H15O13,
mp-779757,LiNi4(P2O7)3,
mp-705132,La5(Mo2O7)3,
mp-705037,Na4VP2O9,
mp-780501,CrB3(HO3)3,
mp-616525,K2FeF5,
mp-27200,B13H19,
mp-23734,MgP(HO)7,
mp-31307,Ba2SnSe5,
mp-24135,AlH18Ru(NF)6,
mp-571369,Y(BH4)3,
mp-571432,La5C2I9,
mp-735547,MnP(HO)7,
mp-680493,K3Co(CN)6,
mp-680180,K3Co(CN)6,
mp-569386,P3NCl12,
mp-569467,Ag5Te2Cl,
mp-559452,Na5Li(PO4)2,
mp-569520,CoBH18Br2(N3F2)2,
mp-557234,Mo17O47,
mp-557505,KUP3O11,
mp-555255,SbSNF5,
mp-569751,AlPH8(CCl2)2,
mp-578869,Na5LiMn2O8,
mp-579190,Rb2MgP2WO10,
mp-559679,P2H17C4NO8,
mp-579331,K2FeF5,
mp-579731,KV4Ag11O16,
mp-558003,UH12C4N4O11,
mp-558019,Ce3Si2BO10,
mp-558184,BaGe2O5,
mp-581330,CsCa2Nb3O10,
mp-559803,AgBO2,
mp-540885,Na3PH16(SO2)4,
mp-554888,KUI3O11,
mp-559834,AgBTe4C(OF4)5,
mp-707931,H3Os4C12ClO12,
mp-721049,H16RhN5(ClO4)2,
mp-705530,P3H4N5Cl4,
mp-772852,Na3Zn4P4H4NO16,
mp-1006593,K3Hf2Se11,
mp-583509,Ba5(FeS2)9,
mp-6095,Mg2PO4F,
mp-555882,K2FeF5,
mp-542041,PH7CN2O5,
mp-556623,K2TiOF4,
mp-560928,Sb2IBr2F11,
mp-556708,KUP3O11,
mp-679967,Nb3Se10Br3,
mp-601871,H12W3C4S2Cl9O2,
mp-721193,H2Ru4(CO)13,
mp-683966,GaP3(NCl3)3,
mp-647549,CSe(ClF)3,
mp-699453,RbAs2H5O8,
mp-698318,CuSi2H18C9O2,
mp-698317,NdH4C3O8,
mp-744997,CrP2H16N3O10,
mp-757796,Al2H10S3O17,
mp-648263,Os4C13S2O13,
mp-699914,Mn2PC11SO8F9,
mp-13500,Sm3Si2BO10,
mp-561062,NaSb3(PO5)2,
mp-745257,V2H15(NO4)3,
mp-1020014,Li3B11O18,
mp-773117,La3Si2BO10,
mp-27921,Ti2PCl13,
mp-24447,FeCoH18(NCl)6,
mp-778385,B3H3SeO9,
mp-725737,AlH18Ru(NF)6,
mp-706489,NaB2HO4,
mp-24359,CaAs(HO)7,
mp-762827,Li5Fe(SiO4)2,
mp-605078,Sn2H21C6ClO2,
mp-683684,MoSe2Cl4O,
mp-850499,Li4CrP2O9,
mp-561889,MgP(HO)7,
mp-764413,Na5V36O88,
mp-849780,La3H15I10O37,
mp-685413,LiNbO3,
mp-560085,Bi24Cl10O31,
mp-571003,NaC64,
mp-744264,CrH15S2O15,
mp-759393,CuH16C4(N5O)2,
mp-746688,K4MnH6(S2O9)2,
mp-647768,Co3C10O9,
mp-685242,Sr7Al12O25,
mp-720486,VCu13Sn(AsS8)2,
mp-651836,Bi4Cl2O5,
mp-684056,Ti4(PO5)3,
mp-706303,KCa2P4H9O17,
mp-743901,Ca2Mn7Si10H12O35,
mp-606213,Cs2UMoO7,
mp-778774,Li4MnH6(S2O9)2,
mp-723426,NaLiP2(H4O5)2,
mp-722977,Na2Si(H3O2)6,
mp-645942,Rb6U2W4O21,
mp-736581,Zn4P3H10C2NO13,
mp-735484,CrP2H17N4O9,
mp-554033,Na6Si8O19,
mp-578771,Er10W2O21,
mp-579214,Rb3Mo4(P2O11)2,
mp-579356,Zr(WO4)2,
mp-579400,Y10W2O21,
mp-581644,Y2Si2O7,
mp-581955,CsSi2SbO7,
mp-707294,ZnP2H15C5NO9,
mp-708066,Sb6H3CCl13O10,
mp-582983,Ce2Si2O7,
mp-555800,La2Si2O7,
mp-555958,Ba2Li3(PO3)7,
mp-699475,CaB12(H3O2)4,
mp-703836,K4ZnH6(S2O9)2,
mp-556390,Rb10Si6O17,
mp-662810,Na5Lu(SiO3)4,
mp-647192,C28Cl5,
mp-723419,Sb2S19F12,
mp-759330,Rb4Ge9(H3N)5,
mp-704210,Mo(PO4)2,
mp-707792,H2Ru3C8SO8,
mp-744527,CoP2H17N4O9,
mp-744691,K3Mn3H2C12O13,
mp-744610,Mn2PH9(C4O3)3,
mp-775353,Li5Mn(SiO3)4,
mp-680747,K4(BSe)9,
mp-581345,Nd2Ge2O7,
mp-1097016,H4C7,
mp-685416,K24Zr18Se91,
mp-555139,Zr2Cu3H32(O8F7)2,
mp-581956,Na10U8W5O44,
mp-686599,SrNd10Se12(Cl2O9)4,
mp-1080187,MnHgO3,
mp-707409,Ca8Bi12O25,
mp-554285,Na15S5Cl(O5F)4,
mp-849798,AgH36S8Br2(N3O4)3,
mp-758957,As2HPbF13,
mp-764827,Fe2CuAs2(HO5)2,
mp-745200,Fe2P2H4NO8,
mp-978526,Si(H3C)4,
mp-851127,Cu2(SO4)3,
mp-709069,Ti2P4H9C2NO16,
mp-680343,Ta21Te13,
mp-779835,LiCrB3(HO3)3,
mp-779193,Ni2(SO4)3,
mp-705070,K4MoC5N6O,
mp-705526,H16AuC6S2N4ClO4,
mp-559219,Zr(PO3)4,
mp-567256,P2H19C6I2NCl4,
mp-741045,Na4AlP2HO9,
mp-651106,FeSb2WC8Se2(O2F3)4,
mp-735513,CoH20S2N6ClO4,
mp-734394,KAlP2H4O9,
mp-683995,Re3C14NO16,
mp-557071,KBi6ClO9,
mp-554003,Sr4Li(BO3)3,
mp-568440,Ho2(Ni2B)5,
mp-557494,AgBTe4C2(O3F10)2,
mp-554443,Na6Se2O9,
mp-579296,Al2(MoO4)3,
mp-557909,Zr(PO3)4,
mp-557968,Ba2Ti2Si2O9F2,
mp-554761,BaH2C4S4N2(O3F4)3,
mp-555393,KBi6BrO9,
mp-580503,V2Cd6Se5O21,
mp-581217,Cs2Nb4O11,
mp-558501,KBi6IO9,
mp-758842,NbH14C4NO14,
mp-705435,Fe2(MoO4)3,
mp-777615,Sb2(SO4)3,
mp-777294,Bi2(SO4)3,
mp-683975,K6Yb3(PS4)5,
mp-583499,Bi6PtBr10,
mp-6575,Ba4Na(BO3)3,
mp-570417,Bi6PtCl10,
mp-560409,P3S3N6F5,
mp-556050,P4S(NF)6,
mp-560768,NaSr4(BO3)3,
mp-560974,BeAl6O10,
mp-694318,In2(WO4)3,
mp-705134,In2(MoO4)3,
mp-651122,Mn3Bi(CO)15,
mp-722774,Ba3As2H14S8O7,
mp-744840,ZrH8(NF3)2,
mp-605091,VSnH9(CO)3,
mp-532156,Hg7(Sb2Br3)2,
mp-707454,Li(H3N)4,
mp-704436,Mo3P5Pb3O23,
mp-704707,Cr2(MoO4)3,
mp-704851,Fe2(MoO4)3,
mp-29000,Na3B5S9,
mp-707929,LiBH2C4O9,
mp-779852,LiMnB3(HO3)3,
mp-849266,LiB3H3SeO9,
mp-27820,B7H10,
mp-531600,Na3B5Se9,
mp-571507,TaH20C6N3Cl4,
mp-555297,HoH16C2S2NO12,
mp-850414,LiB3P(HO3)3,
mp-764838,K2CoP4H10O17,
mp-600215,PH9C2NO3F,
mp-556641,Na2LiAlP2H2O9,
mp-699457,Na2ZnGe2(HO2)4,
mp-1019593,Ce(PO3)4,
mp-699145,La(Mo4O7)2,
mp-685031,Tb8Se15,
mp-639512,SiO2,
mp-30526,Mn4Al19,
mp-567285,Ho2(Ni5B2)3,
mp-558489,Ca6Hf19O44,
mp-581951,Zn53Ni16,
mp-648843,GeOs2C8(ClO2)4,
mp-16569,Al17(Re2Si)2,
mp-641101,K34(Zn4In17)5,
mp-743984,Li3Cr13Ni3(SO4)24,
mp-777963,Li3SbH18S4O9,
mp-775736,CoPH21N5O7,
mp-849799,CaP3H16(NO4)3,
mp-723036,FeH16C4S4(N4Cl)2,
mp-744226,CoP3H16N4O11,
mp-680303,Hg2N2O3,
mp-685797,Li6Ti9O20,
mp-735701,KFe3P8(H11O18)2,
mp-685427,Hg15(As2Cl3)4,
mp-863300,Na2VSi(W2O9)6,
mp-651051,Te2W3(CO)15,
mp-699261,CdH16C4S4(N4Cl)2,
mp-707910,H22C10O3,
mp-707856,CaP3H16(NO4)3,
mp-707412,H22C10O3,
mp-707366,NdH12C2N7O13,
mp-706490,Mo9O26,
mp-706304,H18RuC6S3N3ClO3,
mp-646669,P28Pb5I2,
mp-23961,Na3AsH18Se4O9,
mp-31403,Al39Fe7Cu24,
mp-30702,Sc29Fe6,
mp-559104,Pr4B10O21,
mp-561228,Rb4Te8O23,
mp-640818,Mo9O26,
mp-683919,C,
mp-684193,Sm11Br24,
mp-559420,Sb4PtC4(O2F11)2,
mp-557258,Tl4Cu4(P2O7)3,
mp-557661,Sb4PdC4(O2F11)2,
mp-579382,K4V3S5O23,
mp-581165,Cs2Xe(BrF7)4,
mp-559811,K6U2(Cu4S5)3,
mp-569962,Rb2Tb10C4Br19,
mp-570177,TeH20C6(NCl3)2,
mp-570348,SnH20C6(NCl3)2,
mp-560348,K6Nb4S25,
mp-24903,Na3CrP8O23,
mp-650978,Ru5C14(SO7)2,
mp-680432,Sr10Al6O19,
mp-680384,Sr10Ga6O19,
mp-722880,BaRe2H12C3N6O11,
mp-14389,Na3AlP8O23,
mp-14390,Na3GaP8O23,
mp-25116,Na3VP8O23,
mp-16140,Na3TiP8O23,
mp-744418,CoH16C4(NO)7,
mp-24440,Na3SbH18S4O9,
mp-29546,Sr13(MgSi10)2,
mp-30863,Sc57Rh13,
mp-1019894,La4B10O21,
mp-620609,Ba15(ZrSe3)14,
mp-582240,Sm13Cd58,
mp-571501,Pr13Zn58,
mp-568360,Ce13Zn58,
mp-581595,Pu13Zn58,
mp-604773,Mo8P9H56N12ClO56,
mp-581655,Pr13Cd58,
mp-560469,Ba6Nb14Si4O47,
mp-570929,SnH46C18(Br2N)2,
mp-581958,Nd13Cd58,
mp-581920,La13Cd58,
mp-582709,Y13Cd58,
mp-850007,Li7V16(PO4)24,
mp-677638,Na27Ca3Al5(P2O7)12,
mp-850503,NaCrH22N6(Cl2O)2,
mp-700033,Na6U5V2O23,
mp-686281,Na2TbO3,
mp-686129,Li5TiN3,
mp-851068,CoPO4,
mp-849790,SiH21C6N2OF5,
mp-744689,CoH18C6SO10,
mp-667448,SiO2,
mp-720965,Al2H18SO15,
mp-600096,SiO2,
mp-985670,SnH16C4(NO4)3,
mp-683953,SiO2,
mp-683952,SiO2,
mp-639741,SiO2,
mp-680202,Ag2SnO3,
mp-648912,Os5C15SO15,
mp-600057,SiO2,
mp-600072,SiO2,
mp-685555,HgAsS2,
mp-27798,B4H5,
mp-29369,Sb7F29,
mp-540083,LiMo(PO4)2,
mp-559314,Na5TiP2O9F,
mp-571470,Na2SnSe3,
mp-709432,NaH3C4S4(OF)12,
mp-680222,SiO2,
mp-559329,KCrF4,
mp-561301,SiO2,
mp-5440,AlPO4,
mp-557024,SiO2,
mp-568259,TaSi2PH18C6(NCl3)2,
mp-557237,K5In3(SiO3)7,
mp-559829,SiO2,
mp-559568,K2Se2O5,
mp-557362,AlPO4,
mp-557388,Bi2MoO6,
mp-559573,UAgIO6,
mp-569770,Si(H3C)2,
mp-557814,SiO2,
mp-579370,Bi7Mo2(AsO8)3,
mp-579378,KMo2(PO4)3,
mp-554682,SiO2,
mp-554756,PH6CNO3,
mp-561845,YbAu2F9,
mp-581114,Cs2YSi4O10F,
mp-581212,Cu2S,
mp-569901,Ge23Mo13,
mp-581453,Rb6U5V2O23,
mp-581813,Na3Fe2P2O8F3,
mp-558583,AsS6N5F6,
mp-559917,P2NCl5O,
mp-643086,MoP4C5S3O5,
mp-720300,H4CSN2Cl,
mp-683955,KTaPS6,
mp-680498,RbTaPS6,
mp-555563,PH6C2S2N(ClO2)2,
mp-556257,SiO2,
mp-555592,CsTaPS6,
mp-555921,PH9AuC3ClO3,
mp-570622,NaGa3Se5,
mp-565786,Sb2MoO6,
mp-560960,ReSF4,
mp-704755,Fe3PWC15BrO15,
mp-686208,Li5SiN3,
mp-735489,KCaCrH10C6O17,
mp-600071,SiO2,
mp-603254,PH9AuC3S3Cl,
mp-667363,AlPO4,
mp-558931,SiO2,
mp-600060,SiO2,
mp-600032,SiO2,
mp-560666,K4Nb2Se11O,
mp-531553,Li5GeN3,
mp-532289,Ta2CuO6,
mp-532120,Sb24(Cl7F17)5,
mp-1076176,La7Sm(Fe2O5)4,
mp-1076194,La3SmCr2(FeO5)2,
mp-1076192,Sr5Ca3TiMn7O20,
mp-1076179,La6Sm2V3Cr5O20,
mp-1076198,Sr2Ca6Fe3(CoO4)5,
mp-1076191,La3SmV3CrO10,
mp-1076409,Sr8MnFe7O20,
mp-667508,AgC3N3O2,
mp-743919,VH16C4(NO4)3,
mp-1020025,LiB3O5,
mp-1030245,Ca3ReN4,
mp-1030015,Mg3WN4,
mp-690951,ErZr11Si11PO48,
mp-14761,TmAu2F9,
mp-14802,LuAu2F9,
mp-24079,Mg2PHO5,
mp-1076273,Sr2Ca2Co3CuO10,
mp-1076455,La7SmMn3(FeO4)5,
mp-1076450,Sr3Ca5Mn4(FeO5)4,
mp-1076473,BaSr7MnFe7O20,
mp-1076428,Sr5Ca3Fe4(CoO5)4,
mp-1076509,K4Na4VMo7O20,
mp-1076496,SrCaMn2O5,
mp-1076479,Sr3Ca5FeCo7O20,
mp-1076488,Sr6Ca2Fe3(CoO4)5,
mp-1076483,La4Sm4Co7CuO20,
mp-1076493,BaSr7Ti5Mn3O20,
mp-1076505,Sr3CaTiMn3O10,
mp-1076540,K3Na5VMo7O20,
mp-1076470,Sr2Ca6Co7CuO20,
mp-1076492,La6Sm2Co7AgO20,
mp-1076502,Sr4Ca4Fe3(CoO4)5,
mp-1076516,Sr5Ca3Fe7CoO20,
mp-1076513,La7SmMn7CuO20,
mp-1076627,Sr2TiMnO5,
mp-1076482,Sr3Ca5Mn3(FeO4)5,
mp-1076630,KNa7V8O20,
mp-1076526,Ca7Mg(Co2O5)4,
mp-1076601,Sr5Ca3Mn6(FeO10)2,
mp-1076545,K2Na6V5Mo3O20,
mp-1076631,Sr7CaFe6(CoO10)2,
mp-1076614,Sr3Ca5Fe5Co3O20,
mp-1076656,La5Sm3Ni7AgO20,
mp-1076595,La7SmTi2V6O20,
mp-1076754,K4Na4Mo7WO20,
mp-1076695,Sr7CaTi8O20,
mp-1076678,Sr6Ca2Co5Cu3O20,
mp-1076810,LaSmNi2O5,
mp-1076664,La7SmTiV7O20,
mp-1076821,KNa7V7CrO20,
mp-1076755,K4Na4Nb3(WO4)5,
mp-1076768,K5Na3Nb8O20,
mp-1076765,La4Sm4Ni7AgO20,
mp-1076871,La7SmCo6(CuO10)2,
mp-1076797,La7SmMn6(FeO10)2,
mp-1076758,Sr7CaFe5Co3O20,
mp-1076874,La5Sm3Co7CuO20,
mp-1076880,La7SmCo5Cu3O20,
mp-1076766,La5Sm3VCr7O20,
mp-1076879,La5Sm3V2Cr6O20,
mp-1076866,La7SmCo6(AgO10)2,
mp-1076881,Ba3Sr5Co3(CuO4)5,
mp-1076885,La7SmTi3V5O20,
mp-1076884,Sr6Ca2Fe7CoO20,
mp-1076886,K5Na3Nb5W3O20,
mp-1076888,K3Na5V3(MoO4)5,
mp-1076889,La7SmV7CrO20,
mp-1076887,K5Na3TaNb7O20,
mp-1076891,K2Na2Mo3WO10,
mp-1076892,BaSr7Fe7CoO20,
mp-1076890,K4Na4Mo5W3O20,
mp-1076606,KNaMo2O5,
mp-1076893,Ba2Sr6Co5Cu3O20,
mp-1076894,K5Na3Nb7WO20,
mp-1076896,Ba4Sr4Co3(CuO4)5,
mp-1076897,Ca7MgMn8O20,
mp-1076759,LaSmCo2O5,
mp-1076895,K5Na3Ta2Nb6O20,
mp-1076898,BaSr3Co2(CuO5)2,
mp-1076724,La4Sm4Co7AgO20,
mp-1076683,Ba3Sr5Co4(CuO5)4,
mp-1076877,Sr2Ca6TiMn7O20,
mp-1076165,Sr8Fe7CoO20,
mp-1076199,Sr5Ca3MnFe7O20,
mp-1076141,Sr5Ca3Mn4(FeO5)4,
mp-1076147,Sr2Ca2Fe3CoO10,
mp-1076159,Sr7CaFe4(CoO5)4,
mp-1076177,Sr6Ca2Mn3(FeO4)5,
mp-1076134,Sr3Ca5Ti3Mn5O20,
mp-1076184,SrCa3Mn4O10,
mp-1076172,La7SmMn4(FeO5)4,
mp-1076092,Sr7CaMn2(Fe3O10)2,
mp-1076761,Sr3Ca(Fe2O5)2,
mp-1076163,Sr4Ca4Mn7FeO20,
mp-1076170,Sr3CaTi3MnO10,
mp-1076204,La7SmCr2(Fe3O10)2,
mp-1076182,Sr6Ca2Mn5Fe3O20,
mp-1076195,KNaMoWO5,
mp-1076190,Sr4Ca4Mn5Fe3O20,
mp-1076118,Sr6Ca2Co7CuO20,
mp-1076197,Sr2Ca2Mn3FeO10,
mp-1076183,Sr7CaTi3Mn5O20,
mp-1076186,Ba3Sr5Ti7MnO20,
mp-1076750,Sr3Ca5Mn7FeO20,
mp-1076175,Sr4Ca4Co7CuO20,
mp-1076875,Sr3CaTi2Mn2O10,
mp-1076418,La7SmMn2(Fe3O10)2,
mp-1076680,Sr2Ca2TiMn3O10,
mp-1076196,BaSr7Ti6Mn2O20,
mp-1076862,Sr2Ca6Mn5Fe3O20,
mp-1076205,K4Na4Mo3(WO4)5,
mp-1076459,La7SmCrFe7O20,
mp-1076189,Ba3Sr(Cu2O5)2,
mp-1077688,SrCa7TiMn7O20,
mp-1076776,SrCa3TiMn3O10,
mp-1077695,Sr3Ca5TiMn7O20,
mp-1076557,Sr5Ca3Ti5Mn3O20,
mp-1076208,K5Na3Nb4(WO5)4,
mp-1076206,K2Na2NbW3O10,
mp-1077704,K5Na3Ta3Nb5O20,
mp-1076203,La5Sm3Cr6(FeO10)2,
mp-1076193,BaSr7Ti7MnO20,
mp-1076769,Sr6Ca2Fe5Co3O20,
mp-1076296,Ba6Sr2CoCu7O20,
mp-1076202,Sr7CaTi5Mn3O20,
mp-1076444,Sr2Ca2MnFe3O10,
mp-686121,KSn2F5,
mp-1076675,SrCa3(Co2O5)2,
mp-1096895,Ca2Ti2O5,
mp-1097707,Cu2Se,
mp-1099742,Ba2Sr6Co3(CuO4)5,
mp-1099669,KNa7V7MoO20,
mp-1099877,SrCaTiMnO5,
mp-686295,KSn2F5,
mp-1100141,K5Na3Ta7NbO20,
mp-1099912,KNa7V6Cr2O20,
mp-1099704,La7SmMn7FeO20,
mp-1099902,La7SmMnFe7O20,
mp-555791,SiO2,
mp-1099653,Sr2Ca6FeCo7O20,
mp-1099810,Sr2Ca6Mn7FeO20,
mp-1099892,La6Sm2Cr3(FeO4)5,
mp-1099885,La3SmV2Cr2O10,
mp-1099972,K4Na4MoW7O20,
mp-1100068,BaSr7Co5Cu3O20,
mp-1076878,La7SmV8O20,
mp-1099798,Sr5Ca3Fe2(Co3O10)2,
mp-1099682,BaSr7Ti8O20,
mp-1099913,K5Na3Nb6(WO10)2,
mp-1100028,La5Sm3Cr8O20,
mp-1099722,K2Na2MoW3O10,
mp-1099889,Sr7CaTi7MnO20,
mp-1099799,Sr4Ca4TiMn7O20,
mp-1076637,K3Na5V2(Mo3O10)2,
mp-1099665,Sr2Ca2FeCo3O10,
mp-1100009,Sr4Ca4FeCo7O20,
mp-1099795,Ba7Sr(Cu2O5)4,
mp-1099692,Sr7CaMn4(FeO5)4,
mp-1076487,Sr7CaMnFe7O20,
mp-680210,Ba3WN4,
mp-1076090,BaSr7(Fe2O5)4,
mp-1099948,K4Na4NbW7O20,
mp-1099708,Sr3Ca5Fe4(CoO5)4,
mp-554946,SiO2,
mp-629082,Ba3MoN4,
mp-1076449,SrCa7Mn7FeO20,
mp-1077691,SrCa7Mn6(FeO10)2,
mp-1099862,BaSr7Fe6(CoO10)2,
mp-1076181,BaSr7Mn2(Fe3O10)2,
mp-1099672,Sr5Ca3Mn7FeO20,
mp-600051,SiO2,
mp-1099762,Sr5Ca3Ti3Mn5O20,
mp-1099865,La7SmMn8O20,
mp-1099816,Sr5Ca3FeCo7O20,
mp-1100047,La5Sm3Cr7FeO20,
mp-1099857,K5Na3Ta4Nb4O20,
mp-1099678,Sr3CaCo3CuO10,
mp-1099946,Sr7CaFe7CoO20,
mp-1100085,Ba3SrCoCu3O10,
mp-1099990,BaSr7Co4(CuO5)4,
mp-1099978,La6Sm2Cr5Fe3O20,
mp-1099907,Ca7MgFeCo7O20,
mp-558947,SiO2,
mp-1099931,La6Sm2V5Cr3O20,
mp-1099903,K5Na3Ta6Nb2O20,
mp-1099868,KNa3V2(MoO5)2,
mp-1099945,KNaW2O5,
mp-1099812,Ba2Sr2CoCu3O10,
mp-644923,SiO2,
mp-1099792,Ba3Sr5Ti8O20,
mp-1099952,Ca7MgCo7CuO20,
mp-766716,Mn2AsHO5,
mp-1099974,Sr6Ca2MnFe7O20,
mp-1099831,Ca7MgMn7FeO20,
mp-1099847,SrCa7FeCo7O20,
mp-1099661,Sr7CaMn3(FeO4)5,
mp-1099871,La7SmNi6(AgO10)2,
mp-1099694,SrCaCo2O5,
mp-1099861,La7SmMn5Fe3O20,
mp-1099745,SrCa7Fe2(Co3O10)2,
mp-32895,SiO2,
mp-1076207,Ca7MgTiMn7O20,
mp-1099956,KNa7V6(MoO10)2,
mp-559145,AlPO4,
mp-1100247,K5Na3Ta5Nb3O20,
mp-1076200,Sr2Ca2Fe3CoO10,
mp-1095698,Sr7CaTi5Mn3O20,
mp-1077697,Sr5Ca3Ti5Mn3O20,
mp-1100087,Sr7CaFe5Co3O20,
mp-1077693,K5Na3Nb4(WO5)4,
mp-615243,KCrF4,
mp-1100092,BaSr3Co2(CuO5)2,
mp-1100030,Sr6Ca2Fe7CoO20,
mp-1077701,Ca7MgTiMn7O20,
mp-1100022,BaSr7Fe7CoO20,
mp-1100246,BaSr7Ti5Mn3O20,
mp-1076539,K4Na4VMo7O20,
mp-1100233,K4Na4VMo7O20,
mp-851292,Li9Nb10Cr6(PO4)24,
mp-556938,Pr30Ti24Se58I8O25,
mp-531656,Ta32Cu17O96,
mp-705699,Sn(WO3)18,
mp-570806,Mg30Al24Ag19,
mp-764817,Li2Mg11(WO4)12,
mp-677416,Na5Mg5In3(SO4)12,
mp-600208,ZrH36C16(NO4)4,
mp-686487,Th2(Mo3S4)5,
mp-709352,Na2Sc2P4H12C4O13,
mp-743549,Fe3P8H26NO36,
mp-738654,UH16C4(NO3)4,
mp-735553,V3P2H12C3N2O15,
mp-653887,Co4Pb(CO)16,
mp-705664,K(WO3)9,
mp-683793,Fe4Te2MoC14(SO7)2,
mp-706594,U2H14S2O19,
mp-685251,Nd2(Mo3Se4)5,
mp-744027,Na3CrH10C6O17,
mp-29313,Ta4P4S29,
mp-559162,SiB11H10C4F11,
mp-723109,BeH14(I2O9)2,
mp-557587,Nd4Ti9O24,
mp-581203,Mn2P2C12S(O2F3)4,
mp-581265,NiAs2S6N4(OF2)8,
mp-581475,CrP3H17N3O13,
mp-581642,ZrMn2Ag4(MoO4)6,
mp-560383,La4Ti9O24,
mp-652092,Fe4Pb(CO)16,
mp-649805,Fe4Ge(CO)16,
mp-740758,H2Os4Pt(CO)15,
mp-603423,CoH21C2N6Cl2O5,
mp-706411,Fe4Sn(CO)16,
mp-649177,ReTe5O6F25,
mp-667397,PRu4C15O14F3,
mp-653596,Fe4Si(CO)16,
mp-698350,Na3AlH10C6O17,
mp-556567,BaH16C4S4(NO5)2,
mp-647209,Ga4P4O17,
mp-647283,Ho2B4O9,
mp-647281,Sm2B4O9,
mp-978251,CsMg149,
mp-646182,Mg5V2(MoO8)2,
mp-866755,LiMg149,
mp-686607,K15Nd7Zr9(PO4)24,
mp-704145,Li2Mn2(SO4)3,
mp-850938,Li2V2(SO4)3,
mp-686708,Rb2YbTi(PO4)3,
mp-849800,H7SIO10,
mp-699937,K2Mn2Be3F12,
mp-764857,Li2Ni2(SO4)3,
mp-699557,CsKMo4(P3O13)2,
mp-767434,Li2Co2(SO4)3,
mp-686253,K2YbTi(PO4)3,
mp-777931,Li2Sn2(SO4)3,
mp-697317,Rb2YTi(PO4)3,
mp-851105,Li2Cu2(SO4)3,
mp-667288,K2P4PbO12,
mp-654447,Ni(XeF8)2,
mp-651434,K2Mn2(MoO4)3,
mp-683990,Na3Mg(BO2)5,
mp-648007,Tl2Mo4O13,
mp-647867,La4Mo7O27,
mp-745099,KBaCr2(PO4)3,
mp-683946,MgIr,
mp-680712,Np3Se3O13,
mp-706662,AlB3H14N,
mp-637680,K2Mo4O13,
mp-685315,CaAs3F15,
mp-706302,Al2P2H4O11,
mp-705284,W5O14,
mp-653758,Ru2S4Cl13,
mp-605056,Si2H25C10N,
mp-601200,PH15C18INCl2,
mp-758925,Na6Zn3As4H6O19,
mp-532617,Rb16Yb3Ti13(PO4)24,
mp-532704,K2YHf(PO4)3,
mp-720736,BaB2(HO)8,
mp-706337,K2TiCr(PO4)3,
mp-686635,Rb16Er7Ti9(PO4)24,
mp-645095,UAg3(AsO4)3,
mp-695157,KBaIn2(PO4)3,
mp-686482,K2YTi(PO4)3,
mp-686466,Pr16Si16N27Cl3O14,
mp-705159,K2Co2(MoO4)3,
mp-667386,Na3Sr4Al5F26,
mp-605018,NaAgH16C4S4(NO5)2,
mp-605006,LiH8C2S2NO5,
mp-604583,RbH5C7SO5,
mp-704101,Mn4C15S4O15,
mp-604459,Li2B4H4O9,
mp-1314,Li12Si7,36.08877245
mp-13875,Al8(Pb3O7)3,
mp-14216,Ga8(Pb3O7)3,
mp-667400,Ir3(CO)8,
mp-647725,Os5C17O16,
mp-600198,TeH21C7(NCl2)3,
mp-1020160,Na3Zn(BO2)5,
mp-704325,Gd4Mo7O27,
mp-704608,Mo2C3S2(Cl5O)2,
mp-28180,Sb4F15,
mp-24507,Na6Zn3P4H6O19,
mp-24640,ErH3(SO4)3,
mp-28709,C15S4,
mp-24656,YH3(SO4)3,
mp-706249,Rb(WO3)4,
mp-684923,Cu25Se26,
mp-686174,Ti24Ga5S48,
mp-684127,K3(Na13In24)2,
mp-705830,Rb5(WO3)18,
mp-680380,Ca2Ta2O7,
mp-23660,KNa22C2S9ClO42,
mp-667372,Ba8Zr3(SbO6)4,
mp-699908,Mn3(PO4)2,
mp-667498,Ba8CaY2U4O24,
mp-653840,KCu7TeS5ClO24,
mp-764887,Co3(PO4)2,
mp-764875,Fe3(PO4)2,
mp-764814,Ni3(PO4)2,
mp-735625,CoH22S2N5O9,
mp-709068,H21OsC9NO7,
mp-683967,Cd7Te7Cl8O17,
mp-680184,TaSe2,
mp-684055,Tl7Bi3I16,
mp-600165,FeH24C8(NCl2)2,
mp-29281,Th2P11,
mp-651882,Yb(PO3)3,
mp-683972,Cs5Ag4C8IN8,
mp-763815,Co2H21I7(N2O)3,
mp-647169,C10F3,
mp-707849,H2Os5(CO)16,
mp-684037,K29NaHg48,
mp-1020947,Y(PO3)3,
mp-680761,Cd3(PO4)2,
mp-605665,H24RuC8(S2Cl)2,
mp-605659,HgH24C8(I2N)2,
mp-745100,CoH19S3N5O11,
mp-646967,Ca3Mg3(PO4)4,
mp-605684,Mg3H13C9NO13,
mp-695436,H24C8S(NO2)2,
mp-765147,Cr2H21I7(N2O)3,
mp-744774,CoH16RuN10ClO10,
mp-640333,K49Tl108,
mp-683950,Ca10Pr4Cu24O41,
mp-697332,La7Ti27Al5(CuO4)24,
mp-849797,B6H10C2SBr,
mp-647152,CsEr13(CoI12)2,
mp-849805,B12H21C4S2I,
mp-779818,Mn2O3,
mp-652068,KS2N(O2F)2,
mp-683925,CsSb3F16,
mp-683867,Tb(BO2)3,
mp-680724,Lu(BO2)3,
mp-680718,Er(BO2)3,
mp-680717,Tm(BO2)3,
mp-680713,Ho(BO2)3,
mp-707784,AlH18(NO6)3,
mp-645338,Sm(BO2)3,
mp-641710,Cu5Si(SbO6)2,
mp-706937,B9H11,
mp-761534,Li4FeP2O9,
mp-667326,K5InO4,
mp-685174,In2Br3,
mp-853173,K2Mn3H10S4O21,
mp-600190,LaH24C3N3(Cl2O)3,
mp-686499,Ba32Sb7Pb25O96,
mp-601777,K2VH4C4O9,
mp-735783,BaNaFe4P6H3O25,
mp-722342,NaCa2B9(H2O5)4,
mp-667424,P2Os4C15O13F6,
mp-27650,RbB10H9,
mp-27876,B2H3,
mp-680345,Tl2Br3,
mp-667324,In2Cl3,
mp-746670,CoH22C3(N3O4)2,
mp-684024,Li2SiN2,
mp-651347,K3Mo3Se14,
mp-651161,TeAs(SeF3)2,
mp-710509,VH21C7N4Cl7,
mp-638022,Sb4Pb5S11,
mp-640274,La3Sn13Rh4,
mp-722900,CaH3NO5,
mp-707833,HRu6C16NO16,
mp-705773,Fe2O3,
mp-680413,Rb3As7,
mp-680329,K3As7,
mp-680294,Tl2Cl3,
mp-686372,Na17Pd15F48,
mp-706367,KCaP3H4O11,
mp-684747,Bi2O3,
mp-3261,Dy(BO2)3,
mp-667320,SeCl4,
mp-530986,MgSiO3,
mp-699496,K2Cd3H10S4O21,
mp-736386,VH24C4N4Cl7,
mp-680756,Na4TiP2O9,
mp-680395,Li3As7,
mp-645340,Nd(BO2)3,
mp-601924,BiH24C6(I2N)3,
mp-648289,Os3C8SO8,
mp-600242,InH24C6(Br2N)3,
mp-604909,Ca4Si2H2CO11,
mp-744439,MoH4O5,
mp-532220,Dy(CrS2)3,
mp-1019609,Cs2Sr2Li3B3(PO4)6,
mp-667366,PRu5C16(O5F)3,
mp-667292,K2MgSi5O12,
mp-744843,Mo2AsH18C6NO12,
mp-653602,Os3C8SO8,
mp-1020060,LiB(S2O7)2,
mp-1019774,K2CeAl(SiO3)4,
mp-1019610,Cs2MgSi5O12,
mp-1029851,Na2GeN2,
mp-28578,CsI3F16,
mp-28634,KI3F16,
mp-15125,Rb2CdSi5O12,
mp-1080284,Rb2MgSi5O12,
mp-1020860,Rb2MgSi5O12,
mp-600156,H22RhC3(N3O4)2,
mp-709723,Al2P3H17C4(NO6)2,
mp-686434,Ca5Mg5P5O21F4,
mp-744482,MoH4O5,
mp-720312,Na2B5H3O10,
mp-680580,Zn3As2,
mp-29654,B9H11,
mp-640715,Rb3Yb2(PO4)3,
mp-651768,CsXe3O3F13,
mp-698362,H22IrC3(N3O4)2,
mp-653631,BaNa4Cu3F12,
mp-693682,Na25Zr11Sc5Si12(PO8)12,
mp-721330,Rb14Na3Al17Si31O96,
mp-707302,Rb10Al24Cd7(SiO4)24,
mp-697313,Al24Tl10Cd7(SiO4)24,
mp-652550,Er5Si3C,
mp-617430,Sr15Fe10(Bi5O23)2,
mp-641754,Ca3SiO5,
mp-662600,La20Ti11(S22O3)2,
mp-651710,Ce20Ti11(S22O3)2,
mp-532105,SiO2,
mp-530546,SiO2,
mp-686427,PuSi6H54(C6N)3,
mp-650968,Nd5(FeB)18,
mp-744395,NiH18C4S6(N2O)4,
mp-743612,NiB6(H8O9)2,
mp-667389,Os6C17SO17,
mvc-13206,Al5Cu3Si6(O7F2)3,
mp-699393,YbSi6H54(C6N)3,
mp-645405,Rb6LiPr11Se12(Cl4O9)4,
mp-707782,K6Zr3H8(OF)12,
mp-685503,K(Zr3I7)4,
mp-706601,ZnH16C4S4(N5O3)2,
mp-706455,As4S11(N6Cl7)2,
mp-667353,Rb3Ce2(NO3)9,
mp-607785,Rb6LiNd11Se12(Cl4O9)4,
mp-604395,NiH18C4S6(N2O)4,
mp-720721,SiH18C4N8(O2F3)2,
mp-761853,Na3PH22(SO4)3,
mp-680314,Rb14Si6Ge4O17,
mp-686175,Si(Bi3O5)5,
mp-680306,Rb14Si10O17,
mp-685353,Bi15PO25,
mp-685318,Bi15AsO25,
mp-720287,Na3AsH22S2O13,
mp-744919,Mn3Mo2H34C22N16O5,
mp-722502,Li3P11(H3N)17,
mp-667380,Rb3Nd2(NO3)9,
mp-649608,K3Pr2(NO3)9,
mp-850293,Al2H16S3O20,
mp-707938,MgH18C4SN8O9,
mp-649470,K3Nd2(NO3)9,
mp-679958,Na3Nd2(NO3)9,
mp-679928,Rb3Pr2(NO3)9,
mp-667318,K3Ce2(NO3)9,
mp-680063,K3La2(NO3)9,
mp-744693,MnH30C8(N13O9)2,
mp-1019569,Ca10Ge16(B2O17)3,
mp-640740,Na12B26O45,
mp-707720,MgH40C10Br2(N2O)10,
mp-657344,Na12B26O45,
mp-680434,Na26Cd141,
mp-758918,LiCuPO4,
mp-758542,LiCuPO4,
mp-23274,Ta2Cl5,
mp-766670,LiNiPO4,
mp-761829,LiCoPO4,
mp-766623,LiCoSiO4,
mp-761699,LiMnPO4,
mp-761593,LiFePO4,
mp-761581,LiFePO4,
mp-699658,Na4VS3O13,
mp-850027,CuH12N2(OF2)2,
mp-759776,LiCuPO4,
mp-851065,LiNiPO4,
mp-851062,LiFeSiO4,
mp-851063,LiMnPO4,
mp-698518,HgTe3H12C4N,
mp-651024,KAlGeO4,
mp-683773,NaCoPO4,
mp-680226,Ba(GaO2)2,
mp-762243,LiNiPO4,
mp-762014,LiCoPO4,
mp-761951,LiCoPO4,
mp-650814,GaRe2(CO)9,
mp-648774,Zr2Cl5,
mp-707908,K3P3H4O11,
mp-645945,Na12SnGe8,
mp-645302,Al14Co5Si2,
mp-680394,Ca3AlCd17,
mp-643670,Mn2In(CO)9,
mp-707413,CuH12N2(OF2)2,
mp-680706,Y13Sn31Pd40,
mp-654372,K2CoCl4,
mp-680374,KAlSiO4,
mp-653633,K2ZnCl4,
mp-679997,CsAg2(B5O8)3,
mp-651406,MnInFe(CO)9,
mp-604118,K2FePH5(CO5)2,
mp-600055,SiO2,
mp-535004,Zn2P3H19C4(NO6)2,
mp-680446,Cu3P4Se4Br3,
mp-653763,SiO2,
mp-639558,SiO2,
mp-650984,Ru6C17S2O17,
mp-711343,H2RuC8S3N(ClO)3,
mp-648264,Os6C17S2O17,
mp-706715,Na5P5(H9O7)2,
mp-605088,GaH19C8,
mp-645364,Sr(PN2)2,
mp-707368,KP2H8SN7O2,
mp-867049,Ti13Si31Ni40,
mp-707973,CuH22C8N10O,
mp-680183,Te5As2Br4O5F26,
mp-667374,NaAlSiO4,
mp-683974,Pr2(SeO3)3,
mp-679950,Ag8Ge3O10,
mp-679948,Os3C8(SO4)2,
mp-600067,SiO2,
mp-653973,KZnPO4,
mp-729560,Sr20P12Br(O16F)3,
mp-14536,KNa2Zn3(PO4)3,
mp-648193,CSN2OF2,
mp-1020144,Na2Be4B4O11,
mp-1096979,NaVZnO4,
mp-600257,GaH12C4NCl3,
mp-667376,SiO2,
mp-680077,Ta2Br5,
mp-667377,SiO2,
mp-645044,MnHg2C6(SN)6,
mp-696200,CuH20C2S3(NO)8,
mp-667371,SiO2,
mp-667373,SiO2,
mp-650695,Os2Pt(CO)9,
mp-686109,Cu23(Sb4S13)2,
mp-686128,Bi15Ru16O55,
mp-684065,Ti5(B6O13)2,
mp-680466,InBi37Br48,
mp-684034,Ba21(Cd2Sb9)2,
mp-707888,RbAs7H24C8N3,
mp-738597,H24RuC7S3NCl3O4,
mp-745080,Mo12PH24C6N3O40,
mp-600535,Mo12PH24C6N3O40,
mp-744841,SiMo12H24C6N3O40,
mp-604998,CdSi3PH27C9Br2,
mp-704408,K8V2(S2O9)3,
mp-704853,CrFe4P2(CO)18,
mp-685698,Re8Pb8O27,
mp-662803,K2Ba(Ge4O9)2,
mp-685514,K7(Mo9S11)4,
mp-667344,Rb3Nb5P2O19,
mp-685341,Bi16Ru16O55,
mp-745098,CoMo8H36C8(NO16)2,
mp-738639,Ba14Ir8(PdO11)3,
mp-667379,Ba7Al64O103,
mp-720810,K5H3S4N2O15,
mp-680547,Ba14Ir8(PdO11)3,
mp-695172,CsMg12Al25Si29O108,
mp-758806,B5PH4Cl,
mp-699602,Li3Mo2P3O14,
mp-652856,Tl2Zn(CN)4,
mp-667426,Bi2Te2O7,
mp-653182,K4US3O14,
mp-680298,Rb3Ta5O14,
mp-680235,CsSbTe6(OF5)6,
mp-640836,Ca2Ta2O7,
mp-868019,Mg(B2O5)3,
mp-744098,VH20C2S2N6O13,
mp-649747,K2SbF5,
mp-662643,P2CN3Cl5,
mp-709886,CuH5Pb4SO11,
mp-730446,AlH10SO9F,
mp-647305,SiAg5ClO4,
mp-707478,H6Os5Pt(CO)16,
mp-706605,K4ZrH10C8O21,
mp-863290,Rb5Fe3(SO5)6,
mp-707391,Na3AsH24SeO15,
mp-642313,K3Y3(BO3)4,
mp-684018,SrB8O13,
mp-601774,H14C4NF3,
mp-600217,H10C5SeS2BrN3,
mp-605808,AgH8C4S3(OF)3,
mp-600205,H10C5SeS2N3Cl,
mp-644802,C17F5,
mp-27578,As(S2F3)2,
mp-24355,KBe(H2N)3,
mp-744397,Co2H21S3(NO2)6,
mp-738633,AgB10H26C6N,
mp-704100,K5NaFe2(CO2)12,
mp-531184,Zr6NCl15,
mp-28052,B9H11C2,
mp-686087,Li3(Nb2Cl5)8,
mp-705959,V8Sn16H85(C8O9)4,
mp-685447,Pr5(Mo3Se4)12,
mp-685296,Sm5(Mo3Se4)12,
mp-645279,C68OF20,
mp-738637,Na3Bi2H42C18I9(N2O3)3,
mp-782100,As4H24C8S7N2,
mp-600109,SiO2,
mp-738680,ZrH27C8N2Cl5O2,
mp-686417,Zr25Sc6O59,
mp-600083,SiO2,
mp-684010,K8Ti5P2(O4F11)2,
mp-662605,Na2Si4O9,
mp-704268,Mn3(AgO2)4,
mp-704255,Mn2Fe3Sn2(CO)19,
mp-24830,SiP3H29C10BrN,
mp-1080241,Li2Ge(S2O7)3,
mp-699932,Ba3Li2Mo4P6(ClO14)2,
mp-705569,NiB18(H11C2)2,
mp-601344,LiZr3H18N4F19,
mp-648157,Os6C19O20,
mp-700146,Nd5(Mo16O27)2,
mp-700127,Pr5(Mo16O27)2,
mp-649331,Sm11(CoB)40,
mp-654080,La5(Mo16O27)2,
mp-706342,Na2Ca17V2(PO4)14,
mp-738718,Na5P3H48C4N(O9F)3,
mp-850505,NiP(H4O3)3,
mp-849748,NaMgP3(H4O5)2,
mp-743529,NaCoP3(H4O5)2,
mp-849764,H28Pt2Br5N9O2,
mp-653781,BaNb8O14,
mp-720296,Na3B5H4O11,
mp-709143,ZrH11C4NOF5,
mp-745144,VH24C8S2N2O9,
mp-680711,Ca4Te5O14,
mp-705014,Ni2P4C11S2(OF8)3,
mp-680193,Ca4Al6O13,
mp-619577,K2V2P4O15,
mp-602511,Cr3H8(NO5)2,
mp-29292,B10H13,
mp-650280,Cs2As8S13,
mp-686484,LiCa9Mg(PO4)7,
mp-776402,B10H13,
mp-646122,C20Cl3,
mp-600172,CuH12C5S4N,
mp-604970,GaSi4H30C10Cl,
mp-867030,Ca4Sn5S14,
mp-24733,NaZnP3(H4O5)2,
mp-706664,B10H13,
mp-698375,CuH12C5S4N,
mp-650858,Co6Ge2(CO)19,
mp-650601,K4Nb2Si8O23,
mp-680136,Cd13(In13Se27)2,
mp-680143,Ge3Pb11O17,
mp-782105,Na3SbH30S3N10,
mp-733898,Mg3B11(H3O8)3,
mp-868129,V2Sn4H24C8O9,
mp-720532,HOs7C20O19,
mp-720469,H6Os5Pt2(CO)17,
mp-707501,CdH24C4(BrN2)6,
mp-680291,Ba15Fe7S25,
mp-680053,Bi24Ru3Br20,
mp-744862,Cr3H24C8(NO5)2,
mp-704360,K6Na2V2S7O30,
mp-680169,Na21S7Cl(O14F3)2,
mp-695298,K22Nb13In11(PO5)24,
mp-1024087,Zr63S128,
mp-1096929,Zr64S127,
mp-704102,MoSO6,
mp-850477,CsCrH24(SO10)2,
mp-653248,Cr3B7ClO13,
mp-744823,CsMnH24(SO10)2,
mp-744776,MoH12N3O3F5,
mp-743530,KCrH24(SO10)2,
mp-680383,V17Ge31,
mp-680356,ZrN6O17,
mp-667742,SbSe5F6,
mp-850504,CsCoH24(SO10)2,
mp-600111,SiO2,
mp-600084,SiO2,
mp-651750,InRe2C10BrO10,
mp-600098,SiO2,
mp-600080,SiO2,
mp-600054,SiO2,
mp-31003,B10H13I,
mp-746702,CsFeH24(SO10)2,
mp-667356,PRuC4(OF)3,
mp-707854,CsH24Ru(SO10)2,
mp-740722,Na3GeH11O9,
mp-650674,TeAs(Se2F3)2,
mp-683981,Rb8U9O31,
mp-683970,SiO2,
mp-707209,CsH24Rh(SO10)2,
mp-647265,V2Bi7O15,
mp-683883,AlPO4,
mp-605642,KB3(HO3)2,
mp-707571,Na3SiH11O9,
mp-707055,Na2GeH12S2O7,
mp-680178,In5Br7,
mp-680326,PC2S2N3,
mp-699488,CsTiH24(SO10)2,
mp-605752,Hg2H12C4I5N,
mp-720461,P3H22C3N9O11,
mp-745199,H12WN3O3F5,
mp-744801,RbVH24(SO10)2,
mp-600191,B5H15C3N,
mp-651806,InRe2C10ClO10,
mp-746676,CsMnH24(SO10)2,
mp-600085,SiO2,
mp-720464,CsAlH24(SO10)2,
mp-744223,CsVH24(SO10)2,
mp-705194,Mn2SnC10BrO10,
mp-24523,CsAlH24(SeO10)2,
mp-745125,CsFeH24(SeO10)2,
mp-646059,C13Cl3,
mp-24046,NaAlH24(SO10)2,
mp-699489,CsTiH24(SO10)2,
mp-738629,CsGaH24(SO10)2,
mp-744721,CrCo3H24C6(N10O11)3,
mp-686044,Bi12Rh12O41,
mp-685339,Bi12Ir12O41,
mp-723248,Re5H4(CO)20,
mp-600515,Mo2H26C8N2O5F6,
mp-650996,Ru7C20(SO10)2,
mp-649605,W25O73,
mp-686230,Li20Nb19O60,
mp-706332,Co(Bi5O8)5,
mp-685869,Zn(Bi19O30)2,
mp-744775,NaFeP3H7O13,
mp-851073,NaCaFe3(PO4)4,
mp-849776,InH10C3O11,
mp-667369,Ca2Zr5Ti2O16,
mp-721035,CuH12(NO)6,
mp-720895,ReH22C4S4N8Cl8O3,
mp-707477,AsH12C4I3,
mp-743970,CoH10C4(N2O3)2,
mp-722571,ReH(CO)4,
mp-645316,C7F3,
mp-652793,Fe2Co4Ge2(CO)21,
mp-707467,ThH20C4S2N8O15,
mp-605048,H13(C5N)2,
mp-698366,ZnH10C4(N2O3)2,
mp-698365,MgH10C4(N2O3)2,
mp-601211,SbH12C5N3Cl4,
mp-704327,Mn7(PbO5)3,
mp-704417,Rb7U8V2ClO32,
mp-745210,Sr20Fe9Co(MoO6)10,
mp-723059,Li3Nd2H6(N3O10)3,
mp-686442,Ba20Y10Cu(Ru3O20)3,
mp-722330,Li3La2H6(N3O10)3,
mp-14673,Sb9S4F39,
mp-15380,Sb9Se4F39,
mp-16464,CsIn(PO3)4,
mp-15250,NaCd(PO3)3,
mp-3974,Ba5B4O11,
mp-6407,Sb2Te(SeF5)2,
mp-23857,CoCuH18N6Cl5,
mp-24013,CrCuH18N6Cl5,
mp-24198,CrHgH18N6Cl5,
mp-24429,CrCuH18Br5N6,
mp-24430,CdCoH18N6Cl5,
mp-6902,KC2S2N(O2F3)2,
mp-12147,Ca3Al2O6,
mp-4446,Sr3(GaO3)2,
mp-3393,Sr3Al2O6,
mp-24696,MgSb2(H4O3)6,
mp-23984,GaH18C3(N3F2)3,
mp-24554,AlH18C3(N3F2)3,
